35223.0 258905.0 64.0 1901966.0 631093.0 359.0 1438.0 0.0 0.0 13957063.0 6950121.5 1149374.0 10613.0 10701.0 5247.0 2156.0 10588.0 0.0 1.0 0.0 1.0 24.0 0.0 0.0 0.0 0.0 0.0 0.0 0.0 0.0
34927.0 255662.0 56.0 1869481.0 623275.0 398.0 1283.0 0.0 0.0 13647797.0 6828568.0 1138929.0 9912.0 9594.0 4900.0 2022.0 11419.0 0.0 3.0 0.0 1.0 18.0 0.0 0.0 0.0 0.0 0.0 0.0 0.0 0.0
34967.0 256552.0 65.0 1882504.0 626561.0 351.0 1441.0 0.0 0.0 13798744.0 6894799.5 1143167.0 10573.0 10701.0 5330.0 2106.0 10335.0 0.0 2.0 0.0 2.0 24.0 0.0 0.0 0.0 0.0 0.0 0.0 0.0 0.0
35012.0 258223.0 66.0 1903187.0 637004.0 382.0 1427.0 0.0 0.0 14015135.0 7038376.5 1182312.0 10281.0 10611.0 5175.0 2166.0 11347.0 0.0 0.0 0.0 1.0 18.0 0.0 0.0 0.0 0.0 0.0 0.0 0.0 0.0
35021.0 256701.0 69.0 1878882.0 626033.0 335.0 1518.0 0.0 0.0 13743441.0 6860245.5 1142749.0 11097.0 11097.0 5484.0 2100.0 9679.0 0.0 4.0 0.0 1.0 16.0 0.0 0.0 0.0 0.0 0.0 0.0 0.0 0.0
34976.0 257050.0 57.0 1885447.0 630937.0 356.0 1325.0 0.0 0.0 13819247.0 6930466.5 1163809.0 10397.0 9658.0 5168.0 2157.0 10330.0 0.0 3.0 0.0 1.0 4.0 0.0 0.0 0.0 0.0 0.0 0.0 0.0 0.0
35111.0 258311.0 63.0 1900308.0 632719.0 337.0 1374.0 0.0 0.0 13970998.0 6983342.5 1162660.0 9816.0 10012.0 4929.0 2211.0 10054.0 0.0 4.0 0.0 0.0 16.0 0.0 0.0 0.0 0.0 0.0 0.0 0.0 0.0
35222.0 260257.0 74.0 1923061.0 640637.0 383.0 1677.0 0.0 0.0 14191574.0 7101062.0 1182296.0 12684.0 12426.0 6255.0 2281.0 11380.0 0.0 0.0 0.0 0.0 16.0 0.0 0.0 0.0 0.0 0.0 0.0 0.0 0.0
34702.0 252631.0 57.0 1836518.0 613064.0 345.0 1174.0 0.0 0.0 13341249.0 6673803.0 1115240.0 8125.0 8577.0 4137.0 1996.0 10031.0 0.0 0.0 0.0 0.0 14.0 0.0 0.0 0.0 0.0 0.0 0.0 0.0 0.0
35139.0 259098.0 55.0 1908245.0 636815.0 332.0 1233.0 0.0 0.0 14040802.0 7026788.0 1173032.0 9135.0 8959.0 4831.0 2087.0 9849.0 0.0 1.0 0.0 0.0 16.0 0.0 0.0 0.0 0.0 0.0 0.0 0.0 0.0
35027.0 256839.0 59.0 1880835.0 626541.0 349.0 1352.0 2.0 0.0 13763607.0 6873669.0 1144372.0 10268.0 9914.0 5214.0 2055.0 10136.0 35.0 1.0 37.0 1.0 24.0 0.0 0.0 0.0 0.0 0.0 0.0 0.0 0.0
34933.0 255887.0 55.0 1872214.0 624490.0 326.0 1174.0 1.0 0.0 13684785.0 6843162.0 1142871.0 8292.0 8545.0 4208.0 2160.0 9477.0 6.0 0.0 11.0 1.0 12.0 0.0 0.0 0.0 0.0 0.0 0.0 0.0 0.0
34930.0 255499.0 64.0 1867815.0 622860.0 364.0 1381.0 0.0 0.0 13641737.0 6826804.5 1140209.0 10086.0 10231.0 4938.0 2060.0 10705.0 0.0 0.0 0.0 2.0 14.0 0.0 0.0 0.0 0.0 0.0 0.0 0.0 0.0
34967.0 256021.0 69.0 1870001.0 623600.0 354.0 1514.0 1.0 0.0 13644334.0 6817328.0 1135346.0 11088.0 11088.0 5467.0 2060.0 10293.0 15.0 0.0 11.0 1.0 18.0 0.0 0.0 0.0 0.0 0.0 0.0 0.0 0.0
34909.0 254962.0 74.0 1857440.0 618769.0 377.0 1661.0 0.0 0.0 13516089.0 6747156.0 1122512.0 12400.0 12049.0 6168.0 2043.0 10854.0 0.0 2.0 0.0 3.0 22.0 0.0 0.0 0.0 0.0 0.0 0.0 0.0 0.0
34465.0 249611.0 49.0 1807399.0 603461.0 331.0 1082.0 0.0 0.0 13073667.0 6552118.5 1095871.0 7922.0 7935.0 3965.0 1974.0 9567.0 0.0 1.0 0.0 1.0 4.0 0.0 0.0 0.0 0.0 0.0 0.0 0.0 0.0
35318.0 260870.0 57.0 1920778.0 639153.0 364.0 1195.0 1.0 0.0 14134427.0 7036651.0 1168240.0 8267.0 8722.0 4186.0 2152.0 10577.0 7.0 2.0 19.0 0.0 14.0 0.0 0.0 0.0 0.0 0.0 0.0 0.0 0.0
35120.0 258404.0 64.0 1898751.0 632575.0 336.0 1400.0 1.0 0.0 13937360.0 6964768.0 1158688.0 10217.0 10243.0 5062.0 2124.0 9864.0 14.0 3.0 14.0 2.0 14.0 0.0 0.0 0.0 0.0 0.0 0.0 0.0 0.0
35300.0 260279.0 63.0 1914255.0 636575.0 348.0 1429.0 0.0 0.0 14066125.0 7001631.0 1161976.0 10791.0 10468.0 5346.0 2208.0 10184.0 0.0 5.0 0.0 2.0 14.0 0.0 0.0 0.0 0.0 0.0 0.0 0.0 0.0
35183.0 259065.0 75.0 1905497.0 634280.0 350.0 1636.0 0.0 0.0 13997293.0 6991040.5 1159808.0 12021.0 11850.0 6095.0 2177.0 10201.0 0.0 4.0 0.0 0.0 20.0 0.0 0.0 0.0 0.0 0.0 0.0 0.0 0.0
35080.0 258241.0 70.0 1898876.0 633445.0 335.0 1512.0 0.0 0.0 13950962.0 6974489.0 1163579.0 10801.0 11137.0 5349.0 2130.0 9742.0 0.0 4.0 0.0 2.0 28.0 0.0 0.0 0.0 0.0 0.0 0.0 0.0 0.0
35133.0 259160.0 46.0 1911944.0 637249.0 352.0 1007.0 0.0 0.0 14091899.0 7050955.5 1176194.0 7216.0 7227.0 3697.0 2173.0 10445.0 0.0 2.0 0.0 1.0 10.0 0.0 0.0 0.0 0.0 0.0 0.0 0.0 0.0
35329.0 261834.0 73.0 1936339.0 647316.0 393.0 1656.0 0.0 0.0 14307488.0 7167142.5 1203416.0 12501.0 12217.0 6224.0 2215.0 11659.0 0.0 2.0 0.0 0.0 22.0 0.0 0.0 0.0 0.0 0.0 0.0 0.0 0.0
35362.0 262078.0 60.0 1940603.0 647045.0 403.0 1370.0 2.0 0.0 14365054.0 7178208.5 1198287.0 10466.0 10170.0 5087.0 2204.0 11798.0 23.0 4.0 26.0 0.0 22.0 0.0 0.0 0.0 0.0 0.0 0.0 0.0 0.0
34895.0 255203.0 87.0 1863977.0 622086.0 371.0 1863.0 1.0 0.0 13602579.0 6805888.5 1138410.0 13402.0 13535.0 6728.0 2135.0 10897.0 20.0 10.0 12.0 2.0 20.0 0.0 0.0 0.0 0.0 0.0 0.0 0.0 0.0
34968.0 256853.0 67.0 1885634.0 629644.0 363.0 1554.0 0.0 0.0 13836805.0 6928309.0 1157800.0 11953.0 11339.0 6234.0 2129.0 10618.0 0.0 2.0 0.0 1.0 24.0 0.0 0.0 0.0 0.0 0.0 0.0 0.0 0.0
35121.0 258738.0 54.0 1903384.0 635709.0 375.0 1166.0 1.0 0.0 13982449.0 7005777.5 1172539.0 8450.0 8645.0 4237.0 2217.0 11015.0 10.0 1.0 8.0 1.0 6.0 0.0 0.0 0.0 0.0 0.0 0.0 0.0 0.0
34791.0 253818.0 56.0 1851515.0 618320.0 319.0 1215.0 0.0 0.0 13489282.0 6764399.0 1134103.0 8845.0 8938.0 4517.0 2109.0 9283.0 0.0 2.0 0.0 0.0 20.0 0.0 0.0 0.0 0.0 0.0 0.0 0.0 0.0
34924.0 255587.0 53.0 1867568.0 624673.0 360.0 1145.0 0.0 0.0 13633456.0 6833634.5 1151111.0 8350.0 8271.0 4046.0 2056.0 10582.0 0.0 2.0 0.0 1.0 14.0 0.0 0.0 0.0 0.0 0.0 0.0 0.0 0.0
35037.0 257771.0 71.0 1893526.0 634115.0 362.0 1536.0 0.0 0.0 13893545.0 6976740.5 1176717.0 10787.0 11308.0 5572.0 2203.0 10520.0 0.0 4.0 0.0 2.0 16.0 0.0 0.0 0.0 0.0 0.0 0.0 0.0 0.0
34747.0 253509.0 79.0 1848364.0 615358.0 357.0 1666.0 2.0 0.0 13465744.0 6727057.5 1115818.0 11530.0 12150.0 5802.0 2027.0 10412.0 33.0 2.0 26.0 2.0 10.0 0.0 0.0 0.0 0.0 0.0 0.0 0.0 0.0
35023.0 256995.0 76.0 1886243.0 627906.0 333.0 1658.0 0.0 0.0 13832637.0 6913705.5 1150488.0 12137.0 12208.0 5873.0 2068.0 9648.0 0.0 2.0 0.0 3.0 14.0 0.0 0.0 0.0 0.0 0.0 0.0 0.0 0.0
34834.0 255554.0 62.0 1873250.0 627289.0 397.0 1426.0 0.0 0.0 13713701.0 6891922.0 1158791.0 10941.0 10494.0 5464.0 2232.0 11890.0 0.0 3.0 0.0 1.0 18.0 0.0 0.0 0.0 0.0 0.0 0.0 0.0 0.0
35068.0 256998.0 68.0 1881157.0 625989.0 332.0 1556.0 1.0 0.0 13758947.0 6864921.0 1141128.0 11917.0 11530.0 6008.0 2197.0 9709.0 10.0 4.0 13.0 2.0 12.0 0.0 0.0 0.0 0.0 0.0 0.0 0.0 0.0
35054.0 257661.0 61.0 1890408.0 630850.0 389.0 1383.0 0.0 0.0 13859148.0 6929864.5 1157681.0 10548.0 10351.0 5395.0 2174.0 11309.0 0.0 1.0 0.0 2.0 14.0 0.0 0.0 0.0 0.0 0.0 0.0 0.0 0.0
35217.0 260427.0 67.0 1923552.0 641601.0 379.0 1489.0 2.0 0.0 14196785.0 7100375.5 1183779.0 11097.0 10942.0 5494.0 2261.0 11196.0 24.0 2.0 19.0 2.0 20.0 0.0 0.0 0.0 0.0 0.0 0.0 0.0 0.0
35187.0 259545.0 70.0 1911919.0 639632.0 365.0 1521.0 2.0 0.0 14070074.0 7057217.5 1190544.0 11074.0 11040.0 5552.0 2150.0 10792.0 39.0 2.0 30.0 1.0 16.0 0.0 0.0 0.0 0.0 0.0 0.0 0.0 0.0
34916.0 255711.0 63.0 1871845.0 625936.0 377.0 1377.0 1.0 0.0 13690526.0 6867309.0 1154954.0 9995.0 10157.0 5082.0 2176.0 10858.0 13.0 1.0 10.0 1.0 20.0 0.0 0.0 0.0 0.0 0.0 0.0 0.0 0.0
34974.0 255994.0 67.0 1871016.0 623378.0 303.0 1467.0 0.0 0.0 13659959.0 6823833.0 1136946.0 10753.0 10515.0 5243.0 2162.0 8836.0 0.0 1.0 0.0 1.0 10.0 0.0 0.0 0.0 0.0 0.0 0.0 0.0 0.0
34975.0 256521.0 73.0 1878433.0 625059.0 337.0 1571.0 0.0 0.0 13739828.0 6857416.5 1135912.0 11260.0 11483.0 5551.0 2059.0 9934.0 0.0 1.0 0.0 2.0 16.0 0.0 0.0 0.0 0.0 0.0 0.0 0.0 0.0
35072.0 258530.0 57.0 1902645.0 635368.0 373.0 1296.0 0.0 0.0 14001075.0 7003552.0 1168520.0 9623.0 9536.0 4909.0 2149.0 11023.0 0.0 0.0 0.0 3.0 8.0 0.0 0.0 0.0 0.0 0.0 0.0 0.0 0.0
35300.0 260428.0 65.0 1919617.0 637277.0 364.0 1437.0 0.0 0.0 14136481.0 7041817.5 1162665.0 10522.0 10856.0 5338.0 2218.0 10758.0 0.0 2.0 0.0 2.0 16.0 0.0 0.0 0.0 0.0 0.0 0.0 0.0 0.0
34786.0 254190.0 66.0 1853349.0 619123.0 374.0 1428.0 0.0 0.0 13498243.0 6755505.0 1130396.0 10331.0 10419.0 5210.0 2076.0 11096.0 0.0 1.0 0.0 2.0 16.0 0.0 0.0 0.0 0.0 0.0 0.0 0.0 0.0
34913.0 256417.0 62.0 1879355.0 628754.0 370.0 1379.0 1.0 0.0 13767318.0 6898473.0 1156387.0 10240.0 9892.0 5093.0 2089.0 10928.0 20.0 1.0 17.0 0.0 16.0 0.0 0.0 0.0 0.0 0.0 0.0 0.0 0.0
34807.0 254199.0 75.0 1853830.0 619439.0 339.0 1653.0 0.0 0.0 13504191.0 6767260.5 1133611.0 11917.0 12122.0 6133.0 1978.0 9841.0 0.0 3.0 0.0 3.0 12.0 0.0 0.0 0.0 0.0 0.0 0.0 0.0 0.0
34924.0 255944.0 55.0 1873643.0 625462.0 356.0 1224.0 0.0 0.0 13704987.0 6860684.0 1145896.0 9126.0 9035.0 4456.0 2064.0 10459.0 0.0 1.0 0.0 0.0 14.0 0.0 0.0 0.0 0.0 0.0 0.0 0.0 0.0
34753.0 253144.0 71.0 1843903.0 615193.0 351.0 1593.0 1.0 0.0 13415895.0 6718984.0 1124333.0 11880.0 11622.0 5906.0 2082.0 10086.0 14.0 1.0 17.0 0.0 12.0 0.0 0.0 0.0 0.0 0.0 0.0 0.0 0.0
35082.0 257091.0 71.0 1881669.0 625100.0 345.0 1586.0 0.0 0.0 13761726.0 6852592.5 1132566.0 11783.0 11665.0 5794.0 2140.0 10049.0 0.0 2.0 0.0 1.0 22.0 0.0 0.0 0.0 0.0 0.0 0.0 0.0 0.0
35171.0 260080.0 67.0 1923971.0 641916.0 388.0 1504.0 0.0 0.0 14226210.0 7125944.5 1189440.0 11332.0 11111.0 5634.0 2219.0 11586.0 0.0 4.0 0.0 1.0 22.0 0.0 0.0 0.0 0.0 0.0 0.0 0.0 0.0
34800.0 253589.0 52.0 1846445.0 615986.0 385.0 1138.0 0.0 0.0 13432458.0 6723964.0 1124060.0 8354.0 8270.0 4103.0 2089.0 11217.0 0.0 2.0 0.0 1.0 16.0 0.0 0.0 0.0 0.0 0.0 0.0 0.0 0.0
34768.0 253964.0 63.0 1852733.0 618926.0 363.0 1392.0 0.0 0.0 13507350.0 6765083.0 1131545.0 10262.0 10170.0 5183.0 1987.0 10636.0 0.0 2.0 0.0 1.0 14.0 0.0 0.0 0.0 0.0 0.0 0.0 0.0 0.0
34901.0 255076.0 65.0 1864039.0 620259.0 381.0 1375.0 0.0 0.0 13613696.0 6798091.5 1128480.0 9717.0 10165.0 4813.0 2130.0 11132.0 0.0 3.0 0.0 0.0 14.0 0.0 0.0 0.0 0.0 0.0 0.0 0.0 0.0
34920.0 255642.0 68.0 1871410.0 624219.0 359.0 1412.0 2.0 0.0 13684949.0 6852825.0 1146418.0 9756.0 10265.0 4871.0 2088.0 10403.0 14.0 3.0 20.0 1.0 16.0 0.0 0.0 1.0 0.0 0.0 0.0 0.0 0.0
35022.0 257121.0 64.0 1885507.0 629200.0 335.0 1355.0 0.0 0.0 13819026.0 6910746.5 1156035.0 9403.0 10028.0 4684.0 2117.0 9760.0 0.0 2.0 0.0 2.0 10.0 0.0 0.0 0.0 0.0 0.0 0.0 0.0 0.0
34969.0 256228.0 57.0 1875339.0 625584.0 347.0 1255.0 1.0 0.0 13715515.0 6859842.0 1145897.0 9121.0 9185.0 4621.0 2135.0 10059.0 13.0 3.0 7.0 1.0 10.0 0.0 0.0 0.0 0.0 0.0 0.0 0.0 0.0
34992.0 256099.0 69.0 1871841.0 623321.0 372.0 1528.0 1.0 0.0 13660436.0 6823602.0 1135444.0 11150.0 11151.0 5640.0 2038.0 10861.0 7.0 2.0 14.0 0.0 20.0 0.0 0.0 0.0 0.0 0.0 0.0 0.0 0.0
34876.0 254350.0 58.0 1853361.0 616311.0 382.0 1276.0 0.0 0.0 13497497.0 6728232.5 1116096.0 9236.0 9453.0 4615.0 2063.0 11006.0 0.0 3.0 0.0 1.0 14.0 0.0 0.0 0.0 0.0 0.0 0.0 0.0 0.0
34748.0 253620.0 59.0 1850935.0 617004.0 365.0 1300.0 0.0 0.0 13496885.0 6750631.5 1125079.0 9475.0 9477.0 4764.0 2069.0 10492.0 0.0 2.0 0.0 1.0 14.0 0.0 0.0 0.0 0.0 0.0 0.0 0.0 0.0
34897.0 255586.0 64.0 1870315.0 623291.0 369.0 1415.0 0.0 0.0 13672798.0 6836823.0 1139568.0 10429.0 10344.0 5160.0 2116.0 10762.0 0.0 4.0 0.0 1.0 20.0 0.0 0.0 0.0 0.0 0.0 0.0 0.0 0.0
34948.0 256515.0 82.0 1881328.0 628658.0 364.0 1867.0 1.0 0.0 13778828.0 6910446.0 1157196.0 14238.0 13701.0 7106.0 2233.0 10597.0 17.0 3.0 15.0 1.0 18.0 0.0 0.0 0.0 0.0 0.0 0.0 0.0 0.0
35166.0 258529.0 70.0 1900037.0 632024.0 362.0 1531.0 0.0 0.0 13948529.0 6968413.5 1158619.0 11133.0 11032.0 5628.0 2239.0 10770.0 0.0 6.0 0.0 3.0 24.0 0.0 0.0 0.0 0.0 0.0 0.0 0.0 0.0
34766.0 253477.0 73.0 1847812.0 614996.0 368.0 1573.0 0.0 0.0 13451293.0 6723816.0 1115583.0 11354.0 11341.0 5602.0 2167.0 10793.0 0.0 1.0 0.0 1.0 24.0 0.0 0.0 0.0 0.0 0.0 0.0 0.0 0.0
34876.0 255067.0 56.0 1863632.0 621124.0 355.0 1261.0 0.0 0.0 13605041.0 6803143.5 1131957.0 9583.0 9098.0 4705.0 2080.0 10396.0 0.0 3.0 0.0 2.0 16.0 0.0 0.0 0.0 0.0 0.0 0.0 0.0 0.0
34918.0 255388.0 57.0 1866850.0 621778.0 339.0 1251.0 1.0 0.0 13636645.0 6814869.5 1134388.0 8994.0 8942.0 4611.0 2079.0 9856.0 8.0 3.0 11.0 3.0 8.0 0.0 0.0 0.0 0.0 0.0 0.0 0.0 0.0
35038.0 257466.0 66.0 1891018.0 630805.0 360.0 1481.0 1.0 0.0 13880731.0 6945773.5 1160541.0 11139.0 10821.0 5628.0 2187.0 10709.0 25.0 1.0 11.0 7.0 18.0 0.0 0.0 0.0 0.0 0.0 0.0 0.0 0.0
35190.0 260099.0 62.0 1922569.0 640591.0 372.0 1339.0 1.0 0.0 14203606.0 7099519.5 1180971.0 9638.0 9745.0 4910.0 2252.0 11142.0 7.0 1.0 13.0 2.0 20.0 0.0 0.0 0.0 0.0 0.0 0.0 0.0 0.0
35170.0 259885.0 60.0 1920391.0 640995.0 409.0 1301.0 0.0 0.0 14179299.0 7106305.5 1185957.0 9416.0 9708.0 4656.0 2136.0 12294.0 0.0 2.0 0.0 3.0 12.0 0.0 0.0 0.0 0.0 0.0 0.0 0.0 0.0
34871.0 254846.0 67.0 1861339.0 620664.0 359.0 1490.0 0.0 0.0 13576522.0 6798906.5 1134313.0 11042.0 10800.0 5516.0 2015.0 10363.0 0.0 2.0 0.0 2.0 22.0 0.0 0.0 0.0 0.0 0.0 0.0 0.0 0.0
35230.0 260038.0 61.0 1914758.0 639571.0 356.0 1358.0 1.0 0.0 14092482.0 7048035.5 1180355.0 10044.0 9736.0 4958.0 2098.0 10555.0 16.0 1.0 15.0 3.0 28.0 0.0 0.0 0.0 0.0 0.0 0.0 0.0 0.0
34791.0 254897.0 71.0 1867445.0 624336.0 336.0 1635.0 1.0 0.0 13672468.0 6861941.5 1149677.0 12654.0 12067.0 6184.0 2128.0 9963.0 11.0 1.0 23.0 2.0 16.0 0.0 0.0 0.0 0.0 0.0 0.0 0.0 0.0
35070.0 257797.0 64.0 1892978.0 631492.0 336.0 1374.0 4.0 0.0 13887599.0 6946410.5 1161270.0 9849.0 10018.0 4824.0 2123.0 9876.0 59.0 1.0 45.0 2.0 12.0 0.0 0.0 1.0 0.0 0.0 0.0 0.0 0.0
35076.0 257630.0 56.0 1889930.0 628610.0 350.0 1150.0 1.0 0.0 13852830.0 6910144.0 1144294.0 7909.0 8403.0 3872.0 2129.0 10110.0 14.0 0.0 15.0 3.0 4.0 0.0 0.0 0.0 0.0 0.0 0.0 0.0 0.0
34695.0 252921.0 57.0 1842577.0 615963.0 365.0 1224.0 0.0 0.0 13409425.0 6727718.5 1128306.0 8776.0 8924.0 4425.0 2072.0 10653.0 0.0 0.0 0.0 1.0 10.0 0.0 0.0 0.0 0.0 0.0 0.0 0.0 0.0
34977.0 257232.0 61.0 1888471.0 631553.0 337.0 1316.0 0.0 0.0 13860451.0 6941002.5 1165312.0 9497.0 9550.0 4797.0 2144.0 9916.0 0.0 1.0 0.0 0.0 30.0 0.0 0.0 0.0 0.0 0.0 0.0 0.0 0.0
34836.0 253885.0 72.0 1846176.0 616128.0 334.0 1573.0 1.0 0.0 13413743.0 6705006.5 1121867.0 11443.0 11427.0 5590.0 2039.0 9790.0 10.0 3.0 13.0 0.0 14.0 0.0 0.0 0.0 0.0 0.0 0.0 0.0 0.0
35085.0 257765.0 72.0 1891028.0 631078.0 375.0 1565.0 0.0 0.0 13855976.0 6935706.0 1160190.0 11322.0 11329.0 5623.0 2090.0 10976.0 0.0 3.0 0.0 1.0 22.0 0.0 0.0 0.0 0.0 0.0 0.0 0.0 0.0
35048.0 257877.0 65.0 1895011.0 632556.0 341.0 1363.0 0.0 0.0 13911649.0 6965117.5 1163223.0 9453.0 9980.0 4659.0 2127.0 10009.0 0.0 0.0 0.0 0.0 12.0 0.0 0.0 0.0 0.0 0.0 0.0 0.0 0.0
34992.0 256554.0 72.0 1881045.0 625368.0 331.0 1515.0 1.0 0.0 13779851.0 6878425.5 1138988.0 10877.0 11110.0 5401.0 2134.0 9637.0 9.0 1.0 9.0 0.0 22.0 0.0 0.0 0.0 0.0 0.0 0.0 0.0 0.0
35173.0 259209.0 68.0 1908225.0 636899.0 361.0 1555.0 0.0 0.0 14036787.0 7024155.0 1175769.0 11895.0 11505.0 5859.0 2213.0 10705.0 0.0 1.0 0.0 1.0 16.0 0.0 0.0 0.0 0.0 0.0 0.0 0.0 0.0
34868.0 254744.0 55.0 1859863.0 618355.0 349.0 1202.0 0.0 0.0 13568469.0 6768424.5 1121210.0 8663.0 8622.0 4366.0 2142.0 10139.0 0.0 2.0 0.0 1.0 14.0 0.0 0.0 0.0 0.0 0.0 0.0 0.0 0.0
34634.0 251740.0 75.0 1827645.0 610299.0 350.0 1614.0 1.0 0.0 13258266.0 6638172.0 1112161.0 11579.0 11685.0 5755.0 2000.0 10073.0 15.0 1.0 19.0 9.0 12.0 0.0 0.0 0.0 0.0 0.0 0.0 0.0 0.0
35263.0 260041.0 72.0 1914746.0 638384.0 401.0 1674.0 0.0 0.0 14094555.0 7040620.5 1177171.0 12766.0 12092.0 6517.0 2064.0 11754.0 0.0 2.0 0.0 1.0 26.0 0.0 0.0 0.0 0.0 0.0 0.0 0.0 0.0
35239.0 259820.0 67.0 1913897.0 636620.0 400.0 1492.0 2.0 0.0 14087425.0 7027913.5 1164112.0 11170.0 10969.0 5508.0 2145.0 11842.0 28.0 1.0 32.0 0.0 16.0 0.0 0.0 0.0 0.0 0.0 0.0 0.0 0.0
35041.0 257668.0 55.0 1891929.0 631627.0 385.0 1236.0 0.0 0.0 13879901.0 6942872.5 1161472.0 9103.0 9060.0 4670.0 2132.0 11187.0 0.0 3.0 0.0 1.0 10.0 0.0 0.0 0.0 0.0 0.0 0.0 0.0 0.0
34776.0 254541.0 66.0 1859997.0 623741.0 346.0 1466.0 0.0 0.0 13576462.0 6824676.0 1152203.0 10919.0 10609.0 5404.0 2071.0 10173.0 0.0 3.0 0.0 2.0 12.0 0.0 0.0 0.0 0.0 0.0 0.0 0.0 0.0
34814.0 253480.0 64.0 1845596.0 612522.0 339.0 1386.0 2.0 0.0 13433342.0 6691902.0 1104260.0 10149.0 10115.0 4947.0 2033.0 9934.0 20.0 2.0 28.0 0.0 16.0 0.0 0.0 0.0 0.0 0.0 0.0 0.0 0.0
35048.0 257217.0 63.0 1882972.0 626842.0 380.0 1445.0 0.0 0.0 13771658.0 6862807.5 1139214.0 11037.0 10632.0 5516.0 2103.0 11015.0 0.0 5.0 0.0 2.0 18.0 0.0 0.0 0.0 0.0 0.0 0.0 0.0 0.0
35177.0 259399.0 78.0 1909557.0 637644.0 347.0 1740.0 0.0 0.0 14050449.0 7023258.5 1178239.0 12615.0 12704.0 6557.0 2115.0 10273.0 0.0 2.0 0.0 1.0 18.0 0.0 0.0 0.0 0.0 0.0 0.0 0.0 0.0
35010.0 257322.0 89.0 1888370.0 630107.0 361.0 1959.0 0.0 0.0 13842047.0 6928002.0 1154422.0 14456.0 14318.0 7191.0 2064.0 10653.0 0.0 4.0 0.0 1.0 20.0 0.0 0.0 0.0 0.0 0.0 0.0 0.0 0.0
34832.0 254515.0 57.0 1858535.0 619981.0 354.0 1255.0 0.0 0.0 13558982.0 6784628.0 1132992.0 9181.0 9120.0 4630.0 2047.0 10206.0 0.0 5.0 0.0 0.0 16.0 0.0 0.0 0.0 0.0 0.0 0.0 0.0 0.0
34958.0 255223.0 57.0 1861888.0 618456.0 364.0 1211.0 1.0 0.0 13575713.0 6761365.0 1120125.0 8588.0 8824.0 4255.0 2074.0 10587.0 17.0 2.0 13.0 1.0 16.0 0.0 0.0 0.0 0.0 0.0 0.0 0.0 0.0
35101.0 257521.0 59.0 1887159.0 627617.0 326.0 1274.0 0.0 0.0 13815641.0 6891771.0 1143658.0 8965.0 9231.0 4606.0 2097.0 9482.0 0.0 0.0 0.0 1.0 18.0 0.0 0.0 0.0 0.0 0.0 0.0 0.0 0.0
34763.0 253031.0 65.0 1838405.0 613200.0 352.0 1448.0 0.0 0.0 13343493.0 6669145.5 1115306.0 10769.0 10607.0 5264.0 2048.0 10179.0 0.0 4.0 0.0 2.0 18.0 0.0 0.0 0.0 0.0 0.0 0.0 0.0 0.0
35026.0 256846.0 62.0 1882182.0 625914.0 384.0 1344.0 0.0 0.0 13780806.0 6873686.0 1138707.0 9811.0 9865.0 4868.0 2122.0 11215.0 0.0 1.0 0.0 2.0 12.0 0.0 0.0 0.0 0.0 0.0 0.0 0.0 0.0
35132.0 258907.0 69.0 1907338.0 635811.0 374.0 1523.0 0.0 0.0 14040983.0 7026745.5 1169936.0 11245.0 11222.0 5429.0 2150.0 11052.0 0.0 2.0 0.0 0.0 16.0 0.0 0.0 0.0 0.0 0.0 0.0 0.0 0.0
35070.0 257119.0 65.0 1882854.0 626341.0 349.0 1449.0 0.0 0.0 13768030.0 6870816.5 1139895.0 10699.0 10721.0 5426.0 2059.0 9994.0 0.0 1.0 0.0 0.0 20.0 0.0 0.0 0.0 0.0 0.0 0.0 0.0 0.0
35181.0 259330.0 60.0 1909309.0 635793.0 373.0 1322.0 0.0 0.0 14042456.0 7011273.0 1164880.0 9523.0 9661.0 4841.0 2308.0 10869.0 0.0 1.0 0.0 1.0 14.0 0.0 0.0 0.0 0.0 0.0 0.0 0.0 0.0
35003.0 256610.0 62.0 1879902.0 627803.0 378.0 1373.0 0.0 0.0 13761881.0 6893493.5 1156016.0 10226.0 10144.0 4993.0 2110.0 10989.0 0.0 4.0 0.0 0.0 16.0 0.0 0.0 0.0 0.0 0.0 0.0 0.0 0.0
34770.0 252473.0 56.0 1833270.0 606666.0 353.0 1219.0 0.0 0.0 13296852.0 6609360.5 1081533.0 8802.0 8638.0 4316.0 2024.0 10079.0 0.0 3.0 0.0 1.0 14.0 0.0 0.0 0.0 0.0 0.0 0.0 0.0 0.0
34956.0 255654.0 58.0 1867820.0 622244.0 377.0 1231.0 1.0 0.0 13629612.0 6814017.0 1134201.0 8722.0 8947.0 4347.0 2130.0 10997.0 21.0 1.0 13.0 0.0 22.0 0.0 0.0 0.0 0.0 0.0 0.0 0.0 0.0
35095.0 257849.0 73.0 1893043.0 631840.0 379.0 1589.0 0.0 0.0 13886656.0 6954518.5 1164338.0 11393.0 11581.0 5822.0 2153.0 11110.0 0.0 0.0 0.0 0.0 22.0 0.0 0.0 0.0 0.0 0.0 0.0 0.0 0.0
34636.0 251872.0 75.0 1829509.0 610509.0 358.0 1594.0 0.0 0.0 13273213.0 6645780.5 1110714.0 11325.0 11748.0 5633.0 2003.0 10195.0 0.0 2.0 0.0 0.0 18.0 0.0 0.0 0.0 0.0 0.0 0.0 0.0 0.0
34721.0 252955.0 64.0 1842465.0 614886.0 357.0 1417.0 0.0 0.0 13398789.0 6719061.0 1122894.0 10337.0 10432.0 5216.0 2027.0 10246.0 0.0 2.0 0.0 0.0 14.0 0.0 0.0 0.0 0.0 0.0 0.0 0.0 0.0
34960.0 256379.0 69.0 1879099.0 625974.0 347.0 1532.0 1.0 0.0 13762127.0 6878681.0 1143516.0 11338.0 11287.0 5662.0 2074.0 10158.0 23.0 0.0 16.0 0.0 24.0 0.0 0.0 0.0 0.0 0.0 0.0 0.0 0.0
34851.0 255104.0 66.0 1867167.0 623098.0 351.0 1464.0 1.0 0.0 13649895.0 6837890.5 1143581.0 11037.0 10559.0 5260.0 2128.0 10295.0 9.0 2.0 8.0 1.0 18.0 0.0 0.0 0.0 0.0 0.0 0.0 0.0 0.0
34795.0 254318.0 61.0 1858901.0 622332.0 381.0 1410.0 1.0 0.0 13573739.0 6824266.5 1153520.0 11013.0 10371.0 5507.0 2108.0 11411.0 15.0 1.0 12.0 6.0 32.0 0.0 0.0 0.0 0.0 0.0 0.0 0.0 0.0
34999.0 256141.0 72.0 1875976.0 623686.0 402.0 1600.0 1.0 0.0 13729999.0 6855120.0 1137468.0 11768.0 11639.0 6021.0 2172.0 11736.0 17.0 2.0 5.0 4.0 10.0 0.0 0.0 0.0 0.0 0.0 0.0 0.0 0.0
34919.0 255555.0 70.0 1868179.0 621795.0 346.0 1561.0 0.0 0.0 13643485.0 6812450.5 1128872.0 11771.0 11348.0 5787.0 2084.0 10098.0 0.0 1.0 0.0 0.0 8.0 0.0 0.0 0.0 0.0 0.0 0.0 0.0 0.0
35176.0 259585.0 67.0 1911063.0 637743.0 356.0 1509.0 0.0 0.0 14062456.0 7026415.5 1172286.0 11286.0 11114.0 5611.0 2175.0 10474.0 0.0 2.0 0.0 1.0 14.0 0.0 0.0 0.0 0.0 0.0 0.0 0.0 0.0
34669.0 252324.0 78.0 1835657.0 611680.0 411.0 1692.0 1.0 0.0 13348566.0 6669891.0 1110252.0 12235.0 12147.0 6133.0 1982.0 11854.0 8.0 2.0 22.0 2.0 16.0 0.0 0.0 0.0 0.0 0.0 0.0 0.0 0.0
35399.0 262361.0 56.0 1944722.0 646963.0 352.0 1297.0 0.0 0.0 14400191.0 7195790.5 1195185.0 9941.0 9802.0 4986.0 2278.0 10222.0 0.0 2.0 0.0 3.0 8.0 0.0 0.0 0.0 0.0 0.0 0.0 0.0 0.0
35139.0 259151.0 63.0 1908845.0 637850.0 383.0 1417.0 2.0 0.0 14047249.0 7038389.5 1179687.0 10577.0 10476.0 5279.0 2268.0 11359.0 28.0 3.0 25.0 1.0 10.0 0.0 0.0 0.0 1.0 0.0 0.0 0.0 0.0
35298.0 261200.0 71.0 1932241.0 643341.0 397.0 1580.0 0.0 0.0 14288327.0 7137102.0 1186596.0 11784.0 11503.0 5833.0 2230.0 11716.0 0.0 2.0 0.0 2.0 12.0 0.0 0.0 0.0 0.0 0.0 0.0 0.0 0.0
34591.0 250682.0 64.0 1815854.0 604378.0 339.0 1401.0 1.0 0.0 13141256.0 6562965.5 1091413.0 10243.0 10168.0 5093.0 2124.0 9910.0 9.0 1.0 15.0 0.0 10.0 0.0 0.0 0.0 1.0 0.0 0.0 0.0 0.0
35176.0 260093.0 69.0 1921092.0 643854.0 399.0 1600.0 1.0 0.0 14177346.0 7126734.5 1201683.0 12304.0 11821.0 6099.0 2176.0 11870.0 10.0 2.0 16.0 2.0 36.0 0.0 0.0 0.0 0.0 0.0 0.0 0.0 0.0
34609.0 250485.0 59.0 1809156.0 601310.0 335.0 1222.0 1.0 0.0 13049584.0 6498851.0 1076039.0 8522.0 8752.0 4149.0 1981.0 9601.0 12.0 0.0 15.0 2.0 16.0 0.0 0.0 0.0 0.0 0.0 0.0 0.0 0.0
35369.0 261904.0 60.0 1938430.0 644533.0 390.0 1309.0 0.0 0.0 14333680.0 7150627.5 1183157.0 9515.0 9720.0 4644.0 2268.0 11523.0 0.0 3.0 0.0 0.0 30.0 0.0 0.0 0.0 0.0 0.0 0.0 0.0 0.0
34906.0 254716.0 55.0 1856625.0 616968.0 344.0 1228.0 0.0 0.0 13520266.0 6736048.5 1116886.0 9075.0 8803.0 4558.0 2120.0 9968.0 0.0 0.0 0.0 1.0 16.0 0.0 0.0 0.0 0.0 0.0 0.0 0.0 0.0
34791.0 254344.0 61.0 1854837.0 618819.0 372.0 1295.0 1.0 0.0 13515313.0 6753278.0 1124562.0 9110.0 9441.0 4566.0 2098.0 10785.0 17.0 1.0 15.0 0.0 18.0 0.0 0.0 0.0 0.0 0.0 0.0 0.0 0.0
35024.0 256614.0 62.0 1877849.0 624423.0 333.0 1365.0 0.0 0.0 13732785.0 6847012.0 1134201.0 10213.0 10114.0 5105.0 2052.0 9872.0 0.0 4.0 0.0 2.0 18.0 0.0 0.0 0.0 0.0 0.0 0.0 0.0 0.0
34747.0 253239.0 65.0 1844456.0 615280.0 310.0 1433.0 1.0 0.0 13421940.0 6719586.0 1122008.0 10546.0 10549.0 5259.0 1950.0 9039.0 13.0 1.0 11.0 1.0 18.0 0.0 0.0 0.0 0.0 0.0 0.0 0.0 0.0
34744.0 253061.0 68.0 1841521.0 613873.0 381.0 1459.0 2.0 0.0 13390127.0 6694565.5 1114939.0 10439.0 10374.0 4996.0 2095.0 11132.0 24.0 3.0 31.0 5.0 12.0 0.0 0.0 0.0 0.0 0.0 0.0 0.0 0.0
35016.0 256947.0 70.0 1882924.0 629011.0 342.0 1563.0 0.0 0.0 13783605.0 6903736.5 1157489.0 11528.0 11353.0 5843.0 2123.0 10092.0 0.0 1.0 0.0 1.0 8.0 0.0 0.0 0.0 0.0 0.0 0.0 0.0 0.0
34872.0 255009.0 57.0 1860221.0 621523.0 373.0 1297.0 1.0 0.0 13556219.0 6787673.5 1136473.0 9747.0 9388.0 4776.0 2091.0 10917.0 15.0 2.0 19.0 1.0 18.0 0.0 0.0 0.0 0.0 0.0 0.0 0.0 0.0
34657.0 252260.0 67.0 1836178.0 613191.0 345.0 1448.0 1.0 0.0 13345622.0 6692912.5 1121255.0 10301.0 10482.0 5296.0 2064.0 10042.0 11.0 2.0 22.0 1.0 12.0 0.0 0.0 0.0 0.0 0.0 0.0 0.0 0.0
34848.0 254070.0 65.0 1850021.0 614560.0 366.0 1433.0 1.0 0.0 13457072.0 6702645.0 1108255.0 10447.0 10458.0 5158.0 2063.0 10626.0 17.0 4.0 14.0 3.0 20.0 0.0 0.0 0.0 0.0 0.0 0.0 0.0 0.0
34958.0 256077.0 71.0 1874609.0 625286.0 388.0 1568.0 0.0 0.0 13712093.0 6860699.5 1146120.0 11656.0 11455.0 5870.0 2131.0 11425.0 0.0 6.0 0.0 4.0 8.0 0.0 0.0 0.0 0.0 0.0 0.0 0.0 0.0
34820.0 253296.0 75.0 1842230.0 610682.0 342.0 1614.0 2.0 0.0 13392041.0 6660152.5 1097778.0 11441.0 11791.0 5723.0 1971.0 9857.0 24.0 1.0 26.0 2.0 14.0 0.0 0.0 0.0 0.0 0.0 0.0 0.0 0.0
34844.0 255041.0 66.0 1864461.0 622670.0 322.0 1511.0 1.0 0.0 13620185.0 6816013.0 1141689.0 11495.0 11131.0 5733.0 2112.0 9450.0 15.0 3.0 11.0 0.0 14.0 0.0 0.0 0.0 0.0 0.0 0.0 0.0 0.0
35051.0 256631.0 87.0 1878315.0 622422.0 363.0 1862.0 0.0 0.0 13736960.0 6833439.0 1123132.0 13287.0 13468.0 6489.0 2200.0 10495.0 0.0 3.0 0.0 3.0 16.0 0.0 0.0 0.0 0.0 0.0 0.0 0.0 0.0
34815.0 254669.0 60.0 1860037.0 621791.0 372.0 1359.0 0.0 0.0 13572594.0 6800553.5 1139047.0 10372.0 9820.0 5115.0 2045.0 11192.0 0.0 0.0 0.0 0.0 22.0 0.0 0.0 0.0 0.0 0.0 0.0 0.0 0.0
35059.0 258493.0 72.0 1903395.0 636348.0 374.0 1573.0 0.0 0.0 13999687.0 7021201.0 1178441.0 11257.0 11400.0 5778.0 2151.0 11146.0 0.0 1.0 0.0 3.0 30.0 0.0 0.0 0.0 0.0 0.0 0.0 0.0 0.0
34907.0 255556.0 59.0 1868960.0 623493.0 349.0 1251.0 0.0 0.0 13660616.0 6829917.0 1140492.0 8890.0 9107.0 4439.0 2026.0 10252.0 0.0 1.0 0.0 0.0 14.0 0.0 0.0 0.0 0.0 0.0 0.0 0.0 0.0
35100.0 257375.0 62.0 1886031.0 626628.0 356.0 1429.0 0.0 0.0 13808900.0 6882254.0 1138985.0 10803.0 10524.0 5441.0 2069.0 10410.0 0.0 1.0 0.0 2.0 16.0 0.0 0.0 0.0 0.0 0.0 0.0 0.0 0.0
35208.0 260066.0 69.0 1916951.0 639364.0 371.0 1520.0 1.0 0.0 14116989.0 7052447.5 1177023.0 11244.0 11036.0 5409.0 2240.0 10730.0 18.0 1.0 10.0 3.0 22.0 0.0 0.0 0.0 0.0 0.0 0.0 0.0 0.0
35114.0 258089.0 75.0 1895951.0 631441.0 371.0 1644.0 2.0 0.0 13920271.0 6957077.5 1158215.0 11959.0 11903.0 6003.0 2137.0 10908.0 34.0 0.0 34.0 0.0 22.0 0.0 0.0 0.0 0.0 0.0 0.0 0.0 0.0
34829.0 254365.0 62.0 1855357.0 619083.0 391.0 1366.0 1.0 0.0 13517571.0 6762653.5 1128525.0 9947.0 10039.0 5067.0 2141.0 11414.0 12.0 3.0 9.0 4.0 24.0 0.0 0.0 0.0 0.0 0.0 0.0 0.0 0.0
34847.0 254225.0 72.0 1852146.0 618146.0 393.0 1514.0 0.0 0.0 13487562.0 6747434.0 1128581.0 10601.0 11193.0 5350.0 1979.0 11485.0 0.0 0.0 0.0 0.0 18.0 0.0 0.0 0.0 0.0 0.0 0.0 0.0 0.0
35103.0 258655.0 70.0 1904110.0 636024.0 367.0 1529.0 3.0 0.0 14010676.0 7019361.5 1175556.0 11087.0 11386.0 5483.0 2175.0 10712.0 48.0 0.0 45.0 1.0 16.0 0.0 0.0 0.0 0.0 0.0 0.0 0.0 0.0
35309.0 262076.0 64.0 1943378.0 649126.0 359.0 1441.0 0.0 0.0 14397382.0 7216589.0 1206028.0 10824.0 10826.0 5502.0 2216.0 10693.0 0.0 2.0 0.0 0.0 26.0 0.0 0.0 0.0 0.0 0.0 0.0 0.0 0.0
35025.0 257269.0 53.0 1886769.0 628386.0 385.0 1234.0 1.0 0.0 13821453.0 6902741.5 1145681.0 9616.0 9122.0 4637.0 2148.0 11285.0 14.0 1.0 10.0 1.0 16.0 0.0 0.0 0.0 0.0 0.0 0.0 0.0 0.0
34896.0 254923.0 63.0 1860640.0 618784.0 339.0 1362.0 0.0 0.0 13567420.0 6767706.0 1120820.0 9872.0 9946.0 4800.0 2108.0 10137.0 0.0 1.0 0.0 1.0 14.0 0.0 0.0 0.0 0.0 0.0 0.0 0.0 0.0
35543.0 265548.0 58.0 1981509.0 665329.0 369.0 1327.0 1.0 0.0 14771695.0 7437478.5 1260724.0 10233.0 9860.0 5114.0 2371.0 10984.0 17.0 3.0 21.0 0.0 14.0 0.0 0.0 0.0 0.0 0.0 0.0 0.0 0.0
34621.0 252346.0 77.0 1836512.0 615335.0 372.0 1750.0 0.0 0.0 13357448.0 6706050.0 1130542.0 13145.0 12719.0 6681.0 2098.0 10953.0 0.0 3.0 0.0 3.0 16.0 0.0 0.0 0.0 0.0 0.0 0.0 0.0 0.0
34961.0 256265.0 78.0 1875885.0 624300.0 360.0 1729.0 1.0 0.0 13718332.0 6845427.0 1134855.0 12905.0 12642.0 6315.0 2052.0 10492.0 13.0 1.0 16.0 2.0 20.0 0.0 0.0 0.0 0.0 0.0 0.0 0.0 0.0
35101.0 258192.0 62.0 1899212.0 631851.0 369.0 1364.0 0.0 0.0 13953864.0 6973319.0 1154736.0 9992.0 10044.0 5087.0 2210.0 10825.0 0.0 1.0 0.0 1.0 18.0 0.0 0.0 0.0 0.0 0.0 0.0 0.0 0.0
34830.0 253823.0 67.0 1846812.0 615509.0 362.0 1468.0 0.0 0.0 13427531.0 6704067.0 1119410.0 10562.0 10621.0 5369.0 2127.0 10428.0 0.0 2.0 0.0 1.0 24.0 0.0 0.0 0.0 0.0 0.0 0.0 0.0 0.0
34936.0 255891.0 51.0 1870940.0 624789.0 358.0 1062.0 0.0 0.0 13669895.0 6841490.5 1145708.0 7292.0 7689.0 3665.0 2173.0 10500.0 0.0 1.0 0.0 1.0 8.0 0.0 0.0 0.0 0.0 0.0 0.0 0.0 0.0
34919.0 255639.0 66.0 1869176.0 622979.0 365.0 1481.0 0.0 0.0 13652464.0 6823148.5 1135566.0 11105.0 10904.0 5482.0 2111.0 10706.0 0.0 3.0 0.0 0.0 22.0 0.0 0.0 0.0 0.0 0.0 0.0 0.0 0.0
35024.0 256540.0 61.0 1878701.0 625558.0 373.0 1363.0 0.0 0.0 13743212.0 6871222.5 1144060.0 10098.0 9984.0 5131.0 2064.0 11104.0 0.0 2.0 0.0 1.0 20.0 0.0 0.0 0.0 0.0 0.0 0.0 0.0 0.0
34793.0 254039.0 64.0 1853589.0 618574.0 361.0 1382.0 1.0 0.0 13513064.0 6765481.0 1128615.0 9929.0 10008.0 5038.0 2127.0 10535.0 16.0 3.0 12.0 1.0 20.0 0.0 0.0 0.0 0.0 0.0 0.0 0.0 0.0
35138.0 259213.0 61.0 1912078.0 637791.0 364.0 1390.0 0.0 0.0 14091349.0 7055380.0 1177056.0 10598.0 10218.0 5284.0 2231.0 10822.0 0.0 3.0 0.0 2.0 8.0 0.0 0.0 0.0 0.0 0.0 0.0 0.0 0.0
34894.0 254885.0 71.0 1860797.0 618792.0 375.0 1520.0 0.0 0.0 13566715.0 6774303.0 1123149.0 10714.0 11095.0 5389.0 2079.0 10890.0 0.0 3.0 0.0 3.0 22.0 0.0 0.0 0.0 0.0 0.0 0.0 0.0 0.0
35027.0 256810.0 66.0 1880207.0 624864.0 354.0 1468.0 1.0 0.0 13756917.0 6850106.5 1134800.0 10725.0 10880.0 5450.0 2134.0 10116.0 15.0 1.0 12.0 2.0 26.0 0.0 0.0 0.0 0.0 0.0 0.0 0.0 0.0
34778.0 253270.0 66.0 1842347.0 614069.0 341.0 1477.0 0.0 0.0 13394643.0 6690328.0 1114916.0 11210.0 10798.0 5559.0 2096.0 9859.0 0.0 4.0 0.0 3.0 10.0 0.0 0.0 0.0 0.0 0.0 0.0 0.0 0.0
34960.0 255805.0 81.0 1869462.0 623644.0 348.0 1742.0 1.0 0.0 13646425.0 6824669.0 1140494.0 12379.0 12567.0 6198.0 2048.0 10231.0 13.0 4.0 12.0 2.0 14.0 0.0 0.0 0.0 0.0 0.0 0.0 0.0 0.0
34901.0 255320.0 70.0 1865002.0 621944.0 354.0 1507.0 0.0 0.0 13609040.0 6803062.5 1133268.0 10707.0 11087.0 5483.0 2040.0 10501.0 0.0 0.0 0.0 0.0 28.0 0.0 0.0 0.0 0.0 0.0 0.0 0.0 0.0
34819.0 253812.0 78.0 1847629.0 615263.0 371.0 1701.0 0.0 0.0 13437243.0 6709046.0 1115742.0 12236.0 12289.0 6291.0 2100.0 10740.0 0.0 2.0 0.0 3.0 14.0 0.0 0.0 0.0 0.0 0.0 0.0 0.0 0.0
35240.0 260436.0 83.0 1923390.0 641998.0 360.0 1817.0 0.0 0.0 14188122.0 7104538.5 1189497.0 13273.0 13596.0 6642.0 2204.0 10677.0 0.0 1.0 0.0 1.0 20.0 0.0 0.0 0.0 0.0 0.0 0.0 0.0 0.0
34876.0 254514.0 61.0 1856626.0 615826.0 348.0 1357.0 1.0 0.0 13531824.0 6733856.5 1110325.0 10109.0 9885.0 5069.0 2132.0 10269.0 14.0 0.0 10.0 1.0 24.0 0.0 0.0 0.0 0.0 0.0 0.0 0.0 0.0
35084.0 258030.0 62.0 1895471.0 630892.0 362.0 1389.0 0.0 0.0 13905860.0 6946958.5 1150312.0 10296.0 10120.0 5138.0 2163.0 10624.0 0.0 0.0 0.0 1.0 14.0 0.0 0.0 0.0 0.0 0.0 0.0 0.0 0.0
34718.0 252175.0 63.0 1829616.0 610974.0 336.0 1405.0 0.0 0.0 13261926.0 6643249.0 1114930.0 10421.0 10299.0 5321.0 1962.0 9775.0 0.0 0.0 0.0 1.0 6.0 0.0 0.0 0.0 0.0 0.0 0.0 0.0 0.0
34825.0 254392.0 71.0 1857120.0 618967.0 346.0 1571.0 0.0 0.0 13547473.0 6775134.5 1128356.0 11390.0 11540.0 5855.0 2085.0 9971.0 0.0 5.0 0.0 0.0 24.0 0.0 0.0 0.0 0.0 0.0 0.0 0.0 0.0
35240.0 260516.0 71.0 1924271.0 642362.0 403.0 1518.0 1.0 0.0 14193885.0 7108591.5 1191723.0 10501.0 11044.0 5466.0 2130.0 12008.0 12.0 1.0 19.0 2.0 16.0 0.0 0.0 0.0 0.0 0.0 0.0 0.0 0.0
34903.0 255880.0 64.0 1873536.0 626066.0 384.0 1413.0 1.0 0.0 13700540.0 6868194.5 1149636.0 10383.0 10426.0 5232.0 2041.0 11184.0 13.0 4.0 15.0 1.0 22.0 0.0 0.0 0.0 0.0 0.0 0.0 0.0 0.0
35023.0 256938.0 65.0 1880704.0 627916.0 336.0 1424.0 0.0 0.0 13756192.0 6881576.5 1150808.0 10286.0 10356.0 5308.0 2129.0 9697.0 0.0 1.0 0.0 1.0 12.0 0.0 0.0 0.0 0.0 0.0 0.0 0.0 0.0
34869.0 255106.0 61.0 1865838.0 622092.0 353.0 1327.0 1.0 0.0 13636894.0 6824052.5 1137309.0 9656.0 9570.0 4874.0 2143.0 10393.0 16.0 2.0 17.0 1.0 24.0 0.0 0.0 0.0 0.0 0.0 0.0 0.0 0.0
35150.0 259311.0 74.0 1909918.0 638191.0 345.0 1635.0 0.0 0.0 14053587.0 7038755.5 1179972.0 11925.0 12227.0 6051.0 2233.0 10334.0 0.0 2.0 0.0 0.0 26.0 0.0 0.0 0.0 0.0 0.0 0.0 0.0 0.0
34571.0 250233.0 62.0 1809521.0 602892.0 367.0 1325.0 0.0 0.0 13073319.0 6531613.0 1088422.0 9285.0 9511.0 4794.0 1990.0 10400.0 0.0 2.0 0.0 0.0 18.0 0.0 0.0 0.0 0.0 0.0 0.0 0.0 0.0
35101.0 258973.0 67.0 1910075.0 638778.0 365.0 1445.0 0.0 0.0 14077589.0 7064558.0 1187229.0 10624.0 10634.0 5299.0 2196.0 10684.0 0.0 3.0 0.0 0.0 20.0 0.0 0.0 0.0 0.0 0.0 0.0 0.0 0.0
35230.0 259850.0 70.0 1913937.0 636466.0 332.0 1578.0 0.0 0.0 14087135.0 7024698.5 1163317.0 11853.0 11716.0 5962.0 2216.0 9712.0 0.0 4.0 0.0 1.0 18.0 0.0 0.0 0.0 0.0 0.0 0.0 0.0 0.0
34761.0 253193.0 57.0 1844057.0 615671.0 323.0 1255.0 1.0 0.0 13421010.0 6728043.5 1128399.0 9187.0 9043.0 4701.0 2119.0 9417.0 17.0 2.0 20.0 0.0 14.0 0.0 0.0 0.0 0.0 0.0 0.0 0.0 0.0
34890.0 255058.0 63.0 1865446.0 620149.0 374.0 1291.0 1.0 0.0 13631180.0 6806879.5 1125308.0 8862.0 9549.0 4449.0 2098.0 10904.0 7.0 3.0 16.0 0.0 18.0 0.0 0.0 0.0 0.0 0.0 0.0 0.0 0.0
34882.0 254707.0 61.0 1857413.0 618256.0 347.0 1324.0 1.0 0.0 13532923.0 6754031.0 1122198.0 9548.0 9601.0 4736.0 1988.0 10413.0 14.0 1.0 11.0 1.0 4.0 0.0 0.0 0.0 0.0 0.0 0.0 0.0 0.0
35246.0 260260.0 66.0 1919726.0 638876.0 415.0 1451.0 1.0 0.0 14149315.0 7062841.5 1170745.0 10697.0 10709.0 5198.0 2258.0 12297.0 10.0 2.0 11.0 3.0 14.0 0.0 0.0 0.0 0.0 0.0 0.0 0.0 0.0
34998.0 256339.0 74.0 1872240.0 624890.0 354.0 1642.0 0.0 0.0 13667604.0 6826232.5 1142972.0 12316.0 12206.0 6091.0 2118.0 10343.0 0.0 3.0 0.0 1.0 20.0 0.0 0.0 0.0 0.0 0.0 0.0 0.0 0.0
35162.0 258409.0 65.0 1895400.0 630779.0 363.0 1420.0 0.0 0.0 13891754.0 6926108.5 1152187.0 10460.0 10276.0 5124.0 2132.0 10584.0 0.0 2.0 0.0 0.0 24.0 0.0 0.0 0.0 0.0 0.0 0.0 0.0 0.0
34945.0 256013.0 67.0 1872764.0 625208.0 369.0 1487.0 2.0 0.0 13690017.0 6848969.5 1146178.0 11002.0 11016.0 5350.0 2108.0 10975.0 32.0 0.0 28.0 2.0 8.0 0.0 0.0 0.0 0.0 0.0 0.0 0.0 0.0
34805.0 253837.0 66.0 1848964.0 616784.0 363.0 1416.0 0.0 0.0 13452588.0 6732396.5 1125595.0 10192.0 10221.0 5009.0 2009.0 10582.0 0.0 1.0 0.0 4.0 22.0 0.0 0.0 0.0 0.0 0.0 0.0 0.0 0.0
34824.0 255309.0 69.0 1870596.0 626705.0 345.0 1575.0 2.0 0.0 13694937.0 6879160.5 1159796.0 12016.0 11463.0 5976.0 2147.0 10043.0 30.0 1.0 24.0 0.0 10.0 0.0 0.0 0.0 0.0 0.0 0.0 0.0 0.0
35192.0 259632.0 66.0 1911118.0 638159.0 354.0 1553.0 1.0 0.0 14046956.0 7028356.0 1174780.0 12003.0 11460.0 6114.0 2125.0 10459.0 25.0 4.0 22.0 0.0 22.0 0.0 0.0 0.0 0.0 0.0 0.0 0.0 0.0
34897.0 255849.0 74.0 1873376.0 627799.0 353.0 1574.0 0.0 0.0 13709425.0 6886375.0 1164304.0 11090.0 11695.0 5717.0 2073.0 10564.0 0.0 2.0 0.0 1.0 12.0 0.0 0.0 0.0 0.0 0.0 0.0 0.0 0.0
34952.0 256666.0 57.0 1883250.0 630131.0 359.0 1240.0 0.0 0.0 13808306.0 6931551.0 1165007.0 9026.0 9133.0 4552.0 2092.0 10615.0 0.0 1.0 0.0 1.0 8.0 0.0 0.0 0.0 0.0 0.0 0.0 0.0 0.0
34734.0 252516.0 60.0 1833460.0 611121.0 372.0 1242.0 0.0 0.0 13305112.0 6649368.5 1108309.0 8439.0 8885.0 4243.0 2086.0 10797.0 0.0 2.0 0.0 1.0 6.0 0.0 0.0 0.0 0.0 0.0 0.0 0.0 0.0
35302.0 261094.0 64.0 1928873.0 643760.0 354.0 1384.0 0.0 0.0 14240401.0 7123692.5 1192070.0 9969.0 10151.0 4883.0 2241.0 10468.0 0.0 3.0 0.0 2.0 8.0 0.0 0.0 0.0 0.0 0.0 0.0 0.0 0.0
35113.0 259713.0 76.0 1919812.0 640356.0 347.0 1698.0 1.0 0.0 14178753.0 7095870.0 1181114.0 12664.0 12592.0 6319.0 2300.0 10397.0 21.0 2.0 11.0 1.0 12.0 0.0 0.0 0.0 0.0 0.0 0.0 0.0 0.0
34874.0 254123.0 68.0 1851127.0 614989.0 366.0 1480.0 0.0 0.0 13477199.0 6717325.5 1112636.0 10879.0 10809.0 5350.0 2043.0 10702.0 0.0 5.0 0.0 0.0 16.0 0.0 0.0 0.0 0.0 0.0 0.0 0.0 0.0
34964.0 256887.0 47.0 1886946.0 629533.0 343.0 1038.0 0.0 0.0 13853825.0 6932550.0 1156160.0 7578.0 7795.0 3870.0 2104.0 9783.0 0.0 1.0 0.0 2.0 22.0 0.0 0.0 0.0 0.0 0.0 0.0 0.0 0.0
34869.0 254845.0 63.0 1863028.0 619569.0 353.0 1372.0 1.0 0.0 13609296.0 6796075.0 1124575.0 10064.0 9787.0 4924.0 2138.0 10249.0 14.0 2.0 13.0 2.0 22.0 0.0 0.0 0.0 0.0 0.0 0.0 0.0 0.0
35049.0 256829.0 64.0 1881306.0 626263.0 354.0 1453.0 0.0 0.0 13769453.0 6881974.0 1146926.0 10930.0 10658.0 5445.0 2114.0 10461.0 0.0 1.0 0.0 1.0 10.0 0.0 0.0 0.0 0.0 0.0 0.0 0.0 0.0
35132.0 258958.0 59.0 1906735.0 636638.0 378.0 1372.0 0.0 0.0 14023380.0 7020282.5 1173784.0 10452.0 10201.0 5269.0 2111.0 10960.0 0.0 2.0 0.0 2.0 22.0 0.0 0.0 0.0 0.0 0.0 0.0 0.0 0.0
34791.0 253867.0 59.0 1853121.0 618358.0 355.0 1270.0 0.0 0.0 13519834.0 6771979.5 1131356.0 9379.0 9353.0 4676.0 2167.0 10516.0 0.0 3.0 0.0 0.0 16.0 0.0 0.0 0.0 0.0 0.0 0.0 0.0 0.0
34921.0 255264.0 75.0 1862172.0 620496.0 341.0 1636.0 1.0 0.0 13576512.0 6774287.0 1128491.0 11967.0 11962.0 5966.0 1993.0 9908.0 12.0 1.0 11.0 1.0 14.0 0.0 0.0 0.0 0.0 0.0 0.0 0.0 0.0
34667.0 251970.0 68.0 1828171.0 609663.0 350.0 1480.0 0.0 0.0 13254820.0 6624564.0 1104361.0 10821.0 10745.0 5426.0 2013.0 10050.0 0.0 1.0 0.0 2.0 6.0 0.0 0.0 0.0 0.0 0.0 0.0 0.0 0.0
34835.0 254976.0 67.0 1862078.0 622837.0 359.0 1568.0 0.0 0.0 13582979.0 6808206.0 1142096.0 12141.0 11390.0 6226.0 2034.0 10333.0 0.0 2.0 0.0 1.0 20.0 0.0 0.0 0.0 0.0 0.0 0.0 0.0 0.0
34877.0 255374.0 86.0 1867261.0 623560.0 373.0 1845.0 2.0 0.0 13638755.0 6828447.5 1143469.0 13181.0 13381.0 6652.0 2136.0 10807.0 33.0 3.0 33.0 0.0 24.0 0.0 0.0 0.0 0.0 0.0 0.0 0.0 0.0
34810.0 253792.0 68.0 1848223.0 616993.0 386.0 1471.0 0.0 0.0 13448107.0 6729647.0 1126408.0 10432.0 10747.0 5344.0 2056.0 11017.0 0.0 0.0 0.0 2.0 12.0 0.0 0.0 0.0 0.0 0.0 0.0 0.0 0.0
34968.0 256695.0 67.0 1879807.0 627709.0 379.0 1495.0 0.0 0.0 13754126.0 6877612.0 1148227.0 10911.0 10973.0 5543.0 2030.0 11030.0 0.0 2.0 0.0 2.0 18.0 0.0 0.0 0.0 0.0 0.0 0.0 0.0 0.0
34740.0 252620.0 60.0 1835090.0 610498.0 367.0 1288.0 1.0 0.0 13325170.0 6644414.5 1102757.0 9186.0 9329.0 4686.0 2022.0 10520.0 22.0 0.0 15.0 4.0 18.0 0.0 0.0 0.0 0.0 0.0 0.0 0.0 0.0
35305.0 260607.0 73.0 1921250.0 640409.0 381.0 1612.0 0.0 0.0 14146197.0 7074412.5 1180076.0 11906.0 11834.0 5907.0 2235.0 11234.0 0.0 1.0 0.0 2.0 18.0 0.0 0.0 0.0 0.0 0.0 0.0 0.0 0.0
35105.0 258125.0 78.0 1895669.0 632200.0 345.0 1755.0 0.0 0.0 13917876.0 6955844.5 1161071.0 13169.0 12923.0 6557.0 2051.0 10100.0 0.0 3.0 0.0 0.0 20.0 0.0 0.0 0.0 0.0 0.0 0.0 0.0 0.0
34699.0 253165.0 68.0 1845600.0 616275.0 375.0 1499.0 1.0 0.0 13436928.0 6733311.0 1123842.0 10847.0 10748.0 5487.0 2060.0 11073.0 15.0 1.0 16.0 1.0 20.0 0.0 0.0 0.0 0.0 0.0 0.0 0.0 0.0
34637.0 252068.0 64.0 1830982.0 612279.0 360.0 1416.0 0.0 0.0 13278905.0 6658950.5 1117808.0 10410.0 10325.0 5152.0 2007.0 10486.0 0.0 1.0 0.0 1.0 18.0 0.0 0.0 0.0 0.0 0.0 0.0 0.0 0.0
34870.0 255034.0 51.0 1862124.0 622688.0 342.0 1106.0 0.0 0.0 13589115.0 6809901.0 1144197.0 7916.0 8102.0 3954.0 2126.0 10061.0 0.0 2.0 0.0 1.0 16.0 0.0 0.0 0.0 0.0 0.0 0.0 0.0 0.0
34858.0 254054.0 70.0 1851079.0 615839.0 355.0 1534.0 0.0 0.0 13472446.0 6726372.5 1116487.0 11199.0 10980.0 5582.0 2083.0 10328.0 0.0 3.0 0.0 1.0 16.0 0.0 0.0 0.0 0.0 0.0 0.0 0.0 0.0
35141.0 259149.0 69.0 1909379.0 637302.0 361.0 1559.0 0.0 0.0 14057595.0 7038482.0 1175831.0 11762.0 11407.0 5807.0 2158.0 10399.0 0.0 2.0 0.0 1.0 6.0 0.0 0.0 0.0 0.0 0.0 0.0 0.0 0.0
34806.0 253652.0 64.0 1847555.0 615337.0 377.0 1369.0 1.0 0.0 13446630.0 6717819.5 1118787.0 9823.0 9907.0 4922.0 2067.0 10965.0 15.0 1.0 11.0 2.0 10.0 0.0 0.0 0.0 0.0 0.0 0.0 0.0 0.0
35290.0 261996.0 72.0 1943807.0 651028.0 373.0 1611.0 2.0 0.0 14404781.0 7243126.5 1220037.0 11776.0 12046.0 5894.0 2241.0 10981.0 31.0 5.0 41.0 3.0 18.0 0.0 0.0 0.0 0.0 0.0 0.0 0.0 0.0
35430.0 263498.0 75.0 1957131.0 654312.0 380.0 1710.0 0.0 0.0 14523385.0 7281311.5 1223335.0 12909.0 12647.0 6312.0 2285.0 11326.0 0.0 1.0 0.0 0.0 24.0 0.0 0.0 0.0 0.0 0.0 0.0 0.0 0.0
34642.0 251436.0 68.0 1824888.0 607203.0 341.0 1397.0 0.0 0.0 13234351.0 6609645.0 1096105.0 9497.0 10125.0 4796.0 1994.0 9817.0 0.0 2.0 0.0 0.0 8.0 0.0 0.0 0.0 0.0 0.0 0.0 0.0 0.0
34899.0 255452.0 65.0 1869129.0 623114.0 328.0 1440.0 0.0 0.0 13670956.0 6836027.0 1139449.0 10592.0 10394.0 5270.0 2083.0 9603.0 0.0 2.0 0.0 0.0 12.0 0.0 0.0 0.0 0.0 0.0 0.0 0.0 0.0
35229.0 259332.0 62.0 1908379.0 632826.0 376.0 1305.0 0.0 0.0 14030964.0 6982077.5 1150132.0 9185.0 9768.0 4533.0 2123.0 11151.0 0.0 2.0 0.0 1.0 10.0 0.0 0.0 0.0 0.0 0.0 0.0 0.0 0.0
34880.0 254979.0 52.0 1863423.0 619691.0 336.0 1181.0 0.0 0.0 13606204.0 6791524.5 1124919.0 9044.0 8534.0 4476.0 2065.0 9773.0 0.0 2.0 0.0 5.0 12.0 0.0 0.0 0.0 0.0 0.0 0.0 0.0 0.0
35160.0 260224.0 72.0 1924021.0 642387.0 390.0 1640.0 0.0 0.0 14214757.0 7115677.5 1187146.0 12344.0 12013.0 6335.0 2135.0 11562.0 0.0 3.0 0.0 0.0 22.0 0.0 0.0 0.0 0.0 0.0 0.0 0.0 0.0
34805.0 253165.0 67.0 1838997.0 613334.0 386.0 1500.0 0.0 0.0 13347594.0 6674301.5 1117371.0 11215.0 11021.0 5701.0 2059.0 11188.0 0.0 0.0 0.0 0.0 16.0 0.0 0.0 0.0 0.0 0.0 0.0 0.0 0.0
35166.0 259591.0 63.0 1912351.0 639625.0 350.0 1429.0 0.0 0.0 14072819.0 7054360.5 1184146.0 10782.0 10629.0 5559.0 2238.0 10362.0 0.0 2.0 0.0 2.0 22.0 0.0 0.0 0.0 0.0 0.0 0.0 0.0 0.0
35224.0 260791.0 59.0 1930926.0 643735.0 376.0 1318.0 0.0 0.0 14278200.0 7148185.5 1187887.0 9822.0 9789.0 4841.0 2245.0 11267.0 0.0 1.0 0.0 0.0 22.0 0.0 0.0 0.0 0.0 0.0 0.0 0.0 0.0
34699.0 251973.0 61.0 1828297.0 608214.0 321.0 1340.0 1.0 0.0 13251921.0 6612045.0 1097615.0 9828.0 9737.0 4935.0 1991.0 9326.0 25.0 1.0 13.0 1.0 14.0 0.0 0.0 0.0 0.0 0.0 0.0 0.0 0.0
35153.0 260052.0 67.0 1919995.0 643080.0 353.0 1468.0 0.0 0.0 14161472.0 7106510.0 1195339.0 10669.0 10657.0 5337.0 2240.0 10445.0 0.0 1.0 0.0 2.0 12.0 0.0 0.0 0.0 0.0 0.0 0.0 0.0 0.0
34927.0 256068.0 62.0 1875353.0 626708.0 338.0 1468.0 1.0 0.0 13723376.0 6875663.0 1152959.0 11332.0 10659.0 5827.0 2160.0 10022.0 22.0 2.0 13.0 0.0 14.0 0.0 0.0 0.0 0.0 0.0 0.0 0.0 0.0
35042.0 257379.0 65.0 1889098.0 628077.0 348.0 1404.0 1.0 0.0 13853990.0 6911722.5 1143274.0 10199.0 10245.0 5079.0 2136.0 10151.0 18.0 1.0 10.0 1.0 14.0 0.0 0.0 0.0 0.0 0.0 0.0 0.0 0.0
34907.0 255246.0 72.0 1863917.0 621575.0 349.0 1580.0 0.0 0.0 13597632.0 6800916.5 1134217.0 11763.0 11541.0 5781.0 2021.0 10197.0 0.0 2.0 0.0 1.0 16.0 0.0 0.0 0.0 0.0 0.0 0.0 0.0 0.0
35130.0 258798.0 74.0 1906625.0 635668.0 376.0 1679.0 0.0 0.0 14034508.0 7027555.5 1173520.0 12802.0 12437.0 6367.0 2218.0 10979.0 0.0 4.0 0.0 1.0 14.0 0.0 0.0 0.0 0.0 0.0 0.0 0.0 0.0
35032.0 257129.0 65.0 1883639.0 627001.0 379.0 1368.0 0.0 0.0 13782534.0 6876285.5 1139631.0 9418.0 9999.0 4791.0 2083.0 11088.0 0.0 3.0 0.0 0.0 24.0 0.0 0.0 0.0 0.0 0.0 0.0 0.0 0.0
34732.0 252814.0 77.0 1839594.0 612079.0 370.0 1720.0 1.0 0.0 13373827.0 6677826.5 1110898.0 12805.0 12511.0 6299.0 2029.0 10733.0 18.0 1.0 10.0 5.0 18.0 0.0 0.0 0.0 0.0 0.0 0.0 0.0 0.0
35053.0 257549.0 62.0 1888590.0 630576.0 333.0 1314.0 0.0 0.0 13841030.0 6921657.0 1157248.0 9265.0 9517.0 4696.0 2122.0 9772.0 0.0 1.0 0.0 2.0 8.0 0.0 0.0 0.0 0.0 0.0 0.0 0.0 0.0
35069.0 258222.0 65.0 1900194.0 633580.0 345.0 1448.0 0.0 0.0 13971677.0 6988255.0 1164186.0 10684.0 10586.0 5381.0 2156.0 10025.0 0.0 0.0 0.0 0.0 8.0 0.0 0.0 0.0 0.0 0.0 0.0 0.0 0.0
34942.0 255745.0 71.0 1869105.0 622901.0 348.0 1527.0 0.0 0.0 13648984.0 6815286.5 1137493.0 10963.0 11111.0 5441.0 2083.0 10113.0 0.0 2.0 0.0 3.0 8.0 0.0 0.0 0.0 0.0 0.0 0.0 0.0 0.0
34856.0 254517.0 75.0 1856120.0 620313.0 345.0 1663.0 2.0 0.0 13522149.0 6775417.0 1137445.0 12085.0 12164.0 6148.0 2073.0 10085.0 30.0 0.0 37.0 0.0 28.0 0.0 0.0 0.0 0.0 0.0 0.0 0.0 0.0
34656.0 251255.0 58.0 1819961.0 605846.0 323.0 1277.0 0.0 0.0 13166983.0 6577648.0 1095457.0 9274.0 9296.0 4708.0 1993.0 9465.0 0.0 2.0 0.0 3.0 12.0 0.0 0.0 0.0 0.0 0.0 0.0 0.0 0.0
34786.0 254233.0 61.0 1856017.0 621227.0 357.0 1289.0 0.0 0.0 13538810.0 6795982.5 1143538.0 9094.0 9235.0 4485.0 2089.0 10604.0 0.0 0.0 0.0 0.0 14.0 0.0 0.0 0.0 0.0 0.0 0.0 0.0 0.0
35306.0 260853.0 77.0 1923826.0 639906.0 407.0 1809.0 0.0 0.0 14169310.0 7066446.5 1170437.0 14303.0 13325.0 7109.0 2243.0 12037.0 0.0 3.0 0.0 3.0 20.0 0.0 0.0 0.0 0.0 0.0 0.0 0.0 0.0
35167.0 259620.0 61.0 1914065.0 640253.0 405.0 1390.0 0.0 0.0 14097305.0 7070141.0 1187748.0 10509.0 10362.0 5306.0 2204.0 12043.0 0.0 3.0 0.0 1.0 16.0 0.0 0.0 0.0 0.0 0.0 0.0 0.0 0.0
35070.0 258533.0 62.0 1904029.0 636770.0 356.0 1335.0 0.0 0.0 14005463.0 7026365.0 1179943.0 9574.0 9674.0 4737.0 2188.0 10566.0 0.0 1.0 0.0 2.0 20.0 0.0 0.0 0.0 0.0 0.0 0.0 0.0 0.0
34957.0 256277.0 59.0 1876103.0 626385.0 379.0 1249.0 0.0 0.0 13727376.0 6865326.0 1148063.0 8831.0 9065.0 4450.0 2116.0 11005.0 0.0 1.0 0.0 2.0 22.0 0.0 0.0 0.0 0.0 0.0 0.0 0.0 0.0
34522.0 249847.0 58.0 1807607.0 602135.0 368.0 1196.0 0.0 0.0 13071614.0 6533293.0 1088877.0 7997.0 8685.0 4073.0 2004.0 10781.0 0.0 1.0 0.0 1.0 8.0 0.0 0.0 0.0 0.0 0.0 0.0 0.0 0.0
34773.0 253633.0 67.0 1849926.0 615692.0 364.0 1426.0 1.0 0.0 13491501.0 6735783.5 1117751.0 10044.0 10524.0 4966.0 1996.0 10757.0 17.0 2.0 16.0 0.0 30.0 0.0 0.0 0.0 0.0 0.0 0.0 0.0 0.0
34899.0 254460.0 68.0 1853076.0 616742.0 340.0 1498.0 1.0 0.0 13485337.0 6729797.0 1118662.0 11118.0 11100.0 5492.0 2060.0 10015.0 12.0 1.0 15.0 0.0 22.0 0.0 0.0 0.0 0.0 0.0 0.0 0.0 0.0
34926.0 256113.0 51.0 1876451.0 627044.0 368.0 1097.0 1.0 0.0 13730476.0 6885120.5 1152802.0 7646.0 7881.0 3969.0 2136.0 10614.0 10.0 1.0 15.0 0.0 6.0 0.0 0.0 0.0 0.0 0.0 0.0 0.0 0.0
35292.0 261381.0 62.0 1931589.0 645377.0 386.0 1426.0 1.0 0.0 14256417.0 7138957.0 1194686.0 10905.0 10736.0 5427.0 2219.0 11259.0 22.0 3.0 10.0 1.0 22.0 0.0 0.0 0.0 0.0 0.0 0.0 0.0 0.0
35036.0 257641.0 75.0 1891952.0 630809.0 384.0 1612.0 1.0 0.0 13882576.0 6937646.5 1153546.0 11362.0 11755.0 5799.0 2243.0 11362.0 11.0 2.0 7.0 2.0 10.0 0.0 0.0 0.0 0.0 0.0 0.0 0.0 0.0
34711.0 252896.0 66.0 1840910.0 613068.0 324.0 1492.0 0.0 0.0 13385701.0 6685210.0 1109523.0 11290.0 10909.0 5651.0 2065.0 9339.0 0.0 4.0 0.0 2.0 16.0 0.0 0.0 0.0 0.0 0.0 0.0 0.0 0.0
34743.0 252499.0 68.0 1834570.0 609833.0 379.0 1474.0 0.0 0.0 13321620.0 6643954.5 1102425.0 10661.0 10814.0 5383.0 1979.0 11018.0 0.0 2.0 0.0 0.0 16.0 0.0 0.0 0.0 0.0 0.0 0.0 0.0 0.0
34917.0 255643.0 74.0 1870461.0 623739.0 372.0 1678.0 2.0 0.0 13676753.0 6843658.0 1144173.0 12646.0 12480.0 6305.0 2135.0 10894.0 30.0 2.0 27.0 1.0 24.0 0.0 0.0 0.0 0.0 0.0 0.0 0.0 0.0
34986.0 255429.0 69.0 1863765.0 616476.0 350.0 1442.0 0.0 0.0 13581872.0 6743600.5 1103419.0 10164.0 10671.0 4986.0 2049.0 10206.0 0.0 1.0 0.0 0.0 12.0 0.0 0.0 0.0 0.0 0.0 0.0 0.0 0.0
34911.0 256488.0 49.0 1881813.0 629245.0 347.0 1061.0 0.0 0.0 13793057.0 6915904.0 1155898.0 7530.0 7704.0 3810.0 2129.0 10167.0 0.0 0.0 0.0 2.0 14.0 0.0 0.0 0.0 0.0 0.0 0.0 0.0 0.0
34906.0 255869.0 77.0 1875651.0 625240.0 334.0 1632.0 2.0 0.0 13744905.0 6877406.0 1145792.0 11542.0 11976.0 5693.0 2097.0 9854.0 25.0 4.0 32.0 0.0 18.0 0.0 0.0 0.0 0.0 0.0 0.0 0.0 0.0
34653.0 250503.0 66.0 1810801.0 601025.0 353.0 1431.0 0.0 0.0 13074146.0 6518372.5 1079931.0 10307.0 10301.0 5175.0 2017.0 10093.0 0.0 1.0 0.0 3.0 20.0 0.0 0.0 0.0 0.0 0.0 0.0 0.0 0.0
35030.0 256538.0 54.0 1875871.0 623914.0 326.0 1222.0 0.0 0.0 13701491.0 6829125.5 1133125.0 9179.0 8751.0 4671.0 2108.0 9436.0 0.0 0.0 0.0 3.0 20.0 0.0 0.0 0.0 0.0 0.0 0.0 0.0 0.0
34926.0 254868.0 67.0 1857674.0 617391.0 345.0 1525.0 0.0 0.0 13534689.0 6744101.0 1116796.0 11411.0 11064.0 5804.0 2111.0 10029.0 0.0 2.0 0.0 2.0 16.0 0.0 0.0 0.0 0.0 0.0 0.0 0.0 0.0
35122.0 258767.0 65.0 1903024.0 636436.0 372.0 1421.0 0.0 0.0 13985135.0 7007884.5 1177024.0 10353.0 10411.0 5163.0 2203.0 10977.0 0.0 1.0 0.0 0.0 18.0 0.0 0.0 0.0 0.0 0.0 0.0 0.0 0.0
34873.0 254872.0 64.0 1858851.0 620213.0 372.0 1365.0 0.0 0.0 13543616.0 6771953.0 1132020.0 9539.0 9978.0 4866.0 2031.0 10802.0 0.0 3.0 0.0 2.0 14.0 0.0 0.0 0.0 0.0 0.0 0.0 0.0 0.0
34846.0 254004.0 57.0 1851140.0 615005.0 351.0 1201.0 2.0 0.0 13474375.0 6723493.5 1113048.0 8491.0 8811.0 4153.0 2072.0 10261.0 28.0 1.0 26.0 1.0 18.0 0.0 0.0 0.0 0.0 0.0 0.0 0.0 0.0
35272.0 260083.0 57.0 1917249.0 636155.0 389.0 1193.0 1.0 0.0 14120808.0 7032227.5 1159317.0 8629.0 8800.0 4173.0 2134.0 11333.0 13.0 4.0 15.0 2.0 10.0 0.0 0.0 0.0 0.0 0.0 0.0 0.0 0.0
34663.0 251359.0 61.0 1820456.0 605194.0 329.0 1326.0 0.0 0.0 13175257.0 6566564.5 1084912.0 9568.0 9656.0 4783.0 2065.0 9629.0 0.0 3.0 0.0 1.0 10.0 0.0 0.0 0.0 0.0 0.0 0.0 0.0 0.0
34995.0 256585.0 61.0 1880188.0 625292.0 397.0 1318.0 0.0 0.0 13765945.0 6867414.5 1137197.0 9486.0 9641.0 4810.0 2169.0 11588.0 0.0 3.0 0.0 2.0 28.0 0.0 0.0 0.0 0.0 0.0 0.0 0.0 0.0
34993.0 258139.0 69.0 1901224.0 638128.0 378.0 1500.0 0.0 0.0 13984774.0 7037748.0 1189221.0 10849.0 10850.0 5317.0 2182.0 11349.0 0.0 0.0 0.0 1.0 20.0 0.0 0.0 0.0 0.0 0.0 0.0 0.0 0.0
34650.0 251909.0 75.0 1831034.0 609845.0 352.0 1676.0 0.0 0.0 13302109.0 6649588.0 1103163.0 12469.0 12403.0 6186.0 2059.0 10249.0 0.0 4.0 0.0 1.0 18.0 0.0 0.0 0.0 0.0 0.0 0.0 0.0 0.0
35038.0 257027.0 70.0 1884942.0 626072.0 371.0 1553.0 0.0 0.0 13814215.0 6884150.5 1136487.0 11495.0 11547.0 5691.0 2128.0 10860.0 0.0 2.0 0.0 0.0 20.0 0.0 0.0 0.0 0.0 0.0 0.0 0.0 0.0
34839.0 254304.0 54.0 1854785.0 618240.0 326.0 1184.0 0.0 0.0 13513743.0 6757025.0 1127451.0 8649.0 8622.0 4295.0 2089.0 9526.0 0.0 1.0 0.0 1.0 22.0 0.0 0.0 0.0 0.0 0.0 0.0 0.0 0.0
34889.0 253934.0 57.0 1846059.0 611619.0 340.0 1273.0 0.0 0.0 13408751.0 6663598.0 1095697.0 9424.0 9400.0 4776.0 2023.0 9780.0 0.0 2.0 0.0 2.0 18.0 0.0 0.0 0.0 0.0 0.0 0.0 0.0 0.0
34932.0 255824.0 69.0 1872861.0 623745.0 342.0 1509.0 0.0 0.0 13698359.0 6848840.0 1139987.0 10923.0 11016.0 5543.0 2087.0 10045.0 0.0 0.0 0.0 1.0 28.0 0.0 0.0 0.0 0.0 0.0 0.0 0.0 0.0
34651.0 251912.0 62.0 1829517.0 612034.0 388.0 1291.0 0.0 0.0 13275015.0 6661055.5 1120999.0 8984.0 9403.0 4538.0 2011.0 11311.0 0.0 3.0 0.0 2.0 14.0 0.0 0.0 0.0 0.0 0.0 0.0 0.0 0.0
34926.0 255792.0 91.0 1874036.0 624164.0 325.0 1921.0 2.0 0.0 13717626.0 6861363.5 1140874.0 13430.0 14068.0 6618.0 2176.0 9392.0 26.0 3.0 23.0 0.0 8.0 0.0 0.0 0.0 0.0 0.0 0.0 0.0 0.0
34867.0 254757.0 73.0 1859402.0 618701.0 334.0 1635.0 1.0 0.0 13558194.0 6763747.0 1121038.0 12202.0 11907.0 6287.0 2064.0 9795.0 12.0 3.0 24.0 1.0 12.0 0.0 0.0 0.0 0.0 0.0 0.0 0.0 0.0
34902.0 255591.0 57.0 1870719.0 623222.0 380.0 1260.0 2.0 0.0 13680471.0 6837624.5 1134623.0 9341.0 9358.0 4582.0 2146.0 11098.0 25.0 5.0 31.0 1.0 10.0 0.0 0.0 0.0 0.0 0.0 0.0 0.0 0.0
34797.0 253801.0 68.0 1852212.0 617553.0 339.0 1492.0 0.0 1.0 13504958.0 6762877.5 1129239.0 10831.0 11003.0 5511.0 2133.0 9926.0 0.0 0.0 0.0 0.0 14.0 0.0 31.0 0.0 0.0 0.0 0.0 0.0 0.0
35167.0 259141.0 68.0 1909577.0 635625.0 361.0 1580.0 0.0 0.0 14058172.0 7023252.5 1167855.0 12139.0 11627.0 6176.0 2247.0 10610.0 0.0 6.0 0.0 1.0 14.0 0.0 0.0 0.0 0.0 0.0 0.0 0.0 0.0
35028.0 257761.0 82.0 1893874.0 634070.0 353.0 1808.0 2.0 0.0 13905237.0 6975273.5 1176151.0 13303.0 13313.0 6668.0 2123.0 10436.0 36.0 3.0 31.0 2.0 24.0 0.0 0.0 0.0 0.0 0.0 0.0 0.0 0.0
34769.0 252896.0 55.0 1837663.0 611896.0 362.0 1221.0 0.0 0.0 13347362.0 6662765.0 1110746.0 9073.0 8800.0 4568.0 2140.0 10448.0 0.0 2.0 0.0 3.0 20.0 0.0 0.0 0.0 0.0 0.0 0.0 0.0 0.0
34867.0 254602.0 57.0 1856651.0 616982.0 381.0 1245.0 1.0 0.0 13520887.0 6738314.5 1112937.0 8982.0 9138.0 4375.0 2154.0 11238.0 17.0 2.0 11.0 2.0 16.0 0.0 0.0 0.0 0.0 0.0 0.0 0.0 0.0
34969.0 255425.0 59.0 1862793.0 619314.0 399.0 1296.0 1.0 0.0 13576339.0 6765772.0 1121819.0 9422.0 9426.0 4722.0 2014.0 11543.0 19.0 0.0 8.0 1.0 22.0 0.0 0.0 0.0 0.0 0.0 0.0 0.0 0.0
34921.0 255991.0 75.0 1875870.0 625788.0 335.0 1673.0 1.0 0.0 13735051.0 6877431.0 1148705.0 12579.0 12187.0 6114.0 2105.0 9767.0 13.0 1.0 13.0 1.0 16.0 0.0 0.0 0.0 0.0 0.0 0.0 0.0 0.0
34981.0 256523.0 74.0 1879655.0 625379.0 368.0 1626.0 1.0 0.0 13769093.0 6869243.0 1139147.0 12047.0 11708.0 5928.0 2155.0 10786.0 9.0 4.0 15.0 0.0 20.0 0.0 0.0 0.0 0.0 0.0 0.0 0.0 0.0
35167.0 259833.0 59.0 1919060.0 640424.0 372.0 1366.0 0.0 0.0 14157583.0 7091258.5 1186671.0 10515.0 10112.0 5376.0 2183.0 10850.0 0.0 4.0 0.0 0.0 14.0 0.0 0.0 0.0 0.0 0.0 0.0 0.0 0.0
35269.0 261899.0 66.0 1944841.0 649018.0 403.0 1534.0 0.0 0.0 14432857.0 7225794.0 1204893.0 12041.0 11506.0 5969.0 2306.0 11878.0 0.0 2.0 0.0 1.0 24.0 0.0 0.0 0.0 0.0 0.0 0.0 0.0 0.0
34820.0 253919.0 65.0 1849780.0 615545.0 324.0 1386.0 2.0 0.0 13463596.0 6715485.5 1115445.0 9773.0 9943.0 4821.0 2090.0 9501.0 29.0 2.0 26.0 0.0 18.0 0.0 0.0 0.0 0.0 0.0 0.0 0.0 0.0
34743.0 253802.0 69.0 1853204.0 619603.0 360.0 1495.0 1.0 0.0 13518268.0 6783892.0 1136126.0 10649.0 11012.0 5389.0 1996.0 10624.0 12.0 1.0 19.0 1.0 18.0 0.0 0.0 0.0 0.0 0.0 0.0 0.0 0.0
35154.0 259267.0 60.0 1910297.0 637334.0 373.0 1333.0 0.0 0.0 14060873.0 7037095.5 1173896.0 9791.0 9869.0 4968.0 2127.0 10957.0 0.0 2.0 0.0 2.0 14.0 0.0 0.0 0.0 0.0 0.0 0.0 0.0 0.0
35085.0 257699.0 64.0 1890361.0 630636.0 327.0 1384.0 1.0 0.0 13856301.0 6931369.0 1159744.0 9992.0 10173.0 4864.0 2108.0 9654.0 15.0 1.0 10.0 0.0 14.0 0.0 0.0 0.0 0.0 0.0 0.0 0.0 0.0
34695.0 251869.0 65.0 1825906.0 609286.0 329.0 1402.0 0.0 0.0 13221722.0 6617121.5 1108387.0 10146.0 10097.0 5215.0 2012.0 9546.0 0.0 1.0 0.0 3.0 18.0 0.0 0.0 0.0 0.0 0.0 0.0 0.0 0.0
35131.0 258804.0 66.0 1903533.0 633996.0 360.0 1463.0 0.0 0.0 13989451.0 6983516.0 1158858.0 10680.0 10681.0 5366.0 2081.0 10522.0 0.0 1.0 0.0 1.0 16.0 0.0 0.0 0.0 0.0 0.0 0.0 0.0 0.0
34452.0 249786.0 69.0 1811603.0 605850.0 344.0 1568.0 0.0 0.0 13124590.0 6591088.0 1107930.0 11787.0 11138.0 5973.0 2014.0 10196.0 0.0 2.0 0.0 0.0 18.0 0.0 0.0 0.0 0.0 0.0 0.0 0.0 0.0
35302.0 260951.0 77.0 1926667.0 642282.0 362.0 1622.0 0.0 0.0 14208734.0 7101597.5 1184315.0 11344.0 12105.0 5755.0 2195.0 10699.0 0.0 3.0 0.0 4.0 30.0 0.0 0.0 0.0 0.0 0.0 0.0 0.0 0.0
35115.0 258099.0 60.0 1898694.0 629397.0 347.0 1321.0 1.0 0.0 13957654.0 6951828.0 1141546.0 9775.0 9740.0 4857.0 2136.0 9943.0 13.0 1.0 15.0 2.0 12.0 0.0 0.0 0.0 0.0 0.0 0.0 0.0 0.0
34957.0 256836.0 60.0 1886978.0 629949.0 358.0 1332.0 0.0 0.0 13853909.0 6940750.5 1160926.0 9987.0 9714.0 4933.0 2233.0 10598.0 0.0 3.0 0.0 1.0 14.0 0.0 0.0 0.0 0.0 0.0 0.0 0.0 0.0
34906.0 255494.0 61.0 1868920.0 622770.0 352.0 1343.0 2.0 0.0 13654352.0 6828540.5 1138804.0 9812.0 9834.0 4891.0 2085.0 10205.0 36.0 0.0 31.0 1.0 8.0 0.0 0.0 0.0 0.0 0.0 0.0 0.0 0.0
35048.0 256635.0 53.0 1878315.0 625239.0 354.0 1128.0 0.0 0.0 13736666.0 6863007.0 1143460.0 7943.0 8124.0 3978.0 2098.0 10409.0 0.0 2.0 0.0 2.0 12.0 0.0 0.0 0.0 0.0 0.0 0.0 0.0 0.0
35052.0 257475.0 82.0 1889750.0 631033.0 344.0 1837.0 0.0 0.0 13856280.0 6945128.5 1164104.0 13495.0 13406.0 6824.0 2150.0 10180.0 0.0 4.0 0.0 3.0 26.0 0.0 0.0 0.0 0.0 0.0 0.0 0.0 0.0
34817.0 254804.0 73.0 1865248.0 621254.0 368.0 1604.0 1.0 0.0 13638073.0 6822803.5 1134915.0 11901.0 11924.0 5948.0 2145.0 10678.0 10.0 3.0 14.0 1.0 18.0 0.0 0.0 0.0 0.0 0.0 0.0 0.0 0.0
34910.0 256131.0 69.0 1878648.0 628107.0 343.0 1543.0 0.0 0.0 13767621.0 6910545.5 1158631.0 11354.0 11326.0 5763.0 2152.0 10189.0 0.0 2.0 0.0 0.0 8.0 0.0 0.0 0.0 0.0 0.0 0.0 0.0 0.0
34746.0 253182.0 66.0 1844375.0 616699.0 354.0 1466.0 0.0 0.0 13419979.0 6738221.5 1131435.0 10916.0 10386.0 5452.0 2100.0 10232.0 0.0 4.0 0.0 1.0 18.0 0.0 0.0 0.0 0.0 0.0 0.0 0.0 0.0
34901.0 255090.0 52.0 1860675.0 620813.0 380.0 1161.0 0.0 0.0 13561302.0 6781190.0 1132295.0 8736.0 8468.0 4357.0 2075.0 11020.0 0.0 0.0 0.0 0.0 16.0 0.0 0.0 0.0 0.0 0.0 0.0 0.0 0.0
34708.0 252025.0 59.0 1827377.0 608869.0 351.0 1295.0 2.0 0.0 13239801.0 6615289.5 1102700.0 9747.0 9322.0 4701.0 1959.0 10128.0 27.0 1.0 25.0 0.0 12.0 0.0 0.0 0.0 0.0 0.0 0.0 0.0 0.0
34948.0 256345.0 55.0 1877923.0 627148.0 360.0 1226.0 0.0 0.0 13745285.0 6884482.0 1152173.0 9003.0 8880.0 4482.0 2081.0 10491.0 0.0 3.0 0.0 4.0 22.0 0.0 0.0 0.0 0.0 0.0 0.0 0.0 0.0
35181.0 259330.0 79.0 1910230.0 634653.0 362.0 1746.0 0.0 0.0 14057733.0 7007239.0 1158127.0 12852.0 12929.0 6451.0 2151.0 10811.0 0.0 3.0 0.0 1.0 24.0 0.0 0.0 0.0 0.0 0.0 0.0 0.0 0.0
35262.0 260832.0 68.0 1927560.0 643138.0 356.0 1545.0 1.0 0.0 14229366.0 7122417.0 1188727.0 11700.0 11231.0 5780.0 2163.0 10409.0 15.0 0.0 12.0 0.0 20.0 0.0 0.0 0.0 0.0 0.0 0.0 0.0 0.0
34914.0 255228.0 52.0 1863337.0 618634.0 370.0 1142.0 1.0 0.0 13591995.0 6767375.5 1115903.0 8429.0 8440.0 4182.0 2079.0 10730.0 17.0 0.0 18.0 1.0 10.0 0.0 0.0 0.0 0.0 0.0 0.0 0.0 0.0
34908.0 255438.0 69.0 1866955.0 622614.0 329.0 1544.0 1.0 0.0 13636425.0 6814718.0 1137420.0 11394.0 11364.0 5849.0 2127.0 9595.0 12.0 4.0 12.0 4.0 16.0 0.0 0.0 0.0 0.0 0.0 0.0 0.0 0.0
34950.0 255472.0 64.0 1866503.0 620342.0 350.0 1374.0 0.0 0.0 13629812.0 6798428.5 1125941.0 9801.0 10075.0 4808.0 2152.0 10444.0 0.0 2.0 0.0 3.0 14.0 0.0 0.0 0.0 0.0 0.0 0.0 0.0 0.0
34844.0 255011.0 69.0 1864116.0 622751.0 336.0 1464.0 0.0 0.0 13611743.0 6816574.5 1142889.0 10402.0 10718.0 5229.0 2197.0 9912.0 0.0 1.0 0.0 2.0 22.0 0.0 0.0 0.0 0.0 0.0 0.0 0.0 0.0
34963.0 256463.0 54.0 1880087.0 626534.0 402.0 1195.0 2.0 0.0 13767128.0 6885754.5 1146394.0 8987.0 8733.0 4516.0 2055.0 11794.0 26.0 1.0 18.0 0.0 24.0 0.0 0.0 0.0 0.0 0.0 0.0 0.0 0.0
34620.0 251562.0 66.0 1826032.0 610390.0 369.0 1437.0 0.0 0.0 13249946.0 6640676.0 1113888.0 10364.0 10594.0 5201.0 1956.0 10842.0 0.0 1.0 0.0 1.0 24.0 0.0 0.0 0.0 0.0 0.0 0.0 0.0 0.0
35205.0 259587.0 69.0 1912360.0 636644.0 357.0 1600.0 0.0 0.0 14080074.0 7029024.0 1168670.0 12268.0 11761.0 6228.0 2174.0 10511.0 0.0 0.0 0.0 2.0 20.0 0.0 0.0 0.0 0.0 0.0 0.0 0.0 0.0
34928.0 256377.0 52.0 1877920.0 628055.0 351.0 1168.0 1.0 0.0 13742112.0 6883101.5 1154678.0 8704.0 8648.0 4318.0 2128.0 10325.0 15.0 1.0 18.0 1.0 14.0 0.0 0.0 0.0 0.0 0.0 0.0 0.0 0.0
35016.0 256399.0 87.0 1875764.0 625023.0 373.0 1889.0 1.0 0.0 13702115.0 6850630.5 1142379.0 13768.0 13701.0 6829.0 2159.0 10833.0 15.0 4.0 15.0 0.0 24.0 0.0 0.0 0.0 0.0 0.0 0.0 0.0 0.0
34712.0 252358.0 59.0 1831141.0 610227.0 321.0 1308.0 2.0 0.0 13275626.0 6632079.5 1104505.0 9847.0 9569.0 4792.0 2179.0 9278.0 26.0 1.0 27.0 0.0 10.0 0.0 0.0 0.0 0.0 0.0 0.0 0.0 0.0
35253.0 260104.0 81.0 1917100.0 637225.0 332.0 1830.0 0.0 0.0 14116611.0 7034765.5 1165127.0 13798.0 13562.0 6778.0 2244.0 9754.0 0.0 0.0 0.0 1.0 18.0 0.0 0.0 0.0 0.0 0.0 0.0 0.0 0.0
34975.0 256048.0 76.0 1872475.0 624448.0 352.0 1631.0 1.0 0.0 13682333.0 6844438.0 1142497.0 11726.0 11687.0 5663.0 2092.0 10145.0 12.0 3.0 13.0 1.0 18.0 0.0 0.0 0.0 0.0 0.0 0.0 0.0 0.0
35066.0 256984.0 64.0 1880913.0 624640.0 341.0 1382.0 0.0 0.0 13756409.0 6848039.0 1130122.0 10052.0 9917.0 4996.0 2054.0 9817.0 0.0 0.0 0.0 1.0 24.0 0.0 0.0 0.0 0.0 0.0 0.0 0.0 0.0
34807.0 253780.0 66.0 1848743.0 614928.0 343.0 1482.0 1.0 0.0 13454456.0 6711946.0 1113158.0 11011.0 10560.0 5461.0 2059.0 10026.0 19.0 2.0 16.0 0.0 18.0 0.0 0.0 0.0 0.0 0.0 0.0 0.0 0.0
34967.0 255381.0 79.0 1865225.0 619190.0 385.0 1747.0 0.0 0.0 13610578.0 6784205.0 1121647.0 12926.0 12565.0 6394.0 2073.0 11308.0 0.0 3.0 0.0 0.0 18.0 0.0 0.0 0.0 0.0 0.0 0.0 0.0 0.0
34995.0 256440.0 65.0 1876677.0 622884.0 332.0 1404.0 0.0 0.0 13722906.0 6828606.5 1123383.0 10030.0 10425.0 5010.0 2061.0 9634.0 0.0 1.0 0.0 0.0 10.0 0.0 0.0 0.0 0.0 0.0 0.0 0.0 0.0
35236.0 260878.0 80.0 1930436.0 645671.0 364.0 1860.0 1.0 0.0 14269459.0 7160798.5 1202381.0 14257.0 13716.0 7304.0 2242.0 10901.0 9.0 3.0 15.0 2.0 28.0 0.0 0.0 0.0 0.0 0.0 0.0 0.0 0.0
35079.0 256742.0 67.0 1877826.0 622334.0 376.0 1456.0 0.0 0.0 13721142.0 6822855.0 1121840.0 10383.0 10616.0 5299.0 2078.0 10931.0 0.0 3.0 0.0 2.0 20.0 0.0 0.0 0.0 0.0 0.0 0.0 0.0 0.0
34749.0 253618.0 50.0 1849271.0 618201.0 354.0 1096.0 0.0 0.0 13467622.0 6753591.5 1132919.0 7869.0 8009.0 3952.0 2031.0 10512.0 0.0 1.0 0.0 3.0 6.0 0.0 0.0 0.0 0.0 0.0 0.0 0.0 0.0
34664.0 252125.0 72.0 1833936.0 612150.0 372.0 1570.0 0.0 0.0 13328159.0 6679258.5 1118880.0 11316.0 11562.0 5733.0 1904.0 10830.0 0.0 3.0 0.0 1.0 18.0 0.0 0.0 0.0 0.0 0.0 0.0 0.0 0.0
34923.0 255323.0 73.0 1865776.0 621053.0 342.0 1570.0 2.0 0.0 13623789.0 6807418.5 1131934.0 11348.0 11459.0 5656.0 2100.0 10085.0 31.0 3.0 39.0 2.0 28.0 0.0 0.0 1.0 0.0 0.0 0.0 0.0 0.0
35054.0 257360.0 58.0 1888300.0 628781.0 333.0 1306.0 1.0 0.0 13844335.0 6915767.5 1148601.0 9890.0 9529.0 4987.0 2114.0 9774.0 15.0 6.0 21.0 1.0 6.0 0.0 0.0 0.0 0.0 0.0 0.0 0.0 0.0
35223.0 259638.0 52.0 1912770.0 636120.0 357.0 1143.0 0.0 0.0 14079536.0 7025780.5 1164690.0 8373.0 8392.0 4118.0 2152.0 10638.0 0.0 3.0 0.0 1.0 8.0 0.0 0.0 0.0 0.0 0.0 0.0 0.0 0.0
34537.0 249945.0 57.0 1807941.0 602724.0 337.0 1260.0 0.0 0.0 13069878.0 6538403.5 1089333.0 9129.0 9068.0 4642.0 1959.0 9683.0 0.0 1.0 0.0 1.0 16.0 0.0 0.0 0.0 0.0 0.0 0.0 0.0 0.0
34838.0 254073.0 68.0 1851523.0 615314.0 311.0 1476.0 1.0 0.0 13484781.0 6722033.0 1112605.0 10818.0 10753.0 5213.0 2043.0 9077.0 13.0 3.0 17.0 2.0 10.0 0.0 0.0 0.0 0.0 0.0 0.0 0.0 0.0
34806.0 254490.0 71.0 1858524.0 619106.0 389.0 1596.0 0.0 0.0 13555935.0 6777050.0 1123842.0 11963.0 11363.0 6021.0 2080.0 11384.0 0.0 1.0 0.0 1.0 16.0 0.0 0.0 0.0 0.0 0.0 0.0 0.0 0.0
35085.0 258666.0 67.0 1907695.0 637531.0 356.0 1541.0 0.0 0.0 14054468.0 7053570.0 1183554.0 11884.0 11507.0 5771.0 2209.0 10686.0 0.0 3.0 0.0 1.0 10.0 0.0 0.0 0.0 0.0 0.0 0.0 0.0 0.0
34895.0 254996.0 52.0 1862127.0 620210.0 371.0 1092.0 0.0 0.0 13585052.0 6789867.0 1129528.0 7975.0 8020.0 3751.0 2051.0 10929.0 0.0 0.0 0.0 1.0 22.0 0.0 0.0 0.0 0.0 0.0 0.0 0.0 0.0
35077.0 257744.0 71.0 1893364.0 630104.0 368.0 1497.0 1.0 0.0 13897585.0 6943072.0 1154578.0 10421.0 10765.0 5194.0 2100.0 10893.0 11.0 8.0 12.0 0.0 26.0 0.0 0.0 0.0 0.0 0.0 0.0 0.0 0.0
35073.0 257861.0 51.0 1892609.0 631491.0 353.0 1066.0 0.0 0.0 13877763.0 6938909.0 1160237.0 7648.0 7798.0 3739.0 2093.0 10268.0 0.0 1.0 0.0 1.0 18.0 0.0 0.0 0.0 0.0 0.0 0.0 0.0 0.0
34656.0 251251.0 62.0 1818458.0 605452.0 362.0 1366.0 0.0 0.0 13150578.0 6564025.0 1090730.0 9983.0 9821.0 5074.0 1988.0 10319.0 0.0 1.0 0.0 2.0 20.0 0.0 0.0 0.0 0.0 0.0 0.0 0.0 0.0
34931.0 255448.0 55.0 1866153.0 621446.0 350.0 1216.0 0.0 0.0 13617677.0 6804869.5 1130271.0 8853.0 9107.0 4582.0 2055.0 10309.0 0.0 1.0 0.0 0.0 14.0 0.0 0.0 0.0 0.0 0.0 0.0 0.0 0.0
35067.0 258178.0 75.0 1899948.0 633938.0 359.0 1680.0 1.0 0.0 13960262.0 6997783.5 1168928.0 12461.0 12344.0 6267.0 2186.0 10632.0 15.0 2.0 22.0 1.0 18.0 0.0 0.0 0.0 0.0 0.0 0.0 0.0 0.0
34987.0 256207.0 63.0 1874418.0 624098.0 341.0 1377.0 0.0 0.0 13703593.0 6840376.0 1137725.0 10093.0 10026.0 4946.0 2175.0 9993.0 0.0 2.0 0.0 0.0 16.0 0.0 0.0 0.0 0.0 0.0 0.0 0.0 0.0
34699.0 253204.0 70.0 1845165.0 617738.0 347.0 1561.0 1.0 0.0 13433453.0 6741969.0 1133430.0 11825.0 11414.0 5906.0 2053.0 10137.0 22.0 3.0 14.0 1.0 24.0 0.0 0.0 0.0 0.0 0.0 0.0 0.0 0.0
34548.0 250233.0 61.0 1809346.0 604433.0 338.0 1330.0 0.0 0.0 13071766.0 6542138.5 1097760.0 9626.0 9700.0 4878.0 1963.0 9751.0 0.0 3.0 0.0 0.0 12.0 0.0 0.0 0.0 0.0 0.0 0.0 0.0 0.0
34611.0 251507.0 64.0 1827395.0 610032.0 361.0 1429.0 0.0 0.0 13255224.0 6650490.5 1114430.0 10572.0 10379.0 5348.0 2053.0 10584.0 0.0 5.0 0.0 1.0 16.0 0.0 0.0 0.0 0.0 0.0 0.0 0.0 0.0
35036.0 257463.0 73.0 1889591.0 630301.0 363.0 1620.0 1.0 0.0 13848852.0 6933634.0 1157788.0 11957.0 11910.0 6076.0 2147.0 10567.0 21.0 4.0 10.0 4.0 18.0 0.0 0.0 0.0 0.0 0.0 0.0 0.0 0.0
35190.0 259658.0 73.0 1912970.0 638260.0 367.0 1609.0 0.0 0.0 14080779.0 7041729.5 1174800.0 11870.0 11815.0 5824.0 2180.0 10817.0 0.0 0.0 0.0 3.0 14.0 0.0 0.0 0.0 0.0 0.0 0.0 0.0 0.0
35070.0 256833.0 54.0 1879515.0 624060.0 369.0 1167.0 1.0 0.0 13739665.0 6841430.5 1132375.0 8307.0 8419.0 4252.0 2057.0 10815.0 15.0 2.0 19.0 2.0 12.0 0.0 0.0 0.0 0.0 0.0 0.0 0.0 0.0
34832.0 254909.0 52.0 1862752.0 623326.0 353.0 1131.0 0.0 0.0 13602278.0 6823992.5 1148238.0 8158.0 8305.0 4020.0 2019.0 10229.0 0.0 1.0 0.0 1.0 12.0 0.0 0.0 0.0 0.0 0.0 0.0 0.0 0.0
34749.0 253052.0 76.0 1841271.0 613202.0 360.0 1634.0 0.0 0.0 13381906.0 6683633.5 1110726.0 11868.0 11836.0 5799.0 2089.0 10449.0 0.0 1.0 0.0 2.0 16.0 0.0 0.0 0.0 0.0 0.0 0.0 0.0 0.0
34806.0 253967.0 61.0 1852904.0 617042.0 362.0 1351.0 0.0 0.0 13504354.0 6750317.5 1122919.0 9814.0 9731.0 4874.0 2121.0 10621.0 0.0 2.0 0.0 3.0 28.0 0.0 0.0 0.0 0.0 0.0 0.0 0.0 0.0
34669.0 252385.0 78.0 1835993.0 614231.0 347.0 1735.0 0.0 0.0 13338059.0 6697183.5 1125997.0 12692.0 12636.0 6391.0 2012.0 10073.0 0.0 4.0 0.0 1.0 18.0 0.0 0.0 0.0 0.0 0.0 0.0 0.0 0.0
34977.0 257225.0 62.0 1890611.0 631205.0 381.0 1389.0 0.0 0.0 13880256.0 6954883.0 1160668.0 10584.0 10362.0 5280.0 2149.0 11175.0 0.0 1.0 0.0 3.0 10.0 0.0 0.0 0.0 0.0 0.0 0.0 0.0 0.0
35180.0 258897.0 77.0 1905642.0 634333.0 370.0 1711.0 1.0 0.0 14016564.0 7004575.5 1166306.0 12788.0 12482.0 6480.0 2223.0 10794.0 26.0 2.0 16.0 2.0 14.0 0.0 0.0 0.0 0.0 0.0 0.0 0.0 0.0
35162.0 259756.0 74.0 1916064.0 641417.0 390.0 1641.0 1.0 0.0 14116256.0 7086270.5 1194211.0 11952.0 12145.0 6128.0 2119.0 11606.0 14.0 1.0 14.0 3.0 30.0 0.0 0.0 0.0 0.0 0.0 0.0 0.0 0.0
34888.0 254919.0 56.0 1860912.0 619487.0 377.0 1161.0 0.0 0.0 13570887.0 6778585.0 1126780.0 7934.0 8462.0 4033.0 2077.0 10881.0 0.0 1.0 0.0 5.0 10.0 0.0 0.0 0.0 0.0 0.0 0.0 0.0 0.0
35484.0 263511.0 65.0 1953932.0 652313.0 362.0 1464.0 1.0 0.0 14484410.0 7243802.5 1214172.0 10984.0 10886.0 5384.0 2274.0 10599.0 12.0 2.0 10.0 1.0 18.0 0.0 0.0 0.0 0.0 0.0 0.0 0.0 0.0
35030.0 257047.0 61.0 1886854.0 627592.0 335.0 1320.0 1.0 0.0 13838706.0 6911090.5 1146284.0 9480.0 9602.0 4773.0 2090.0 9873.0 17.0 2.0 17.0 2.0 2.0 0.0 0.0 0.0 0.0 0.0 0.0 0.0 0.0
34944.0 256491.0 70.0 1882523.0 627049.0 332.0 1547.0 0.0 0.0 13804285.0 6904134.0 1147138.0 11485.0 11357.0 5626.0 2166.0 9601.0 0.0 4.0 0.0 1.0 16.0 0.0 0.0 0.0 0.0 0.0 0.0 0.0 0.0
34846.0 253959.0 58.0 1849532.0 614838.0 335.0 1248.0 0.0 0.0 13455511.0 6712768.0 1111784.0 9011.0 9050.0 4415.0 2074.0 9686.0 0.0 4.0 0.0 0.0 10.0 0.0 0.0 0.0 0.0 0.0 0.0 0.0 0.0
34723.0 252344.0 66.0 1833198.0 608354.0 370.0 1435.0 1.0 0.0 13308727.0 6626711.0 1092321.0 10449.0 10354.0 5069.0 1996.0 10583.0 20.0 2.0 11.0 0.0 12.0 0.0 0.0 0.0 0.0 0.0 0.0 0.0 0.0
35217.0 259739.0 73.0 1913577.0 637789.0 382.0 1642.0 2.0 0.0 14083508.0 7038956.0 1172768.0 12200.0 12298.0 6283.0 2122.0 11242.0 33.0 4.0 24.0 1.0 12.0 0.0 0.0 0.0 0.0 0.0 0.0 0.0 0.0
35113.0 259646.0 54.0 1916165.0 640940.0 379.0 1236.0 2.0 0.0 14128151.0 7083465.5 1186626.0 9292.0 9124.0 4710.0 2150.0 11112.0 36.0 4.0 26.0 1.0 24.0 0.0 0.0 0.0 0.0 0.0 0.0 0.0 0.0
34954.0 255568.0 67.0 1867636.0 621727.0 363.0 1458.0 1.0 0.0 13638249.0 6810184.5 1133559.0 10505.0 10629.0 5178.0 2049.0 10560.0 19.0 1.0 10.0 3.0 10.0 0.0 0.0 0.0 0.0 0.0 0.0 0.0 0.0
34872.0 255835.0 69.0 1873097.0 626997.0 358.0 1565.0 2.0 0.0 13695850.0 6873893.0 1153925.0 11818.0 11328.0 5793.0 2167.0 10607.0 31.0 1.0 28.0 4.0 12.0 0.0 0.0 0.0 0.0 0.0 0.0 0.0 0.0
34605.0 251574.0 62.0 1830866.0 610247.0 357.0 1301.0 0.0 0.0 13307367.0 6667617.0 1111068.0 9421.0 9416.0 4586.0 1973.0 10662.0 0.0 1.0 0.0 3.0 10.0 0.0 0.0 0.0 0.0 0.0 0.0 0.0 0.0
35053.0 257322.0 63.0 1890742.0 627889.0 364.0 1369.0 1.0 0.0 13880523.0 6926466.5 1143257.0 10000.0 10172.0 4942.0 2111.0 10835.0 17.0 0.0 14.0 2.0 22.0 0.0 0.0 0.0 0.0 0.0 0.0 0.0 0.0
34814.0 253951.0 56.0 1849283.0 616824.0 337.0 1208.0 0.0 0.0 13454766.0 6725198.5 1122032.0 8761.0 8814.0 4393.0 2010.0 9714.0 0.0 0.0 0.0 3.0 18.0 0.0 0.0 0.0 0.0 0.0 0.0 0.0 0.0
34896.0 255918.0 70.0 1874252.0 627531.0 356.0 1467.0 1.0 0.0 13715091.0 6882466.5 1157568.0 10227.0 10775.0 5155.0 2130.0 10525.0 16.0 2.0 21.0 1.0 12.0 0.0 0.0 0.0 0.0 0.0 0.0 0.0 0.0
34861.0 254680.0 78.0 1859064.0 618225.0 386.0 1725.0 1.0 0.0 13557061.0 6763981.0 1119688.0 12941.0 12927.0 6298.0 2126.0 11273.0 16.0 0.0 18.0 0.0 12.0 0.0 0.0 0.0 0.0 0.0 0.0 0.0 0.0
34870.0 254159.0 55.0 1851217.0 615983.0 370.0 1195.0 1.0 0.0 13470491.0 6726055.0 1117483.0 8621.0 8728.0 4490.0 2025.0 10759.0 10.0 2.0 16.0 1.0 18.0 0.0 0.0 0.0 0.0 0.0 0.0 0.0 0.0
34801.0 253565.0 55.0 1845657.0 614377.0 355.0 1151.0 1.0 0.0 13419808.0 6702794.0 1112210.0 8104.0 8474.0 3991.0 2009.0 10126.0 15.0 2.0 12.0 0.0 26.0 0.0 0.0 0.0 0.0 0.0 0.0 0.0 0.0
35254.0 261001.0 63.0 1930240.0 643014.0 394.0 1346.0 0.0 0.0 14258822.0 7125501.5 1184026.0 9482.0 9797.0 4840.0 2193.0 11590.0 0.0 1.0 0.0 1.0 12.0 0.0 0.0 0.0 0.0 0.0 0.0 0.0 0.0
34812.0 253740.0 66.0 1849619.0 615657.0 333.0 1454.0 3.0 0.0 13473396.0 6730765.0 1121658.0 10586.0 10615.0 5354.0 2004.0 9765.0 45.0 5.0 43.0 2.0 20.0 0.0 0.0 0.0 0.0 0.0 0.0 0.0 0.0
34873.0 254953.0 69.0 1862345.0 620785.0 335.0 1512.0 1.0 0.0 13586726.0 6795624.5 1132347.0 10800.0 10932.0 5587.0 2095.0 9822.0 10.0 3.0 17.0 3.0 12.0 0.0 0.0 0.0 0.0 0.0 0.0 0.0 0.0
34853.0 254919.0 64.0 1864046.0 621707.0 378.0 1410.0 0.0 0.0 13615943.0 6817485.0 1139592.0 10408.0 10449.0 5185.0 2085.0 11107.0 0.0 1.0 0.0 0.0 20.0 0.0 0.0 0.0 0.0 0.0 0.0 0.0 0.0
35054.0 257347.0 66.0 1886710.0 628751.0 372.0 1487.0 1.0 0.0 13820883.0 6905002.0 1150849.0 11233.0 10865.0 5462.0 2154.0 10886.0 23.0 6.0 18.0 4.0 16.0 0.0 0.0 0.0 0.0 0.0 0.0 0.0 0.0
34743.0 253932.0 64.0 1853230.0 620386.0 351.0 1423.0 1.0 0.0 13512334.0 6781516.5 1141187.0 10460.0 10477.0 5387.0 2087.0 10402.0 13.0 3.0 22.0 1.0 12.0 0.0 0.0 0.0 0.0 0.0 0.0 0.0 0.0
34614.0 251089.0 61.0 1821400.0 606094.0 328.0 1270.0 0.0 0.0 13196445.0 6594865.5 1094767.0 8777.0 9332.0 4342.0 2108.0 9454.0 0.0 0.0 0.0 0.0 18.0 0.0 0.0 0.0 0.0 0.0 0.0 0.0 0.0
34997.0 256988.0 73.0 1886754.0 629745.0 353.0 1548.0 0.0 0.0 13843742.0 6931686.5 1160151.0 10989.0 11366.0 5425.0 2076.0 10396.0 0.0 1.0 0.0 0.0 16.0 0.0 0.0 0.0 0.0 0.0 0.0 0.0 0.0
34969.0 256440.0 64.0 1882009.0 625587.0 356.0 1384.0 0.0 0.0 13799165.0 6895443.5 1140408.0 9764.0 10047.0 5000.0 2162.0 10428.0 0.0 1.0 0.0 0.0 10.0 0.0 0.0 0.0 0.0 0.0 0.0 0.0 0.0
35354.0 262507.0 64.0 1946914.0 651079.0 406.0 1355.0 1.0 0.0 14418581.0 7235822.5 1216048.0 9759.0 10067.0 4794.0 2306.0 12141.0 10.0 0.0 11.0 0.0 12.0 0.0 0.0 0.0 0.0 0.0 0.0 0.0 0.0
34835.0 254292.0 60.0 1856028.0 618340.0 343.0 1347.0 1.0 0.0 13531214.0 6765822.0 1126692.0 9923.0 9950.0 4960.0 2123.0 10003.0 14.0 0.0 15.0 1.0 12.0 0.0 0.0 0.0 0.0 0.0 0.0 0.0 0.0
34672.0 251760.0 80.0 1826470.0 607641.0 325.0 1710.0 3.0 0.0 13238746.0 6607149.0 1096559.0 12132.0 12336.0 6014.0 2000.0 9511.0 41.0 3.0 41.0 5.0 16.0 0.0 0.0 0.0 0.0 0.0 0.0 0.0 0.0
35151.0 259288.0 59.0 1909400.0 637798.0 396.0 1296.0 1.0 0.0 14048256.0 7031141.5 1176759.0 9539.0 9517.0 4796.0 2170.0 11640.0 8.0 0.0 19.0 2.0 20.0 0.0 0.0 0.0 0.0 0.0 0.0 0.0 0.0
35035.0 256881.0 81.0 1883279.0 626161.0 328.0 1806.0 0.0 0.0 13796130.0 6884560.0 1141903.0 13552.0 13057.0 6658.0 2183.0 9488.0 0.0 1.0 0.0 0.0 16.0 0.0 0.0 0.0 0.0 0.0 0.0 0.0 0.0
35001.0 256049.0 66.0 1871404.0 623057.0 366.0 1555.0 0.0 0.0 13665379.0 6822991.0 1137464.0 12057.0 11349.0 6173.0 2108.0 10690.0 0.0 3.0 0.0 1.0 10.0 0.0 0.0 0.0 0.0 0.0 0.0 0.0 0.0
35013.0 256550.0 45.0 1878161.0 626028.0 346.0 950.0 1.0 0.0 13737824.0 6873055.0 1146856.0 6751.0 6936.0 3409.0 2119.0 10094.0 10.0 0.0 13.0 0.0 12.0 0.0 0.0 0.0 0.0 0.0 0.0 0.0 0.0
34556.0 249711.0 66.0 1805141.0 600376.0 349.0 1418.0 0.0 0.0 13042240.0 6512826.5 1083488.0 10123.0 10272.0 5114.0 1914.0 10089.0 0.0 2.0 0.0 4.0 4.0 0.0 0.0 0.0 0.0 0.0 0.0 0.0 0.0
35086.0 258151.0 55.0 1897653.0 634005.0 341.0 1246.0 0.0 0.0 13938425.0 6982160.5 1170939.0 9360.0 8980.0 4736.0 2041.0 9892.0 0.0 0.0 0.0 2.0 18.0 0.0 0.0 0.0 0.0 0.0 0.0 0.0 0.0
34979.0 257365.0 62.0 1893752.0 632838.0 342.0 1362.0 0.0 0.0 13918123.0 6984712.5 1170780.0 9873.0 9972.0 5028.0 2099.0 10139.0 0.0 1.0 0.0 1.0 8.0 0.0 0.0 0.0 0.0 0.0 0.0 0.0 0.0
34641.0 252377.0 66.0 1837584.0 612564.0 355.0 1457.0 0.0 0.0 13364178.0 6684977.5 1111284.0 10560.0 10430.0 5137.0 2063.0 10308.0 0.0 2.0 0.0 0.0 8.0 0.0 0.0 0.0 0.0 0.0 0.0 0.0 0.0
34921.0 256423.0 78.0 1880179.0 628556.0 348.0 1674.0 0.0 0.0 13778224.0 6905905.0 1154299.0 11964.0 12194.0 5956.0 2096.0 10203.0 0.0 1.0 0.0 1.0 20.0 0.0 0.0 0.0 0.0 0.0 0.0 0.0 0.0
34989.0 256279.0 67.0 1875918.0 624299.0 353.0 1553.0 1.0 0.0 13714827.0 6851267.0 1136964.0 11895.0 11361.0 5892.0 2098.0 10222.0 16.0 5.0 14.0 2.0 14.0 0.0 0.0 0.0 0.0 0.0 0.0 0.0 0.0
34973.0 256536.0 74.0 1880580.0 626920.0 406.0 1575.0 0.0 0.0 13771987.0 6889077.5 1147526.0 11128.0 11575.0 5562.0 2170.0 11716.0 0.0 3.0 0.0 1.0 22.0 0.0 0.0 0.0 0.0 0.0 0.0 0.0 0.0
34973.0 255964.0 69.0 1871942.0 623318.0 344.0 1531.0 0.0 0.0 13669292.0 6834215.0 1133770.0 11197.0 11232.0 5709.0 2112.0 10094.0 0.0 2.0 0.0 0.0 24.0 0.0 0.0 0.0 0.0 0.0 0.0 0.0 0.0
34821.0 254111.0 55.0 1853938.0 617829.0 344.0 1195.0 0.0 0.0 13507667.0 6756772.0 1126595.0 8595.0 8901.0 4266.0 2051.0 10069.0 0.0 0.0 0.0 1.0 20.0 0.0 0.0 0.0 0.0 0.0 0.0 0.0 0.0
35126.0 259011.0 59.0 1907974.0 638039.0 367.0 1276.0 2.0 0.0 14042202.0 7043278.0 1181804.0 9264.0 9354.0 4608.0 2184.0 10658.0 30.0 2.0 31.0 1.0 18.0 0.0 0.0 0.0 0.0 0.0 0.0 0.0 0.0
34927.0 255713.0 61.0 1869868.0 623773.0 383.0 1328.0 0.0 0.0 13668296.0 6832301.5 1140151.0 9668.0 9730.0 4848.0 2093.0 11289.0 0.0 1.0 0.0 2.0 20.0 0.0 0.0 0.0 0.0 0.0 0.0 0.0 0.0
35152.0 258880.0 58.0 1906403.0 633540.0 380.0 1283.0 0.0 0.0 14026970.0 6998024.0 1155273.0 9424.0 9364.0 4682.0 2255.0 11100.0 0.0 3.0 0.0 1.0 20.0 0.0 0.0 0.0 0.0 0.0 0.0 0.0 0.0
35184.0 258318.0 76.0 1892751.0 627737.0 402.0 1636.0 0.0 0.0 13851982.0 6884944.0 1133523.0 11606.0 11950.0 5795.0 2169.0 11729.0 0.0 5.0 0.0 0.0 12.0 0.0 0.0 0.0 0.0 0.0 0.0 0.0 0.0
34821.0 254295.0 62.0 1856108.0 618419.0 354.0 1374.0 2.0 0.0 13541236.0 6768026.5 1125410.0 10168.0 10099.0 5163.0 2087.0 10240.0 27.0 3.0 30.0 4.0 20.0 0.0 0.0 0.0 0.0 0.0 0.0 0.0 0.0
35091.0 258102.0 67.0 1895993.0 632481.0 401.0 1464.0 1.0 0.0 13913022.0 6959660.0 1162663.0 10612.0 10730.0 5311.0 2133.0 11791.0 20.0 0.0 15.0 0.0 16.0 0.0 0.0 0.0 0.0 0.0 0.0 0.0 0.0
34589.0 250750.0 66.0 1815369.0 604786.0 356.0 1453.0 0.0 0.0 13128239.0 6553095.5 1091468.0 10629.0 10326.0 5506.0 1929.0 10146.0 0.0 2.0 0.0 0.0 10.0 0.0 0.0 0.0 0.0 0.0 0.0 0.0 0.0
34965.0 256394.0 65.0 1878893.0 627114.0 330.0 1443.0 1.0 0.0 13756540.0 6890009.5 1153182.0 10654.0 10688.0 5419.0 2102.0 9555.0 16.0 0.0 19.0 1.0 12.0 0.0 0.0 0.0 0.0 0.0 0.0 0.0 0.0
35101.0 257824.0 81.0 1890110.0 628757.0 370.0 1787.0 2.0 0.0 13841865.0 6903788.0 1143240.0 13088.0 12806.0 6640.0 2130.0 10926.0 27.0 1.0 27.0 1.0 20.0 0.0 0.0 0.0 0.0 0.0 0.0 0.0 0.0
35223.0 260197.0 60.0 1920581.0 640853.0 392.0 1377.0 0.0 0.0 14165409.0 7093239.5 1184906.0 10587.0 10106.0 5266.0 2208.0 11332.0 0.0 2.0 0.0 2.0 6.0 0.0 0.0 0.0 0.0 0.0 0.0 0.0 0.0
35197.0 260280.0 68.0 1923177.0 641970.0 379.0 1495.0 1.0 0.0 14193499.0 7107824.0 1185862.0 10872.0 11083.0 5615.0 2243.0 11176.0 17.0 2.0 12.0 1.0 20.0 0.0 0.0 0.0 0.0 0.0 0.0 0.0 0.0
35110.0 258515.0 64.0 1903277.0 633671.0 358.0 1474.0 0.0 0.0 14002719.0 6999243.0 1162518.0 11446.0 10720.0 5556.0 2179.0 10717.0 0.0 5.0 0.0 0.0 10.0 0.0 0.0 0.0 0.0 0.0 0.0 0.0 0.0
34708.0 252726.0 61.0 1840185.0 613397.0 374.0 1331.0 0.0 0.0 13384885.0 6697812.0 1116718.0 9610.0 9774.0 4785.0 2071.0 10887.0 0.0 1.0 0.0 2.0 24.0 0.0 0.0 0.0 0.0 0.0 0.0 0.0 0.0
34862.0 254725.0 60.0 1858918.0 620478.0 351.0 1285.0 1.0 0.0 13553367.0 6787793.5 1134140.0 9022.0 9371.0 4594.0 2010.0 10113.0 5.0 0.0 15.0 0.0 18.0 0.0 0.0 0.0 0.0 0.0 0.0 0.0 0.0
34856.0 253413.0 72.0 1841293.0 611421.0 400.0 1597.0 0.0 0.0 13370886.0 6661851.5 1104380.0 11589.0 11517.0 5868.0 1988.0 11525.0 0.0 2.0 0.0 3.0 24.0 0.0 0.0 0.0 0.0 0.0 0.0 0.0 0.0
35103.0 258614.0 72.0 1901183.0 635169.0 357.0 1605.0 0.0 0.0 13965554.0 6988891.5 1172301.0 11712.0 11894.0 5987.0 2164.0 10568.0 0.0 0.0 0.0 2.0 16.0 0.0 0.0 0.0 0.0 0.0 0.0 0.0 0.0
34794.0 253785.0 52.0 1851007.0 617178.0 325.0 1159.0 1.0 0.0 13484244.0 6756235.5 1126478.0 8725.0 8649.0 4346.0 2013.0 9602.0 19.0 2.0 20.0 0.0 20.0 0.0 0.0 0.0 0.0 0.0 0.0 0.0 0.0
34939.0 256465.0 76.0 1882864.0 626768.0 372.0 1732.0 0.0 0.0 13803952.0 6904345.5 1144220.0 13246.0 12790.0 6477.0 2213.0 11065.0 0.0 0.0 0.0 1.0 20.0 0.0 0.0 0.0 0.0 0.0 0.0 0.0 0.0
35179.0 259535.0 69.0 1910606.0 637760.0 377.0 1559.0 0.0 0.0 14054140.0 7024430.5 1173212.0 11673.0 11341.0 5819.0 2156.0 11159.0 0.0 3.0 0.0 2.0 12.0 0.0 0.0 0.0 0.0 0.0 0.0 0.0 0.0
34982.0 256369.0 65.0 1878347.0 624974.0 335.0 1443.0 2.0 0.0 13753087.0 6866982.0 1138623.0 10713.0 10474.0 5342.0 2139.0 9930.0 37.0 2.0 23.0 1.0 10.0 0.0 0.0 0.0 0.0 0.0 0.0 0.0 0.0
34896.0 254195.0 61.0 1849591.0 613352.0 357.0 1370.0 1.0 0.0 13449464.0 6691106.0 1102261.0 10324.0 10062.0 5157.0 1994.0 10478.0 13.0 3.0 14.0 0.0 26.0 0.0 0.0 0.0 0.0 0.0 0.0 0.0 0.0
34838.0 254171.0 77.0 1855325.0 617069.0 303.0 1676.0 0.0 0.0 13533374.0 6757586.5 1121250.0 11994.0 12183.0 6102.0 2036.0 8855.0 0.0 6.0 0.0 2.0 20.0 0.0 0.0 0.0 0.0 0.0 0.0 0.0 0.0
35107.0 259038.0 66.0 1906720.0 639581.0 379.0 1486.0 0.0 0.0 14020857.0 7044204.0 1191505.0 11190.0 10987.0 5592.0 2162.0 11152.0 0.0 3.0 0.0 2.0 14.0 0.0 0.0 0.0 0.0 0.0 0.0 0.0 0.0
34780.0 253859.0 51.0 1851958.0 617869.0 331.0 1030.0 1.0 0.0 13493127.0 6758681.0 1129266.0 6969.0 7571.0 3461.0 2063.0 9569.0 15.0 0.0 14.0 2.0 8.0 0.0 0.0 0.0 0.0 0.0 0.0 0.0 0.0
35249.0 260023.0 74.0 1915780.0 638775.0 364.0 1674.0 0.0 0.0 14106368.0 7046521.0 1177243.0 12637.0 12370.0 6254.0 2249.0 10762.0 0.0 4.0 0.0 1.0 24.0 0.0 0.0 0.0 0.0 0.0 0.0 0.0 0.0
34641.0 252822.0 52.0 1841418.0 616574.0 371.0 1156.0 1.0 0.0 13398540.0 6722355.0 1131616.0 8439.0 8295.0 4313.0 2059.0 11139.0 15.0 1.0 19.0 2.0 10.0 0.0 0.0 0.0 0.0 0.0 0.0 0.0 0.0
35026.0 256658.0 67.0 1879117.0 624991.0 356.0 1447.0 1.0 0.0 13745096.0 6859412.0 1136188.0 10488.0 10476.0 5090.0 2118.0 10283.0 9.0 0.0 11.0 0.0 8.0 0.0 0.0 0.0 0.0 0.0 0.0 0.0 0.0
35029.0 257888.0 70.0 1893863.0 635923.0 388.0 1638.0 0.0 0.0 13892260.0 6989466.5 1183980.0 12696.0 12192.0 6293.0 2162.0 11233.0 0.0 1.0 0.0 1.0 18.0 0.0 0.0 0.0 0.0 0.0 0.0 0.0 0.0
34935.0 255714.0 56.0 1871346.0 622263.0 354.0 1246.0 0.0 0.0 13684556.0 6830668.5 1132115.0 9347.0 8926.0 4601.0 2108.0 10553.0 0.0 2.0 0.0 0.0 12.0 0.0 0.0 0.0 0.0 0.0 0.0 0.0 0.0
34945.0 256204.0 61.0 1875775.0 627925.0 350.0 1360.0 0.0 0.0 13720138.0 6884295.5 1160639.0 10110.0 9863.0 4997.0 2075.0 10226.0 0.0 3.0 0.0 0.0 12.0 0.0 0.0 0.0 0.0 0.0 0.0 0.0 0.0
35235.0 260492.0 83.0 1924548.0 642790.0 374.0 1841.0 1.0 0.0 14210381.0 7117199.5 1191636.0 13463.0 13460.0 6903.0 2205.0 11283.0 15.0 5.0 13.0 1.0 18.0 0.0 0.0 0.0 0.0 0.0 0.0 0.0 0.0
34862.0 254516.0 61.0 1856755.0 619212.0 364.0 1326.0 0.0 0.0 13531559.0 6770730.5 1130476.0 9574.0 9595.0 4844.0 2056.0 10522.0 0.0 2.0 0.0 2.0 22.0 0.0 0.0 0.0 0.0 0.0 0.0 0.0 0.0
35094.0 257750.0 48.0 1886502.0 628712.0 381.0 1085.0 0.0 0.0 13801056.0 6879631.5 1142575.0 8172.0 7877.0 4042.0 2134.0 11004.0 0.0 1.0 0.0 2.0 12.0 0.0 0.0 0.0 0.0 0.0 0.0 0.0 0.0
34829.0 254133.0 64.0 1853472.0 616463.0 362.0 1408.0 1.0 0.0 13511095.0 6739613.5 1116488.0 10412.0 10351.0 5202.0 2099.0 10637.0 13.0 1.0 15.0 1.0 20.0 0.0 0.0 0.0 0.0 0.0 0.0 0.0 0.0
34763.0 253034.0 58.0 1837374.0 614580.0 345.0 1242.0 0.0 0.0 13331562.0 6677146.5 1122215.0 8815.0 8985.0 4535.0 2010.0 9893.0 0.0 1.0 0.0 2.0 12.0 0.0 0.0 0.0 0.0 0.0 0.0 0.0 0.0
35146.0 259151.0 77.0 1909096.0 636894.0 352.0 1677.0 1.0 0.0 14054179.0 7032755.0 1173516.0 12230.0 12301.0 6140.0 2196.0 10403.0 18.0 4.0 15.0 1.0 22.0 0.0 0.0 0.0 0.0 0.0 0.0 0.0 0.0
35154.0 258576.0 71.0 1898525.0 633047.0 366.0 1543.0 1.0 0.0 13927104.0 6957502.5 1162836.0 11019.0 11184.0 5624.0 2013.0 10821.0 11.0 2.0 13.0 2.0 12.0 0.0 0.0 0.0 0.0 0.0 0.0 0.0 0.0
34749.0 252499.0 63.0 1832250.0 608557.0 341.0 1427.0 1.0 0.0 13281583.0 6617215.0 1092197.0 10914.0 10364.0 5329.0 2023.0 9772.0 19.0 6.0 17.0 2.0 14.0 0.0 0.0 0.0 0.0 0.0 0.0 0.0 0.0
34922.0 255290.0 65.0 1863056.0 619990.0 323.0 1449.0 1.0 0.0 13580760.0 6776370.0 1122958.0 10664.0 10677.0 5232.0 1980.0 9340.0 17.0 2.0 16.0 0.0 10.0 0.0 0.0 0.0 0.0 0.0 0.0 0.0 0.0
34870.0 254926.0 59.0 1862636.0 621193.0 384.0 1290.0 0.0 0.0 13597934.0 6803489.0 1134650.0 9509.0 9464.0 4648.0 2096.0 11049.0 0.0 1.0 0.0 3.0 20.0 0.0 0.0 0.0 0.0 0.0 0.0 0.0 0.0
34652.0 251599.0 82.0 1823857.0 606987.0 328.0 1767.0 0.0 0.0 13215409.0 6591312.0 1093050.0 12637.0 12479.0 6328.0 1997.0 9490.0 0.0 2.0 0.0 3.0 16.0 0.0 0.0 0.0 0.0 0.0 0.0 0.0 0.0
34712.0 253419.0 55.0 1848316.0 618611.0 338.0 1153.0 0.0 0.0 13468818.0 6760904.5 1136965.0 7978.0 8344.0 4026.0 2026.0 9891.0 0.0 1.0 0.0 0.0 4.0 0.0 0.0 0.0 0.0 0.0 0.0 0.0 0.0
34814.0 254383.0 64.0 1855625.0 619695.0 366.0 1422.0 0.0 0.0 13526302.0 6772140.5 1130813.0 10360.0 10469.0 5296.0 2042.0 10671.0 0.0 6.0 0.0 5.0 22.0 0.0 0.0 0.0 0.0 0.0 0.0 0.0 0.0
34991.0 256048.0 49.0 1872668.0 623289.0 331.0 1071.0 0.0 0.0 13682003.0 6832674.5 1136078.0 7793.0 7837.0 3953.0 2084.0 9693.0 0.0 2.0 0.0 3.0 10.0 0.0 0.0 0.0 0.0 0.0 0.0 0.0 0.0
35110.0 258894.0 68.0 1904636.0 636751.0 361.0 1500.0 0.0 0.0 13997956.0 7015614.5 1173435.0 10959.0 11034.0 5546.0 2163.0 10634.0 0.0 3.0 0.0 0.0 18.0 0.0 0.0 0.0 0.0 0.0 0.0 0.0 0.0
34772.0 254183.0 69.0 1855817.0 620120.0 376.0 1553.0 1.0 0.0 13537844.0 6784845.0 1133913.0 11669.0 11131.0 6068.0 2084.0 11086.0 9.0 3.0 9.0 0.0 20.0 0.0 0.0 0.0 0.0 0.0 0.0 0.0 0.0
34994.0 257661.0 58.0 1895883.0 633971.0 356.0 1337.0 0.0 0.0 13939610.0 6994226.0 1174054.0 10252.0 9887.0 5210.0 2158.0 10384.0 0.0 1.0 0.0 1.0 6.0 0.0 0.0 0.0 0.0 0.0 0.0 0.0 0.0
35099.0 258135.0 61.0 1895504.0 632780.0 371.0 1343.0 2.0 0.0 13899657.0 6956633.0 1164177.0 9819.0 9922.0 4933.0 2275.0 11144.0 31.0 4.0 35.0 1.0 12.0 0.0 0.0 0.0 0.0 0.0 0.0 0.0 0.0
35031.0 257171.0 79.0 1884697.0 627763.0 328.0 1733.0 1.0 0.0 13800293.0 6888327.5 1144400.0 12566.0 12752.0 6327.0 2094.0 9678.0 19.0 1.0 20.0 1.0 14.0 0.0 0.0 0.0 0.0 0.0 0.0 0.0 0.0
34577.0 249901.0 45.0 1804431.0 598916.0 369.0 996.0 0.0 0.0 13016764.0 6477636.0 1068837.0 7281.0 6985.0 3607.0 1989.0 10600.0 0.0 0.0 0.0 0.0 14.0 0.0 0.0 0.0 0.0 0.0 0.0 0.0 0.0
35090.0 257891.0 58.0 1892017.0 631088.0 368.0 1212.0 0.0 0.0 13866714.0 6935138.0 1156695.0 8517.0 8750.0 4309.0 2236.0 10643.0 0.0 1.0 0.0 0.0 22.0 0.0 0.0 0.0 0.0 0.0 0.0 0.0 0.0
35018.0 257166.0 70.0 1887396.0 629424.0 370.0 1613.0 0.0 0.0 13841826.0 6922611.5 1155102.0 12464.0 11903.0 6164.0 2147.0 10949.0 0.0 2.0 0.0 1.0 20.0 0.0 0.0 0.0 0.0 0.0 0.0 0.0 0.0
34991.0 255704.0 63.0 1867006.0 619392.0 357.0 1331.0 2.0 0.0 13621429.0 6777496.5 1117943.0 9338.0 9658.0 4568.0 2151.0 10613.0 26.0 1.0 25.0 1.0 10.0 0.0 0.0 0.0 0.0 0.0 0.0 0.0 0.0
34926.0 255578.0 71.0 1868847.0 623387.0 366.0 1625.0 0.0 0.0 13651878.0 6831229.5 1141555.0 12354.0 11695.0 6154.0 2110.0 10734.0 0.0 0.0 0.0 2.0 18.0 0.0 0.0 0.0 0.0 0.0 0.0 0.0 0.0
34952.0 256476.0 68.0 1879530.0 628193.0 373.0 1497.0 1.0 0.0 13759739.0 6895942.5 1156414.0 11105.0 11010.0 5359.0 2101.0 10810.0 13.0 0.0 17.0 0.0 12.0 0.0 0.0 0.0 0.0 0.0 0.0 0.0 0.0
35006.0 256538.0 65.0 1880924.0 626537.0 375.0 1463.0 0.0 0.0 13767695.0 6894622.0 1147864.0 11058.0 10765.0 5559.0 2127.0 10876.0 0.0 1.0 0.0 3.0 32.0 0.0 0.0 0.0 0.0 0.0 0.0 0.0 0.0
34975.0 256065.0 72.0 1872565.0 623802.0 341.0 1602.0 0.0 0.0 13679277.0 6834533.5 1138715.0 11814.0 11790.0 5895.0 2060.0 9970.0 0.0 1.0 0.0 2.0 24.0 0.0 0.0 0.0 0.0 0.0 0.0 0.0 0.0
35013.0 257824.0 67.0 1894695.0 635009.0 430.0 1576.0 1.0 0.0 13917713.0 6986461.0 1178746.0 12213.0 11317.0 6214.0 2142.0 12667.0 13.0 1.0 18.0 5.0 16.0 0.0 0.0 0.0 0.0 0.0 0.0 0.0 0.0
35078.0 257326.0 65.0 1884247.0 627456.0 368.0 1438.0 0.0 0.0 13785671.0 6879056.0 1145209.0 10486.0 10509.0 5269.0 2097.0 10789.0 0.0 1.0 0.0 0.0 14.0 0.0 0.0 0.0 0.0 0.0 0.0 0.0 0.0
34663.0 251430.0 81.0 1822359.0 606552.0 351.0 1767.0 1.0 0.0 13197716.0 6588309.0 1094942.0 12865.0 12751.0 6293.0 1981.0 10184.0 17.0 3.0 15.0 0.0 30.0 0.0 0.0 0.0 0.0 0.0 0.0 0.0 0.0
34687.0 251559.0 53.0 1821544.0 605619.0 336.0 1141.0 0.0 0.0 13177539.0 6567784.0 1087453.0 8127.0 8180.0 4080.0 1989.0 9814.0 0.0 2.0 0.0 1.0 10.0 0.0 0.0 0.0 0.0 0.0 0.0 0.0 0.0
35177.0 259352.0 68.0 1911389.0 637604.0 356.0 1495.0 0.0 0.0 14073393.0 7047479.5 1178014.0 10965.0 11130.0 5395.0 2119.0 10637.0 0.0 2.0 0.0 2.0 8.0 0.0 0.0 0.0 0.0 0.0 0.0 0.0 0.0
35332.0 260955.0 58.0 1928241.0 638909.0 381.0 1223.0 0.0 0.0 14234911.0 7084754.5 1163589.0 8724.0 9074.0 4267.0 2276.0 11224.0 0.0 4.0 0.0 2.0 18.0 0.0 0.0 0.0 0.0 0.0 0.0 0.0 0.0
34989.0 257638.0 68.0 1898215.0 635357.0 396.0 1526.0 1.0 0.0 13964941.0 7023574.5 1181764.0 11442.0 11201.0 5673.0 2190.0 11833.0 16.0 1.0 12.0 1.0 14.0 0.0 0.0 0.0 0.0 0.0 0.0 0.0 0.0
34882.0 254655.0 84.0 1859674.0 618428.0 379.0 1903.0 1.0 0.0 13566727.0 6776188.0 1125025.0 14337.0 13963.0 7237.0 2154.0 11116.0 9.0 4.0 16.0 2.0 22.0 0.0 0.0 0.0 0.0 0.0 0.0 0.0 0.0
35166.0 259312.0 65.0 1908326.0 637111.0 371.0 1475.0 2.0 0.0 14024141.0 7015619.0 1172582.0 10936.0 10874.0 5603.0 2237.0 10896.0 39.0 3.0 18.0 2.0 20.0 0.0 0.0 0.0 0.0 0.0 0.0 0.0 0.0
34843.0 254504.0 59.0 1857126.0 618971.0 348.0 1257.0 1.0 0.0 13539240.0 6767271.5 1128432.0 8977.0 9208.0 4482.0 2073.0 10149.0 19.0 2.0 11.0 2.0 18.0 0.0 0.0 0.0 0.0 0.0 0.0 0.0 0.0
35038.0 256700.0 66.0 1877460.0 624073.0 364.0 1444.0 0.0 0.0 13718928.0 6835907.5 1132649.0 10555.0 10585.0 5174.0 2088.0 10482.0 0.0 0.0 0.0 0.0 4.0 0.0 0.0 0.0 0.0 0.0 0.0 0.0 0.0
35405.0 263186.0 64.0 1954999.0 653198.0 416.0 1387.0 1.0 0.0 14506552.0 7271308.0 1219135.0 10100.0 10177.0 4999.0 2236.0 12522.0 12.0 4.0 16.0 1.0 24.0 0.0 0.0 0.0 0.0 0.0 0.0 0.0 0.0
34667.0 251289.0 55.0 1819514.0 606336.0 374.0 1198.0 1.0 0.0 13163888.0 6578272.0 1096795.0 8521.0 8724.0 4414.0 1979.0 10811.0 18.0 1.0 18.0 4.0 4.0 0.0 0.0 0.0 0.0 0.0 0.0 0.0 0.0
34971.0 256477.0 74.0 1877230.0 626946.0 369.0 1594.0 1.0 0.0 13722479.0 6870323.0 1147010.0 11435.0 11714.0 5725.0 2129.0 10736.0 13.0 3.0 17.0 1.0 18.0 0.0 0.0 0.0 0.0 0.0 0.0 0.0 0.0
35027.0 257623.0 64.0 1890675.0 632350.0 352.0 1371.0 1.0 0.0 13860151.0 6947914.0 1164890.0 9746.0 10012.0 4912.0 2179.0 10402.0 13.0 3.0 21.0 2.0 12.0 0.0 0.0 0.0 0.0 0.0 0.0 0.0 0.0
34950.0 255686.0 50.0 1868254.0 622025.0 398.0 1096.0 0.0 0.0 13638037.0 6808591.5 1131100.0 7975.0 7992.0 4018.0 2038.0 11599.0 0.0 4.0 0.0 6.0 12.0 0.0 0.0 0.0 0.0 0.0 0.0 0.0 0.0
34941.0 256152.0 63.0 1875645.0 625944.0 383.0 1428.0 0.0 0.0 13719140.0 6866873.5 1149068.0 10857.0 10424.0 5429.0 2088.0 11369.0 0.0 2.0 0.0 3.0 16.0 0.0 0.0 0.0 0.0 0.0 0.0 0.0 0.0
35016.0 257081.0 66.0 1887710.0 628988.0 353.0 1442.0 0.0 0.0 13845686.0 6929518.5 1154805.0 10533.0 10613.0 5159.0 2060.0 10301.0 0.0 1.0 0.0 1.0 16.0 0.0 0.0 0.0 0.0 0.0 0.0 0.0 0.0
35130.0 258084.0 59.0 1894223.0 630639.0 341.0 1264.0 0.0 0.0 13891835.0 6935901.5 1154654.0 9175.0 9140.0 4491.0 2174.0 10003.0 0.0 1.0 0.0 2.0 10.0 0.0 0.0 0.0 0.0 0.0 0.0 0.0 0.0
34721.0 252857.0 59.0 1837798.0 613645.0 359.0 1290.0 1.0 0.0 13348576.0 6679763.0 1115057.0 9464.0 9378.0 4623.0 2015.0 10484.0 11.0 1.0 15.0 2.0 26.0 0.0 0.0 0.0 0.0 0.0 0.0 0.0 0.0
35011.0 256953.0 75.0 1884745.0 628817.0 378.0 1638.0 0.0 0.0 13812607.0 6915744.5 1155028.0 11997.0 12111.0 5948.0 2104.0 11295.0 0.0 2.0 0.0 1.0 24.0 0.0 0.0 0.0 0.0 0.0 0.0 0.0 0.0
35019.0 258171.0 69.0 1902197.0 637755.0 352.0 1465.0 1.0 0.0 13996296.0 7048114.5 1189349.0 10604.0 10767.0 5200.0 2175.0 10302.0 15.0 1.0 13.0 2.0 18.0 0.0 0.0 0.0 0.0 0.0 0.0 0.0 0.0
35030.0 256523.0 57.0 1876338.0 623492.0 371.0 1224.0 0.0 0.0 13714031.0 6834759.0 1131999.0 8686.0 8860.0 4370.0 2176.0 10613.0 0.0 1.0 0.0 4.0 10.0 0.0 0.0 0.0 0.0 0.0 0.0 0.0 0.0
35069.0 257677.0 65.0 1887101.0 629616.0 352.0 1400.0 0.0 0.0 13807220.0 6893919.5 1149968.0 9981.0 10346.0 5012.0 2061.0 10318.0 0.0 1.0 0.0 2.0 16.0 0.0 0.0 0.0 0.0 0.0 0.0 0.0 0.0
35046.0 257909.0 76.0 1895413.0 633762.0 350.0 1667.0 0.0 0.0 13917199.0 6976174.5 1169872.0 12230.0 12266.0 6162.0 2147.0 10211.0 0.0 5.0 0.0 2.0 30.0 0.0 0.0 0.0 0.0 0.0 0.0 0.0 0.0
34751.0 252271.0 71.0 1829968.0 609289.0 362.0 1530.0 0.0 0.0 13259220.0 6625618.0 1103625.0 11083.0 11281.0 5696.0 1963.0 10484.0 0.0 0.0 0.0 0.0 8.0 0.0 0.0 0.0 0.0 0.0 0.0 0.0 0.0
34929.0 255388.0 72.0 1867048.0 622434.0 355.0 1531.0 0.0 0.0 13638633.0 6822320.5 1141037.0 10850.0 11297.0 5286.0 2056.0 10352.0 0.0 4.0 0.0 3.0 16.0 0.0 0.0 0.0 0.0 0.0 0.0 0.0 0.0
34827.0 253680.0 63.0 1846979.0 613598.0 354.0 1430.0 1.0 0.0 13434208.0 6698871.5 1108962.0 10822.0 10414.0 5333.0 2026.0 10270.0 17.0 2.0 11.0 1.0 12.0 0.0 0.0 0.0 0.0 0.0 0.0 0.0 0.0
35143.0 258531.0 66.0 1902228.0 631250.0 378.0 1415.0 1.0 0.0 13984917.0 6968233.0 1149121.0 10168.0 10470.0 4959.0 2139.0 11146.0 21.0 3.0 15.0 2.0 12.0 0.0 0.0 0.0 0.0 0.0 0.0 0.0 0.0
34743.0 252763.0 65.0 1836750.0 611294.0 368.0 1449.0 1.0 0.0 13337984.0 6655681.0 1106107.0 10757.0 10452.0 5406.0 2023.0 10758.0 9.0 5.0 16.0 2.0 30.0 0.0 0.0 0.0 0.0 0.0 0.0 0.0 0.0
35074.0 258202.0 54.0 1898610.0 634159.0 371.0 1184.0 0.0 0.0 13949093.0 6986518.5 1172040.0 8640.0 8578.0 4411.0 2136.0 10796.0 0.0 3.0 0.0 3.0 10.0 0.0 0.0 0.0 0.0 0.0 0.0 0.0 0.0
35068.0 257996.0 69.0 1896951.0 632852.0 358.0 1537.0 1.0 0.0 13936820.0 6976273.0 1167008.0 11468.0 11212.0 5703.0 2176.0 10497.0 20.0 5.0 7.0 0.0 16.0 0.0 0.0 0.0 1.0 0.0 0.0 0.0 0.0
34799.0 254195.0 58.0 1856245.0 619329.0 328.0 1228.0 1.0 0.0 13540094.0 6782522.0 1132976.0 8731.0 8954.0 4346.0 2098.0 9584.0 10.0 4.0 15.0 3.0 20.0 0.0 0.0 0.0 0.0 0.0 0.0 0.0 0.0
34916.0 254666.0 71.0 1855453.0 615990.0 374.0 1537.0 1.0 0.0 13501905.0 6727050.0 1111634.0 11069.0 11084.0 5461.0 2077.0 10653.0 12.0 3.0 16.0 5.0 22.0 0.0 0.0 0.0 0.0 0.0 0.0 0.0 0.0
35255.0 260326.0 68.0 1918880.0 640163.0 385.0 1541.0 1.0 0.0 14133924.0 7067034.5 1181036.0 11691.0 11359.0 5759.0 2256.0 11509.0 17.0 5.0 22.0 3.0 22.0 0.0 0.0 0.0 0.0 0.0 0.0 0.0 0.0
35201.0 260086.0 57.0 1918085.0 641715.0 346.0 1253.0 0.0 0.0 14138329.0 7082142.0 1193846.0 8997.0 9083.0 4589.0 2216.0 10171.0 0.0 1.0 0.0 1.0 10.0 0.0 0.0 0.0 0.0 0.0 0.0 0.0 0.0
35068.0 257329.0 60.0 1888085.0 626921.0 366.0 1294.0 0.0 0.0 13836185.0 6901388.5 1140265.0 9121.0 9304.0 4626.0 2208.0 10623.0 0.0 1.0 0.0 3.0 8.0 0.0 0.0 0.0 0.0 0.0 0.0 0.0 0.0
35046.0 257221.0 59.0 1885493.0 629011.0 343.0 1248.0 0.0 0.0 13805035.0 6910728.0 1154750.0 8756.0 9214.0 4356.0 2168.0 10009.0 0.0 2.0 0.0 0.0 10.0 0.0 0.0 0.0 0.0 0.0 0.0 0.0 0.0
34992.0 257083.0 59.0 1887021.0 631138.0 371.0 1326.0 0.0 0.0 13840867.0 6943805.0 1166116.0 9986.0 9868.0 4935.0 2166.0 10742.0 0.0 0.0 0.0 0.0 10.0 0.0 0.0 0.0 0.0 0.0 0.0 0.0 0.0
34968.0 257027.0 66.0 1886754.0 630775.0 365.0 1394.0 0.0 0.0 13836382.0 6937222.5 1160527.0 9777.0 10102.0 4988.0 2209.0 10891.0 0.0 0.0 0.0 1.0 10.0 0.0 0.0 0.0 0.0 0.0 0.0 0.0 0.0
35160.0 259231.0 61.0 1910909.0 638567.0 390.0 1317.0 1.0 0.0 14072177.0 7057539.5 1184633.0 9386.0 9828.0 4793.0 2248.0 11616.0 14.0 1.0 9.0 1.0 14.0 0.0 0.0 0.0 0.0 0.0 0.0 0.0 0.0
34935.0 255931.0 67.0 1875194.0 624638.0 346.0 1468.0 1.0 0.0 13721597.0 6863754.5 1144022.0 10681.0 10566.0 5424.0 2061.0 10028.0 13.0 2.0 13.0 1.0 16.0 0.0 0.0 0.0 0.0 0.0 0.0 0.0 0.0
35067.0 257950.0 77.0 1896058.0 633038.0 335.0 1743.0 0.0 0.0 13924147.0 6973347.5 1167376.0 13057.0 12671.0 6599.0 2106.0 9886.0 0.0 1.0 0.0 1.0 18.0 0.0 0.0 0.0 0.0 0.0 0.0 0.0 0.0
35138.0 259016.0 59.0 1905398.0 637136.0 391.0 1352.0 0.0 0.0 14002973.0 7015921.0 1178372.0 10299.0 10104.0 5194.0 2111.0 11576.0 0.0 2.0 0.0 1.0 14.0 0.0 0.0 0.0 0.0 0.0 0.0 0.0 0.0
35079.0 257946.0 76.0 1894654.0 633609.0 347.0 1702.0 0.0 0.0 13904604.0 6974529.5 1173977.0 12746.0 12559.0 6316.0 2205.0 10283.0 0.0 3.0 0.0 4.0 20.0 0.0 0.0 0.0 0.0 0.0 0.0 0.0 0.0
35043.0 257476.0 72.0 1888458.0 629287.0 342.0 1594.0 1.0 0.0 13836493.0 6909893.5 1148920.0 11444.0 11567.0 6029.0 2176.0 10103.0 13.0 1.0 17.0 2.0 24.0 0.0 0.0 0.0 0.0 0.0 0.0 0.0 0.0
34735.0 251451.0 47.0 1818233.0 603188.0 356.0 992.0 0.0 0.0 13132564.0 6535220.5 1080986.0 6988.0 7283.0 3482.0 2045.0 10021.0 0.0 1.0 0.0 2.0 2.0 0.0 0.0 0.0 0.0 0.0 0.0 0.0 0.0
35118.0 257846.0 68.0 1894044.0 629998.0 361.0 1413.0 0.0 0.0 13905663.0 6947517.0 1153483.0 9815.0 10224.0 4908.0 2114.0 10632.0 0.0 1.0 0.0 2.0 28.0 0.0 0.0 0.0 0.0 0.0 0.0 0.0 0.0
34994.0 257299.0 62.0 1890385.0 631289.0 350.0 1393.0 0.0 0.0 13877712.0 6952495.5 1160213.0 10454.0 10160.0 5117.0 2132.0 10170.0 0.0 2.0 0.0 0.0 8.0 0.0 0.0 0.0 0.0 0.0 0.0 0.0 0.0
34956.0 256778.0 55.0 1883984.0 631179.0 361.0 1247.0 0.0 0.0 13806765.0 6936503.5 1170191.0 9404.0 9238.0 4745.0 2199.0 10611.0 0.0 0.0 0.0 2.0 4.0 0.0 0.0 0.0 0.0 0.0 0.0 0.0 0.0
34634.0 251304.0 61.0 1820907.0 606930.0 352.0 1345.0 1.0 0.0 13183340.0 6588870.5 1098576.0 9633.0 9613.0 5034.0 2054.0 9986.0 11.0 0.0 13.0 0.0 8.0 0.0 0.0 0.0 0.0 0.0 0.0 0.0 0.0
34762.0 253364.0 63.0 1843691.0 614887.0 359.0 1393.0 0.0 0.0 13397586.0 6700534.0 1117743.0 10070.0 10034.0 5141.0 2069.0 10319.0 0.0 3.0 0.0 2.0 6.0 0.0 0.0 0.0 0.0 0.0 0.0 0.0 0.0
34843.0 255226.0 62.0 1869917.0 624515.0 330.0 1418.0 2.0 0.0 13690197.0 6862871.0 1147650.0 10770.0 10270.0 5411.0 2106.0 9635.0 21.0 4.0 26.0 0.0 14.0 0.0 0.0 0.0 0.0 0.0 0.0 0.0 0.0
35494.0 264069.0 64.0 1962833.0 654049.0 375.0 1444.0 0.0 0.0 14577567.0 7285247.5 1212266.0 10921.0 10682.0 5375.0 2288.0 11005.0 0.0 3.0 0.0 0.0 12.0 0.0 0.0 0.0 0.0 0.0 0.0 0.0 0.0
34852.0 255494.0 69.0 1869813.0 624419.0 378.0 1491.0 0.0 0.0 13672726.0 6845517.0 1141112.0 10599.0 10930.0 5386.0 2087.0 11126.0 0.0 1.0 0.0 1.0 26.0 0.0 0.0 0.0 0.0 0.0 0.0 0.0 0.0
34975.0 256733.0 60.0 1881823.0 628754.0 353.0 1326.0 0.0 0.0 13777194.0 6901469.5 1157120.0 9969.0 9628.0 4976.0 2203.0 10331.0 0.0 2.0 0.0 1.0 20.0 0.0 0.0 0.0 0.0 0.0 0.0 0.0 0.0
