46544.0 16300525.0 212804.0 229402942.0 13900573291.0 738.0 233861363.0 17717873.0 1581965.0 1365399707.0 86642813599.5 1.22251460342e+13 25713713615.0 1143836054.0 222621812143.0 1474.0 327591.0 28265318163.0 275826913.0 970763583.0 0.0 24622.0 2597911048.0 1962545273.0 266701305.0 1717.0 363254779.0 18944.0 58282903.0 11073476.0
34260.0 3365190.0 105440.0 85631575.0 750590997.0 1161.0 51811427.0 3876803.0 628504.0 788294515.0 13342082083.0 179248135473.0 4650716757.0 489161588.0 14798467776.0 3571.0 455933.0 2275616905.0 78216199.0 319616281.0 0.0 48822.0 200007265.0 411452399.0 54884310.0 3081.0 68104894.0 25109.0 11559221.0 3482667.0
43044.0 14786218.0 165061.0 185878139.0 12148242590.0 1031.0 187496463.0 11884588.0 1126725.0 1083696604.0 74437624309.5 9.19103605191e+12 20147304515.0 853179115.0 184284128687.0 1978.0 424863.0 21665883521.0 209768267.0 631663705.0 0.0 38576.0 1892891265.0 1396167125.0 187478462.0 3266.0 222358542.0 27252.0 31006404.0 7695322.0
44920.0 12030316.0 210841.0 210849248.0 6525293248.0 992.0 195091657.0 15459606.0 1719206.0 1378358524.0 64656434688.5 3.31685531524e+12 23260508782.0 1087208582.0 125568737395.0 2057.0 412091.0 18716708533.0 249295699.0 920467521.0 0.0 41208.0 2592456367.0 1859633178.0 224696050.0 3008.0 326487296.0 29506.0 53024280.0 13291461.0
39060.0 10549154.0 131252.0 140462986.0 7942448044.0 529.0 126762530.0 8166697.0 795970.0 859768688.0 49224412655.0 5.9468527226e+12 11207562118.0 655231719.0 112645533443.0 587.0 215902.0 12109718092.0 148445634.0 448948189.0 0.0 14718.0 1042984026.0 867474856.0 116478954.0 1369.0 140193432.0 11717.0 19719347.0 4756956.0
52490.0 26993315.0 295040.0 296906992.0 36003745017.0 1361.0 374798516.0 23658851.0 2939170.0 1881884285.0 144302181080.0 4.61143927468e+13 37410953260.0 1576907757.0 547300911900.0 3962.0 571696.0 52353016621.0 417354746.0 1386184357.0 0.0 60140.0 3917390005.0 3821737866.0 428333252.0 4338.0 575682815.0 51584.0 95879437.0 28560154.0
41890.0 25471954.0 124782.0 164391258.0 41598694757.0 635.0 210936989.0 10026601.0 643788.0 774564328.0 117493457495.0 6.03081045877e+13 15194546924.0 670189525.0 415546796508.0 1515.0 252940.0 31074213825.0 209774453.0 346156519.0 0.0 22914.0 2532986175.0 1071715275.0 136426908.0 1464.0 148804212.0 13494.0 15656388.0 3389270.0
38785.0 10634115.0 125076.0 136246865.0 8489040174.0 757.0 121574723.0 6837414.0 717331.0 870823102.0 51143398588.0 6.56054827905e+12 11019522921.0 643899061.0 115623859703.0 1797.0 287733.0 10629032293.0 151771510.0 415570979.0 0.0 27112.0 846336321.0 799153602.0 102241144.0 1877.0 116926441.0 15076.0 16329142.0 3987103.0
42565.0 7145061.0 210266.0 181737574.0 2181343445.0 1105.0 139370066.0 12717212.0 1793167.0 1423820854.0 36253982859.0 701212501274.0 16115216624.0 1048006955.0 50237175401.0 2056.0 489726.0 9663887249.0 193020266.0 979667035.0 0.0 42292.0 899035831.0 1491186412.0 194080022.0 3125.0 287445143.0 31836.0 56328309.0 13975111.0
42792.0 11108686.0 186460.0 179915587.0 6814210607.0 781.0 168676149.0 12287778.0 1456397.0 1215096428.0 55153196316.0 4.14319629284e+12 17142337943.0 929304759.0 121502086779.0 1480.0 311569.0 16223697427.0 209875897.0 749834732.0 0.0 30458.0 1526718199.0 1487221734.0 195824373.0 2080.0 253556587.0 21898.0 40090718.0 11260255.0
38965.0 5316871.0 153168.0 138757518.0 1368983899.0 950.0 93036987.0 7670756.0 1122645.0 1133649535.0 24943255469.5 360819634003.0 10253450600.0 760202771.0 29156583921.0 2216.0 397629.0 5571454264.0 127146805.0 620005372.0 0.0 35392.0 513625341.0 884409041.0 112186548.0 2529.0 155028481.0 25127.0 28267979.0 7740001.0
55766.0 24548202.0 327253.0 345603533.0 18400566398.0 1776.0 425221069.0 42757630.0 2882227.0 1862769629.0 141846697208.0 1.30571046026e+13 58074977957.0 1806562952.0 365275919021.0 4764.0 757760.0 71339334861.0 518675689.0 1617546170.0 0.0 87652.0 11587377626.0 4091872782.0 534022535.0 6666.0 950649187.0 65438.0 139573051.0 24001549.0
58692.0 60038475.0 268760.0 343379448.0 118415512159.0 1037.0 617273247.0 51637703.0 1851827.0 1446921648.0 297373192758.0 2.0747787041e+14 50473850466.0 1586680755.0 1.41351300871e+12 2477.0 452266.0 184637344086.0 562629184.0 1011143282.0 0.0 41466.0 36291832500.0 4054816033.0 546614280.0 2823.0 823838789.0 29744.0 87116875.0 12736800.0
39658.0 6699970.0 157391.0 145543631.0 2327339916.0 976.0 110309805.0 8817590.0 1101440.0 1090175239.0 32436554606.5 795823376618.0 11798216695.0 803813824.0 47019368785.0 2343.0 406611.0 7514658370.0 159657244.0 603341650.0 0.0 38552.0 884908568.0 965860385.0 128086853.0 2296.0 173829697.0 24818.0 28217563.0 7197099.0
36358.0 5145373.0 121270.0 98714808.0 2514576950.0 1197.0 71306916.0 4456801.0 755820.0 889902746.0 22710738056.5 1.3538952692e+12 5474836853.0 587577852.0 41232373289.0 2557.0 466918.0 3549665631.0 109744175.0 373286844.0 0.0 46366.0 183045689.0 549943635.0 72345006.0 3003.0 81052069.0 23926.0 14960256.0 4468329.0
40844.0 21377752.0 127119.0 151824474.0 33277530090.0 665.0 182947322.0 8000766.0 687355.0 792149639.0 100252361788.0 4.58554703536e+13 12920437709.0 668562096.0 341406804391.0 1524.0 268551.0 20524153058.0 195607713.0 364612241.0 0.0 23196.0 1198918589.0 1009608674.0 124056090.0 1378.0 131373261.0 14202.0 16592347.0 3611962.0
43430.0 10493168.0 188158.0 198045540.0 4867014826.0 918.0 170827217.0 13355678.0 1396128.0 1240657693.0 55698248343.5 2.17780058242e+12 21672791825.0 975645646.0 94324662453.0 1657.0 380694.0 16330401358.0 210484795.0 819127528.0 0.0 34526.0 1473114276.0 1520883506.0 199430206.0 3209.0 276522720.0 25711.0 45343779.0 9758067.0
37382.0 10451619.0 104864.0 122766681.0 7146230895.0 630.0 113554468.0 7948688.0 483315.0 653269798.0 47380167510.0 4.49267610912e+12 11000638636.0 528973422.0 96723656686.0 1324.0 234649.0 11931868096.0 136371203.0 307010052.0 0.0 19744.0 1635446782.0 597427134.0 88388524.0 1333.0 114065016.0 11117.0 12334992.0 2138022.0
42466.0 21541935.0 140798.0 165918354.0 32711633066.0 905.0 200467156.0 8912037.0 780485.0 929554824.0 102241866860.0 4.45914857285e+13 14131671495.0 785746549.0 361303057581.0 1533.0 380918.0 23059313985.0 233227358.0 428131721.0 0.0 31066.0 1370582231.0 1159599120.0 147499737.0 1953.0 153994078.0 18722.0 19016907.0 4164061.0
45466.0 14315084.0 203792.0 212201901.0 10069008337.0 1027.0 214556390.0 15200808.0 1522452.0 1370750492.0 75103195148.0 6.77649936846e+12 23742025388.0 1110899757.0 177959175865.0 2114.0 429348.0 24196537008.0 275060498.0 852803560.0 0.0 36770.0 2311633818.0 1811609413.0 247222077.0 2814.0 314761080.0 27750.0 47368776.0 10877168.0
49185.0 22354509.0 222309.0 263086801.0 20691381579.0 825.0 301710383.0 24463520.0 1619780.0 1349435989.0 120937963677.0 1.77721508035e+13 36466044672.0 1202376150.0 324571483858.0 1995.0 346906.0 48446660220.0 322785372.0 990519694.0 0.0 30096.0 6762087511.0 2372775728.0 319435486.0 2055.0 462385460.0 23585.0 62978388.0 11472662.0
36591.0 4460933.0 125149.0 109914618.0 1093525453.0 1100.0 72057714.0 5302429.0 773510.0 917808470.0 19919215071.0 251530372806.0 7304168162.0 630530801.0 22693760028.0 2995.0 440219.0 3798810343.0 112606482.0 422419359.0 0.0 45978.0 322976113.0 589989835.0 78064395.0 3413.0 99001149.0 24614.0 16464879.0 4386809.0
42232.0 11611426.0 170332.0 175105362.0 7397467744.0 1110.0 162748854.0 11332210.0 1274788.0 1118348069.0 59038151076.0 4.46353118574e+12 17498552003.0 859933866.0 123814413617.0 2609.0 451369.0 15739990917.0 203628582.0 640768266.0 0.0 45706.0 1899620037.0 1367125513.0 161176029.0 3791.0 219632811.0 33971.0 31224603.0 9668228.0
46603.0 15062342.0 202087.0 234677825.0 8764499691.0 1048.0 227073149.0 19960278.0 1369963.0 1306063956.0 84561139982.5 4.56458395448e+12 31214937145.0 1128674602.0 159590867786.0 2537.0 435478.0 26945853295.0 285734460.0 891853485.0 0.0 43000.0 4735179285.0 1802770679.0 243602946.0 2541.0 377139898.0 27999.0 52279142.0 8605339.0
41983.0 6346369.0 200652.0 178925198.0 1596557488.0 998.0 126073144.0 11015764.0 1783563.0 1425598080.0 32247343628.0 412668017056.0 15351745053.0 985992375.0 37799762231.0 2355.0 411871.0 7732191587.0 167941053.0 933245997.0 0.0 38720.0 725188800.0 1447474473.0 162974833.0 2482.0 250182301.0 30183.0 50586906.0 14911431.0
40406.0 7782745.0 174252.0 162369558.0 3600955183.0 1057.0 125739868.0 9382499.0 1461708.0 1176673907.0 38744283300.0 1.86688897349e+12 13907874995.0 809814515.0 65052975282.0 2412.0 421902.0 8867787849.0 149831784.0 731609656.0 0.0 42294.0 655045796.0 1282440890.0 138427769.0 3477.0 200782174.0 33252.0 38869152.0 11716400.0
45929.0 17939511.0 200041.0 216613539.0 14894749540.0 1117.0 243624898.0 20000012.0 1400647.0 1190673336.0 89694253363.0 1.15349129681e+13 25839192986.0 1039520361.0 236728797516.0 2713.0 463343.0 35469944879.0 268607556.0 807667215.0 0.0 41378.0 4492725289.0 1854157636.0 262810212.0 3269.0 375235476.0 30717.0 51705801.0 9285749.0
41506.0 8810566.0 161172.0 168891933.0 3953517771.0 711.0 136185887.0 9887590.0 1070154.0 1126826330.0 45484493099.0 1.7595161533e+12 16020263553.0 865431092.0 74138761423.0 1060.0 289770.0 11402107376.0 185485443.0 651184598.0 0.0 22150.0 1010748031.0 1106480611.0 150676853.0 1592.0 192044290.0 17252.0 29732515.0 6837560.0
43191.0 18899717.0 150601.0 181976009.0 20451925879.0 592.0 204790266.0 13005180.0 866374.0 956744126.0 92171637499.0 2.05115438202e+13 20715484743.0 809338343.0 264944664765.0 1078.0 256076.0 27863000426.0 224424197.0 525221267.0 0.0 18292.0 3020346490.0 1257277754.0 172987424.0 1159.0 213158779.0 12530.0 26200131.0 4877102.0
46399.0 17270318.0 195807.0 220228400.0 12498310333.0 1230.0 237865819.0 20694355.0 1279817.0 1207371161.0 91771781074.0 8.03115399676e+12 28092530955.0 1091544466.0 207981451391.0 3068.0 502213.0 31501038712.0 308445355.0 772474774.0 0.0 50662.0 6692968958.0 1742870349.0 234789131.0 3286.0 364789020.0 31426.0 44740540.0 7977876.0
47920.0 16129427.0 245915.0 238229649.0 12112024357.0 1402.0 255892925.0 20015408.0 2160854.0 1563976537.0 84791654237.5 8.72072527514e+12 26295081228.0 1298273385.0 220699559051.0 3951.0 584223.0 31355736464.0 319868720.0 1072359214.0 0.0 62440.0 3705449939.0 2474669503.0 304032615.0 4445.0 440869319.0 44907.0 72211326.0 17979193.0
47306.0 19589646.0 210870.0 235288102.0 19134728679.0 889.0 265279236.0 19901117.0 1497647.0 1260661433.0 99977075556.0 1.89330930749e+13 28276950133.0 1139174862.0 292095783165.0 1731.0 390502.0 37690669923.0 300562717.0 892268165.0 0.0 33184.0 3696559358.0 2067726918.0 286847986.0 2047.0 392307477.0 24320.0 57004598.0 9953078.0
53654.0 27231959.0 292092.0 311297652.0 26477650403.0 1302.0 400238265.0 33406684.0 2612504.0 1730982296.0 151176130513.0 2.26638982117e+13 49201497555.0 1576709275.0 456835613704.0 3153.0 554025.0 66207235576.0 447741187.0 1341823937.0 0.0 56924.0 11853308892.0 3759668618.0 451903602.0 3619.0 698511297.0 44374.0 100538422.0 22587951.0
40109.0 13942778.0 130683.0 147075719.0 11843314785.0 899.0 152378621.0 12552225.0 689845.0 810212528.0 63625397641.0 9.24637195959e+12 11366302548.0 674875409.0 157070926602.0 2331.0 360120.0 18590888293.0 186319221.0 407396522.0 0.0 33128.0 4558475375.0 887354302.0 121446308.0 2166.0 177922180.0 18075.0 19151905.0 3452466.0
37250.0 8584771.0 113141.0 123335921.0 4501645085.0 762.0 105213018.0 6599851.0 616193.0 725784270.0 39755132134.5 2.07956732716e+12 11538008843.0 558611003.0 69179259576.0 1864.0 292370.0 9327737989.0 131289891.0 341818501.0 0.0 29176.0 923578564.0 677992476.0 87223734.0 2151.0 108768604.0 17016.0 13948701.0 3221896.0
34035.0 2890358.0 103845.0 81729144.0 472129974.0 928.0 46477929.0 3442869.0 614537.0 767882186.0 11071729434.5 74475954361.0 4387025559.0 481815825.0 9922304143.0 1959.0 376604.0 1792986886.0 72709700.0 311219700.0 0.0 32832.0 127104029.0 382475837.0 50508660.0 2378.0 60712002.0 19316.0 11117151.0 3406118.0
42245.0 13366907.0 179365.0 171078149.0 14159113902.0 1118.0 166497967.0 9270140.0 1458994.0 1237907000.0 65599766085.5 1.46511339431e+13 13678899074.0 886387896.0 194239967123.0 2643.0 441614.0 13271139335.0 197396276.0 700030167.0 0.0 43950.0 581176918.0 1475357371.0 164532960.0 3205.0 200778285.0 32449.0 37501129.0 11471063.0
38734.0 7313617.0 143657.0 141616213.0 3125699175.0 1005.0 109464868.0 8318886.0 988795.0 972509452.0 34298471569.5 1.39657236332e+12 11676268788.0 686408863.0 55154448206.0 2154.0 409409.0 8591179029.0 129845076.0 548522341.0 0.0 37732.0 774586757.0 914956947.0 119557533.0 3356.0 158397559.0 28326.0 25792184.0 6527103.0
49667.0 16326866.0 259266.0 276554136.0 9335080281.0 1035.0 283103983.0 25218400.0 2110212.0 1577146796.0 93708762285.5 4.96661257781e+12 39958362488.0 1397399497.0 190002355703.0 2402.0 454347.0 36008490569.0 345315229.0 1274392891.0 0.0 39830.0 3954848725.0 2669282858.0 351109930.0 2559.0 555078649.0 30463.0 92865342.0 15761542.0
48589.0 17267523.0 237970.0 247592801.0 13365201881.0 1302.0 267472283.0 20916126.0 1860327.0 1572404549.0 93181532259.5 1.00745875975e+13 29255910391.0 1343300830.0 239834190385.0 3158.0 545742.0 34012804029.0 345790453.0 1057808107.0 0.0 52928.0 4215274520.0 2340882455.0 319813634.0 3818.0 443318929.0 37650.0 66263503.0 13563198.0
49067.0 25999791.0 212201.0 247028925.0 30801860025.0 1089.0 319984792.0 22971173.0 1410441.0 1212966434.0 133790752796.0 3.47287901573e+13 35794123520.0 1190497340.0 433076367406.0 2200.0 454916.0 54552367501.0 367909558.0 804395509.0 0.0 41268.0 5824568253.0 2261667770.0 303586774.0 2809.0 432099617.0 28439.0 55305027.0 8811104.0
40954.0 12630027.0 145831.0 155149528.0 10471749620.0 999.0 152734113.0 9179043.0 934933.0 984364488.0 60633744422.0 8.12513150351e+12 13520714282.0 753538885.0 152008143450.0 2156.0 398427.0 15545363587.0 189938794.0 496770404.0 0.0 36732.0 1683528682.0 1073039187.0 138494856.0 2774.0 162705240.0 24577.0 21469816.0 6059342.0
43509.0 11062507.0 198215.0 185583875.0 6415710904.0 1424.0 174144588.0 13657949.0 1593210.0 1302668950.0 55988204686.5 3.64296624138e+12 17911953792.0 1009318819.0 118686422116.0 3762.0 588571.0 16630752719.0 225045770.0 800422200.0 0.0 68800.0 1867665426.0 1594555207.0 202543279.0 4486.0 288074363.0 41829.0 45134243.0 12245983.0
50457.0 26228232.0 238990.0 260322219.0 30020869802.0 1335.0 342245208.0 26578866.0 1763328.0 1392958783.0 135777623754.0 3.2643457461e+13 36863018061.0 1322477734.0 447632709357.0 3781.0 550712.0 58438478085.0 395211112.0 954646281.0 0.0 57936.0 6997923894.0 2654044802.0 348935987.0 3990.0 521282240.0 39398.0 70134079.0 12327348.0
53842.0 42334247.0 238416.0 295862058.0 69618897050.0 1142.0 457399174.0 31579732.0 1676144.0 1441998298.0 212174175090.0 9.80429889708e+13 44517959468.0 1398580694.0 896838332848.0 2499.0 489836.0 102103685819.0 460846842.0 928719619.0 0.0 46792.0 16175035919.0 3142163959.0 416702416.0 2969.0 548593827.0 33486.0 62603840.0 11686798.0
51193.0 29081889.0 233900.0 272631867.0 34479363396.0 921.0 361103365.0 31018126.0 1687604.0 1408842488.0 148295173562.0 3.72835190079e+13 34190345244.0 1297976208.0 498904844377.0 2388.0 407685.0 69087323716.0 379558047.0 970937999.0 0.0 33986.0 12941890223.0 2668290053.0 366668979.0 2183.0 544872982.0 25859.0 67956752.0 11954910.0
45384.0 33413921.0 156620.0 203171447.0 64370021080.0 803.0 282241653.0 13407383.0 935248.0 945993777.0 157804687708.0 1.08920127082e+14 20222464392.0 856147304.0 643396757020.0 1132.0 325774.0 46128228430.0 261549726.0 501722018.0 0.0 24620.0 3292552454.0 1632434016.0 202054483.0 1913.0 223704877.0 17640.0 27379523.0 5466731.0
44591.0 18332769.0 175374.0 206281819.0 17976344801.0 737.0 224230804.0 15830830.0 1143246.0 1046412770.0 92117741238.0 1.74913811336e+13 24314313539.0 916776802.0 250381638182.0 1513.0 301058.0 30893984793.0 241421341.0 682035013.0 0.0 23642.0 3182533755.0 1604511614.0 211784680.0 1570.0 285950891.0 18254.0 39608701.0 7089587.0
47302.0 20224447.0 210933.0 234480256.0 21880918076.0 848.0 265239538.0 18029734.0 1530870.0 1302407871.0 104172548236.0 2.3639562491e+13 27477863304.0 1155531574.0 320325663757.0 1535.0 371917.0 36015897605.0 302924290.0 887768318.0 0.0 29678.0 2820352438.0 2103668506.0 277120008.0 1982.0 367780762.0 22180.0 54912276.0 10428361.0
38981.0 5974238.0 162830.0 142356706.0 1811169843.0 909.0 103598073.0 8219292.0 1270458.0 1115312413.0 28250284982.5 555461475350.0 11240988925.0 778741999.0 37713317282.0 2275.0 374569.0 6570075388.0 139433274.0 644356945.0 0.0 35520.0 580464500.0 1020565487.0 123326130.0 2600.0 171736783.0 25618.0 31189141.0 9230992.0
39894.0 7282974.0 161488.0 152396264.0 2750055068.0 1306.0 118724942.0 8380067.0 1231505.0 1103567091.0 35949980800.5 1.00610405521e+12 13486206434.0 788569175.0 54269143722.0 3213.0 522526.0 8352668931.0 154966912.0 620715896.0 0.0 56724.0 611187672.0 1114224565.0 132709425.0 4308.0 175863582.0 39318.0 30146890.0 8983499.0
56376.0 36260954.0 294168.0 344783653.0 43081413958.0 1129.0 494313379.0 42844701.0 2349626.0 1598733201.0 198898307362.0 4.63842195091e+13 65946494850.0 1622092674.0 674140679869.0 2096.0 467644.0 109248164344.0 500228235.0 1322484344.0 0.0 45878.0 14875075333.0 4062530309.0 528172932.0 3040.0 848113227.0 35364.0 113595162.0 18242516.0
54909.0 44545418.0 269965.0 297948121.0 77733226106.0 1283.0 487025088.0 38456039.0 2173500.0 1524223531.0 211278932990.0 1.15555149988e+14 31379869874.0 1484953433.0 1.00389212045e+12 3068.0 551851.0 104664170498.0 470110084.0 1083217994.0 0.0 52502.0 25447330872.0 3725760909.0 464423391.0 3769.0 678138772.0 40093.0 85884363.0 17363914.0
34446.0 2908620.0 111508.0 85715706.0 484314007.0 1235.0 48368934.0 3585381.0 746504.0 864527375.0 11225303023.0 85281368268.0 4598092691.0 507434152.0 10336210741.0 3292.0 496001.0 1730800637.0 73794457.0 349975863.0 0.0 57744.0 111312573.0 445223230.0 52590220.0 3694.0 66613706.0 30302.0 12833332.0 4837645.0
49849.0 29290866.0 231654.0 247815076.0 48093114456.0 1386.0 333789638.0 20725263.0 1755766.0 1460791177.0 142923189192.0 7.36248100528e+13 21401839427.0 1329354670.0 612604840783.0 3232.0 590874.0 51893744705.0 378485174.0 930423123.0 0.0 55380.0 4336726356.0 2567203393.0 332093266.0 3595.0 422578237.0 36981.0 60432241.0 12613592.0
45740.0 26859717.0 175612.0 204670910.0 38991597228.0 961.0 270224520.0 16644387.0 1171803.0 1059532007.0 125406786013.0 4.96740851057e+13 20838418963.0 918593093.0 468282203108.0 2239.0 393423.0 43913331679.0 268007374.0 622430922.0 0.0 36918.0 5878667696.0 1771670608.0 224183457.0 2835.0 279659936.0 27072.0 35355504.0 7858584.0
49245.0 33823756.0 198338.0 244349799.0 49308118446.0 1020.0 351461118.0 23769602.0 1317604.0 1133352037.0 167584007130.0 6.40027599865e+13 36517520260.0 1090970942.0 605824584322.0 2536.0 406740.0 72318452699.0 348624921.0 683218989.0 0.0 39236.0 9953519679.0 2306955963.0 292013265.0 2891.0 391988635.0 26685.0 43418649.0 8696907.0
40430.0 9324577.0 151746.0 158689233.0 4508386820.0 1410.0 135409429.0 10047680.0 968183.0 981034808.0 46656117932.5 2.08942036537e+12 15919220564.0 781791399.0 79074263326.0 3533.0 555124.0 12095182828.0 177359295.0 565100037.0 0.0 59378.0 1226394970.0 1041366988.0 137814441.0 5130.0 188960053.0 34679.0 27573691.0 5731808.0
45433.0 9740426.0 230458.0 226006471.0 3463854345.0 713.0 183149760.0 18724446.0 1958569.0 1496153125.0 53192537632.0 1.21862676673e+12 23916762173.0 1146441521.0 75947098762.0 858.0 328124.0 16489397719.0 220156433.0 1193225611.0 0.0 22552.0 2308308501.0 1905580726.0 243879302.0 1652.0 405398598.0 20795.0 74814138.0 15542084.0
38139.0 11169380.0 111891.0 126958566.0 9044913354.0 888.0 120776538.0 6764795.0 546415.0 743272602.0 51718062510.0 6.88517214026e+12 10472876790.0 589075366.0 119675614101.0 1989.0 331769.0 12157695575.0 152026845.0 324492243.0 0.0 30346.0 1129706169.0 674470017.0 94822608.0 2072.0 105006699.0 16941.0 11968502.0 2543029.0
45539.0 24103849.0 202196.0 209082882.0 37960902712.0 793.0 257431572.0 13994291.0 1686167.0 1176388786.0 115122617990.0 5.510538214e+13 18718961967.0 979628222.0 449259354168.0 1628.0 313376.0 31798973067.0 254807295.0 786067318.0 0.0 30968.0 1686096215.0 2138646387.0 234717022.0 2061.0 296856978.0 24077.0 48111608.0 13975173.0
40321.0 10030300.0 139050.0 144807486.0 5944122933.0 1108.0 134046680.0 8298759.0 786045.0 929420657.0 49561190371.5 3.20267083868e+12 13673947714.0 762061849.0 99740728075.0 2464.0 428700.0 12309714732.0 198478727.0 438734518.0 0.0 41570.0 1113163204.0 893148815.0 122095734.0 2760.0 148185353.0 22921.0 18904265.0 4170628.0
43281.0 23061507.0 150777.0 174075864.0 37126598405.0 908.0 216373405.0 10596780.0 872841.0 967899993.0 106602324556.0 5.36283097949e+13 12570500885.0 841289195.0 410116541784.0 1943.0 376396.0 26809007721.0 243890985.0 480415985.0 0.0 31106.0 1699813416.0 1289390673.0 165876961.0 2122.0 185225052.0 20106.0 23898352.0 4744786.0
32227.0 2329430.0 80461.0 64299974.0 357851759.0 927.0 32854377.0 2406818.0 373921.0 623512549.0 8331039920.0 55476313392.0 2837987639.0 371987602.0 6860332302.0 2332.0 367842.0 1118821094.0 53811566.0 207126303.0 0.0 34734.0 111242483.0 218257400.0 31467850.0 2275.0 36098550.0 15430.0 5684477.0 1614210.0
42063.0 11430055.0 167599.0 177678175.0 6912109386.0 796.0 161512544.0 11368057.0 1179400.0 1097244260.0 58793009473.5 4.01113431691e+12 18882297963.0 852944090.0 116486576371.0 1895.0 315608.0 15667860652.0 195913643.0 659132677.0 0.0 32688.0 1442363859.0 1314470332.0 165725307.0 2369.0 220918494.0 22542.0 33205271.0 7993577.0
37895.0 7704513.0 127781.0 125507769.0 4376749323.0 877.0 102354707.0 6446109.0 769886.0 875281158.0 35638732004.5 2.56796016052e+12 9412423962.0 641565923.0 68946984746.0 1827.0 355675.0 7601689273.0 138751230.0 425468305.0 0.0 30870.0 586295590.0 742039036.0 99000761.0 2334.0 116291582.0 19313.0 17648444.0 4388897.0
41102.0 8184721.0 169089.0 166171378.0 3382833074.0 1032.0 132885810.0 9995895.0 1224670.0 1161756273.0 41518427952.5 1.38254323176e+12 15184879749.0 872803212.0 66023929627.0 2073.0 420579.0 10464881959.0 177872960.0 685744943.0 0.0 44078.0 909226691.0 1179139431.0 154676280.0 2966.0 204615611.0 28450.0 33401922.0 8387469.0
49352.0 53883146.0 172409.0 220863034.0 121442790564.0 929.0 393541965.0 25280820.0 1060285.0 1026123458.0 241375463228.0 2.15565222626e+14 21289037059.0 957032828.0 1.14479978642e+12 2330.0 360946.0 83927100613.0 367487388.0 477753109.0 0.0 39112.0 30946123631.0 2124382305.0 222106279.0 2415.0 291651460.0 24039.0 25392012.0 6784073.0
41161.0 8549701.0 172660.0 156603501.0 4462649441.0 1492.0 132981470.0 9595901.0 1300533.0 1196200343.0 42432559730.0 2.39256266062e+12 12528166128.0 892081124.0 81258793599.0 3124.0 608240.0 10325913726.0 192404659.0 647253905.0 0.0 62752.0 1123945525.0 1188657829.0 148825996.0 4860.0 195896070.0 40550.0 32044800.0 9294199.0
36980.0 6303903.0 121551.0 113699262.0 2952337119.0 1017.0 85938976.0 5608179.0 726393.0 865132109.0 29040692424.0 1.4102002996e+12 7830774523.0 604688829.0 49158669153.0 2310.0 405517.0 5448510422.0 122556035.0 393606657.0 0.0 39628.0 495372840.0 630776712.0 83336856.0 2683.0 99516088.0 22746.0 14883800.0 4180834.0
46977.0 15963377.0 217038.0 237129009.0 10832537590.0 904.0 242274999.0 18609681.0 1682982.0 1395941415.0 86902018958.0 6.82056366543e+12 30276468413.0 1157588737.0 194045439914.0 1932.0 378701.0 30570816782.0 285066216.0 959793109.0 0.0 37068.0 3334040495.0 2109039090.0 275277357.0 2517.0 383794436.0 27620.0 56045636.0 12678020.0
50852.0 30041209.0 253502.0 262118703.0 46250395524.0 1775.0 360078101.0 21491616.0 2175802.0 1594973240.0 148476371022.0 6.5453941616e+13 29140441223.0 1388565632.0 627399920953.0 4678.0 742102.0 56211771830.0 395690481.0 1052407321.0 0.0 81352.0 4935247907.0 3080587447.0 367579341.0 6433.0 465695176.0 61037.0 69311308.0 18172047.0
50313.0 21463022.0 265419.0 267575397.0 24348944297.0 1258.0 311148423.0 20964641.0 2378945.0 1733883732.0 113665183380.0 2.77468026083e+13 29759077978.0 1470476371.0 384478583059.0 2564.0 533958.0 40406279437.0 379420119.0 1211156861.0 0.0 51776.0 3024954630.0 2976178722.0 361558895.0 4178.0 489205829.0 41272.0 79611470.0 20438598.0
45397.0 8580085.0 242843.0 212722231.0 2868837884.0 1713.0 173866448.0 15078840.0 2300790.0 1684551677.0 46580812491.5 939342147208.0 20472589028.0 1275953902.0 69010075645.0 4785.0 701501.0 13375985331.0 249897926.0 1136843390.0 0.0 86158.0 1328985608.0 2016154761.0 237503384.0 5921.0 368128575.0 57777.0 66979116.0 20482800.0
42425.0 26161459.0 121829.0 161603648.0 38947988190.0 953.0 218265673.0 10404265.0 573238.0 772547442.0 122510823843.0 4.90601510589e+13 20276120772.0 671724905.0 411848761509.0 2228.0 372503.0 34211888212.0 239489232.0 301847850.0 0.0 34912.0 4335424761.0 1029155458.0 123942301.0 2371.0 138877956.0 18856.0 12551218.0 2725931.0
35975.0 5298956.0 114739.0 111392674.0 1903961627.0 647.0 75576489.0 5130915.0 696958.0 815640296.0 23692669608.5 741198133778.0 7712151023.0 545421785.0 32769635341.0 1143.0 263568.0 4536145269.0 97048157.0 394959302.0 0.0 20712.0 332447839.0 587009739.0 76513312.0 1393.0 91340437.0 14902.0 15066739.0 4069814.0
46245.0 30735781.0 168881.0 212381890.0 43882346411.0 664.0 293432568.0 22248042.0 1041943.0 935794441.0 142288749059.0 5.38433570135e+13 24925637629.0 863776684.0 504784504664.0 1207.0 264640.0 56895208386.0 259331158.0 571631046.0 0.0 23406.0 12305765459.0 1759031259.0 234605753.0 1641.0 321748418.0 17454.0 35178316.0 6550299.0
39635.0 9672621.0 137130.0 140410033.0 5906470919.0 1590.0 125958175.0 8385727.0 805949.0 933542227.0 46680567169.5 3.381577108e+12 12063913274.0 719655803.0 94832960453.0 3195.0 646504.0 11318691752.0 172138623.0 449789297.0 0.0 66250.0 1216406894.0 864360292.0 119196458.0 5467.0 146044480.0 36535.0 19074571.0 4499468.0
46219.0 15600013.0 214782.0 213908064.0 12686010693.0 1426.0 227776073.0 15734753.0 1708697.0 1470005276.0 80531216371.5 9.71968449631e+12 21791792910.0 1178822762.0 216910217114.0 4148.0 580279.0 26428042601.0 300666897.0 872754500.0 0.0 63710.0 2938721346.0 1989175975.0 252980979.0 4257.0 330582793.0 41237.0 49187410.0 13007071.0
53521.0 21887279.0 323114.0 319121147.0 19312749691.0 1456.0 370667153.0 31567360.0 3294049.0 1952841753.0 121701108052.0 1.70311915395e+13 39817039353.0 1690464675.0 359869491062.0 3420.0 598882.0 51993343340.0 419585586.0 1637378759.0 0.0 65090.0 7698601932.0 4073939414.0 483701384.0 5068.0 754363853.0 54252.0 123704858.0 32527429.0
42360.0 24573802.0 131426.0 161102546.0 39718012025.0 795.0 209431822.0 10679141.0 678905.0 838666591.0 111917422532.0 5.62216862857e+13 10091119131.0 718401913.0 412701182093.0 1560.0 307657.0 30345632652.0 225061546.0 370962466.0 0.0 25438.0 3720283259.0 1083709676.0 140794014.0 1835.0 153982340.0 15274.0 16103301.0 3485243.0
44947.0 16358643.0 186863.0 199031320.0 14385996154.0 1228.0 215769566.0 14672638.0 1287829.0 1223987209.0 83821155942.0 1.21177522665e+13 21069170049.0 1034913210.0 221885163824.0 3716.0 496073.0 27046631162.0 277352517.0 691348772.0 0.0 56522.0 2881811510.0 1634840445.0 214950429.0 3424.0 281902680.0 32103.0 36991798.0 8457233.0
34459.0 5504841.0 93412.0 101897540.0 2001480524.0 434.0 69114930.0 4565024.0 476566.0 633865984.0 23952370993.0 708696701540.0 7716092976.0 433961512.0 31280324961.0 509.0 181160.0 4615914567.0 79609936.0 300297259.0 0.0 11112.0 355267034.0 451205289.0 60665157.0 930.0 72416395.0 7664.0 11010050.0 2307981.0
41667.0 29328151.0 114363.0 160729211.0 49598006336.0 678.0 219277553.0 10887026.0 528484.0 692304044.0 132966210566.0 7.03637276519e+13 16917880139.0 608860473.0 467506832153.0 1527.0 277227.0 37511631903.0 206552472.0 295162938.0 0.0 25658.0 5323149301.0 985637604.0 123287672.0 1945.0 134436281.0 12524.0 11987539.0 2506563.0
55228.0 34341118.0 262052.0 331413539.0 39169368001.0 815.0 450383427.0 44846271.0 1747367.0 1441074207.0 186962233508.0 4.25539789559e+13 59583905121.0 1493602010.0 591265803125.0 2001.0 384855.0 100054568461.0 471268523.0 1209775888.0 0.0 27948.0 17855178650.0 3183685146.0 463119510.0 1581.0 783043110.0 21196.0 100280464.0 10968386.0
42311.0 8327121.0 187662.0 184150473.0 3030709424.0 814.0 145116884.0 12296764.0 1449662.0 1240431591.0 43137616740.0 1.11087511301e+12 17823704848.0 946015286.0 63024123032.0 1446.0 369536.0 11698996323.0 185497335.0 847768925.0 0.0 28418.0 1104819965.0 1379884662.0 181639171.0 1909.0 258779234.0 21572.0 44634097.0 10673414.0
45128.0 14522591.0 197655.0 208163630.0 10985133439.0 1040.0 209748730.0 15600514.0 1424594.0 1274060055.0 75167173796.0 8.30393928088e+12 21995746401.0 1069613851.0 183441936561.0 2174.0 433235.0 24547723523.0 260319295.0 826462075.0 0.0 38510.0 2321664911.0 1705245765.0 234608285.0 2613.0 312827077.0 27559.0 47224044.0 9625798.0
55552.0 45552737.0 251967.0 316441176.0 70036949306.0 1533.0 508543345.0 39439117.0 1802253.0 1421824006.0 232798426204.0 9.37533220346e+13 60771359028.0 1444021447.0 925170412360.0 3744.0 653385.0 129352370001.0 498622436.0 954237587.0 0.0 65774.0 21451963435.0 3534403690.0 454341796.0 4889.0 666813320.0 46482.0 72151803.0 13019277.0
52626.0 20410615.0 302398.0 298260928.0 17016248600.0 1690.0 346701637.0 30228193.0 2732443.0 1875677753.0 111238345378.0 1.44165730839e+13 35720116123.0 1694819917.0 322221862063.0 5074.0 706663.0 50361068045.0 441013490.0 1468171928.0 0.0 76898.0 6187646016.0 3421219905.0 460848017.0 5422.0 703387393.0 58985.0 108836719.0 23194304.0
33711.0 3507085.0 98465.0 90160286.0 673656071.0 697.0 51859246.0 4006317.0 567285.0 704421338.0 14155539746.0 117894419356.0 5577124180.0 438090890.0 12656520968.0 908.0 292178.0 2430200140.0 66463733.0 327181976.0 0.0 20692.0 222203833.0 408809476.0 50059369.0 2458.0 67716979.0 14891.0 11667286.0 3109466.0
45655.0 16013582.0 189463.0 232189018.0 9744725837.0 538.0 222363639.0 23517239.0 1231256.0 1110489295.0 86081300048.5 5.49804218488e+12 32185234750.0 953477379.0 158273833552.0 1263.0 227864.0 31036300099.0 223739801.0 881210421.0 0.0 18254.0 6126491197.0 1665348654.0 217383959.0 1138.0 396916531.0 14104.0 59651975.0 7446179.0
44915.0 23156207.0 168446.0 193560046.0 32506511150.0 1111.0 241995791.0 12623348.0 1061691.0 1085412005.0 111956647344.0 4.20260342032e+13 19278393680.0 944772883.0 396754820288.0 2334.0 440233.0 33471040824.0 281855382.0 553341488.0 0.0 44590.0 2549021038.0 1575043685.0 199596580.0 2762.0 229853618.0 27661.0 28164231.0 6499150.0
48877.0 18798731.0 238821.0 259830878.0 13858171196.0 1102.0 284806816.0 25650685.0 1799210.0 1397179540.0 102880884040.0 9.60967841745e+12 36639833805.0 1270138355.0 243446605822.0 1844.0 504839.0 39617993307.0 330252773.0 1103036010.0 0.0 39156.0 6135381843.0 2416016529.0 326570109.0 3011.0 514411876.0 30149.0 77524113.0 12554057.0
41394.0 7145832.0 183159.0 166975029.0 2378410338.0 1176.0 128838089.0 10167825.0 1460378.0 1301814001.0 35830149557.5 782963043927.0 14391169687.0 943073445.0 51995491844.0 3511.0 479846.0 9098863503.0 185301686.0 755304759.0 0.0 50268.0 859438013.0 1275792078.0 159316199.0 3696.0 221139988.0 35367.0 38067567.0 10966426.0
38306.0 6589564.0 134320.0 130731910.0 2719639929.0 796.0 97771925.0 6870859.0 847419.0 955003042.0 31055983604.0 1.1794700576e+12 9964136928.0 683712413.0 49234989985.0 1629.0 339723.0 6717126488.0 134486803.0 483012944.0 0.0 27256.0 546569934.0 761669826.0 106377165.0 1723.0 127734878.0 18213.0 19930330.0 5147696.0
40488.0 8114375.0 159267.0 159064508.0 3427942945.0 894.0 127197196.0 9459759.0 1111576.0 1096448157.0 40640276209.5 1.4129888642e+12 14463231588.0 813715888.0 64860545466.0 1394.0 373826.0 10121853497.0 166580766.0 627422871.0 0.0 30846.0 902255797.0 1083469475.0 142688441.0 2138.0 187627788.0 22301.0 30587771.0 7278910.0
39771.0 5522031.0 174109.0 145632752.0 1515843959.0 1895.0 103082565.0 7645527.0 1493645.0 1281995442.0 26457831577.5 427682669911.0 11061152334.0 850675951.0 34303488221.0 5200.0 762044.0 5590252110.0 150186995.0 685712849.0 0.0 93000.0 399540703.0 1130576017.0 125928399.0 7887.0 170069251.0 59850.0 33810503.0 12173505.0
39752.0 6826719.0 164136.0 150054577.0 2374803216.0 1058.0 115023741.0 8932715.0 1250076.0 1127935879.0 32981843366.5 822898251120.0 12553253869.0 806144869.0 48482178711.0 3273.0 420312.0 8027754780.0 156552013.0 638968656.0 0.0 44244.0 747450002.0 1081457932.0 132819778.0 3479.0 185562873.0 28533.0 31155331.0 8990156.0
54277.0 23973778.0 308132.0 332642222.0 20229141554.0 1008.0 392662562.0 35675004.0 2742934.0 1825677416.0 137227068107.0 1.6351345798e+13 49332333306.0 1655301674.0 374987696082.0 1440.0 475727.0 64886106622.0 425518391.0 1619804114.0 0.0 33376.0 8304161494.0 3798383678.0 507424296.0 2647.0 788568320.0 32869.0 125168316.0 23443802.0
38365.0 8638087.0 123502.0 129826813.0 4366427265.0 759.0 112040064.0 8608271.0 649759.0 772274498.0 39972357051.5 2.02130792847e+12 11303895010.0 633628491.0 70161235381.0 1257.0 302707.0 10931157165.0 148759789.0 396366563.0 0.0 24734.0 1402470222.0 702325348.0 100405479.0 1641.0 139488923.0 15162.0 17527924.0 3159312.0
37278.0 15450159.0 102991.0 114275628.0 22594794233.0 838.0 123312480.0 4162446.0 545876.0 728218246.0 68859467900.0 2.83232369362e+13 6142276641.0 509248929.0 224325937776.0 1511.0 332167.0 8848624482.0 134867247.0 271142525.0 0.0 30956.0 283369062.0 658959461.0 75578627.0 2569.0 67293007.0 17975.0 9818602.0 2917685.0
38307.0 6225787.0 145194.0 132544162.0 2291467357.0 944.0 97411863.0 6900773.0 1046775.0 1005341803.0 29637336264.5 860992949035.0 10294212073.0 698849349.0 43398376486.0 1810.0 379761.0 6125823246.0 132184733.0 536731420.0 0.0 36294.0 464606664.0 875245987.0 104846507.0 3278.0 137111971.0 24218.0 23372731.0 7315971.0
40497.0 9639300.0 158810.0 159669692.0 5307640960.0 688.0 138055022.0 9150545.0 1180474.0 1037340486.0 48046215482.5 2.80736711012e+12 15188508336.0 769371126.0 90741881641.0 1691.0 261291.0 11803612127.0 166913825.0 597419849.0 0.0 26934.0 954456108.0 1188737637.0 141605182.0 1903.0 181583339.0 18391.0 28431563.0 8692089.0
44885.0 12115601.0 210269.0 203522568.0 7352068234.0 1131.0 196087006.0 15018669.0 1670599.0 1386380387.0 62540035472.5 4.50866993358e+12 20987956873.0 1109038797.0 138417839561.0 2643.0 458030.0 19935165368.0 257451208.0 888322637.0 0.0 45752.0 1841835339.0 1782113855.0 239259815.0 2940.0 325821484.0 32777.0 52404313.0 12607650.0
55805.0 23878144.0 326403.0 371307316.0 15938149853.0 1132.0 421062740.0 40820450.0 2961885.0 1837993854.0 148220818481.0 9.54699438031e+12 68975432359.0 1711813681.0 325279427106.0 2065.0 502060.0 67984138242.0 432818601.0 1799288357.0 0.0 42200.0 9010836094.0 4286036778.0 539783964.0 3255.0 921798986.0 41446.0 151376142.0 25346522.0
41778.0 14028127.0 158604.0 170583012.0 12404042225.0 937.0 169099780.0 10572181.0 1099229.0 1042492400.0 69232710620.0 1.04422861639e+13 16031439139.0 804878285.0 174429648455.0 2067.0 366672.0 18311151410.0 195217612.0 581649043.0 0.0 35636.0 1894406672.0 1284296797.0 153607479.0 2549.0 193509528.0 25196.0 27724609.0 7479547.0
38780.0 8914155.0 127909.0 137338033.0 4864194423.0 543.0 117777601.0 8121460.0 711920.0 837938080.0 41682240771.0 2.60293381937e+12 12077110338.0 659233330.0 78236163317.0 1082.0 225326.0 10928333373.0 151911503.0 431029713.0 0.0 17112.0 1028084883.0 780343231.0 112462088.0 1061.0 139340862.0 11450.0 19343047.0 3690123.0
38275.0 7179990.0 129683.0 134535493.0 2665466990.0 702.0 102739591.0 9374795.0 727171.0 858903793.0 33382850863.0 900543467285.0 11043754106.0 653037474.0 47126945856.0 1770.0 301061.0 8825398526.0 133785254.0 484041467.0 0.0 22874.0 1435239852.0 706531205.0 104046855.0 1497.0 156639332.0 14491.0 21751625.0 3740184.0
52031.0 23639860.0 280139.0 292799309.0 25940411776.0 1401.0 351421098.0 24834750.0 2485412.0 1802017741.0 127700751323.0 2.84090199844e+13 36503791919.0 1571020756.0 427100530755.0 3266.0 613061.0 50984792194.0 413355635.0 1332342043.0 0.0 58850.0 4386238955.0 3328287629.0 424870009.0 4368.0 571358620.0 45714.0 90910565.0 21070951.0
43997.0 12152069.0 188903.0 203069514.0 6342457238.0 724.0 187824044.0 16421982.0 1334471.0 1170392422.0 63068849467.5 3.14970536175e+12 23400194884.0 963909215.0 115882631255.0 1166.0 309748.0 21458385741.0 220525158.0 817251548.0 0.0 23494.0 2570290158.0 1548443452.0 210810021.0 1796.0 318878099.0 19033.0 48101396.0 8887297.0
33529.0 4143329.0 90053.0 79679484.0 1577168516.0 930.0 52544661.0 3033295.0 461536.0 647033919.0 17190460664.0 633145512005.0 4360079389.0 415453349.0 25058521372.0 2164.0 344882.0 2435245250.0 77205160.0 239587876.0 0.0 33982.0 155590776.0 349187327.0 45102335.0 2478.0 48478500.0 17810.0 7587269.0 2268684.0
45411.0 21863000.0 188548.0 214030020.0 28421899744.0 714.0 248614099.0 14342067.0 1399473.0 1142804236.0 108166747762.0 3.51343076824e+13 23776316022.0 959864820.0 363189657239.0 1502.0 277378.0 32647186204.0 252004281.0 738664971.0 0.0 26764.0 2084035320.0 1924375052.0 227400192.0 1928.0 284420044.0 20209.0 44305501.0 10077222.0
54912.0 54504388.0 271585.0 312449840.0 141278275706.0 1004.0 511187025.0 28662555.0 2323373.0 1514660568.0 265481115364.0 3.21982196199e+14 25578128230.0 1490644789.0 1.47938658665e+12 2367.0 416890.0 102626356631.0 441353657.0 1138555570.0 0.0 42118.0 6679778011.0 4054890769.0 454250353.0 2884.0 604557035.0 34786.0 88852006.0 19337481.0
33478.0 2320720.0 98616.0 73541301.0 284519658.0 986.0 37793765.0 2985248.0 596720.0 794579693.0 8009511798.0 36139627211.0 3515608839.0 437736100.0 6082076975.0 2400.0 368945.0 1220712931.0 56137592.0 296305877.0 0.0 39772.0 83667955.0 326081805.0 41828986.0 2555.0 51660771.0 20188.0 10410174.0 3442779.0
38011.0 4852431.0 142124.0 123707587.0 1299543017.0 1112.0 81992481.0 6241880.0 1021079.0 1056542080.0 22179121363.5 360429213573.0 8438322985.0 695784471.0 27106445235.0 2116.0 449525.0 4386723036.0 118711422.0 530997514.0 0.0 40530.0 366509465.0 762911534.0 94346277.0 3408.0 123876988.0 29100.0 22372690.0 7085161.0
54256.0 64931615.0 202134.0 292875177.0 155852557503.0 671.0 525649162.0 38167641.0 1200716.0 1058552808.0 312983630261.0 3.27494102941e+14 29941272124.0 1179548342.0 1.4897685474e+12 1208.0 278389.0 167342262748.0 424688107.0 638543389.0 0.0 21600.0 28906899020.0 2852675617.0 363603316.0 1462.0 508323692.0 16744.0 47292803.0 7343194.0
44284.0 11103474.0 195217.0 195720277.0 5678448962.0 1679.0 181167617.0 13599598.0 1422493.0 1313628708.0 58670167880.5 2.74416243068e+12 20754394648.0 1083029848.0 112256800083.0 4813.0 683112.0 17829111657.0 255844587.0 785162387.0 0.0 72172.0 1649461187.0 1552278326.0 213520091.0 5345.0 286737363.0 47130.0 43371209.0 9690877.0
39252.0 7579624.0 143354.0 145188477.0 3148935479.0 773.0 112462568.0 8628720.0 923841.0 1001919671.0 36914014455.5 1.25157517168e+12 12135807151.0 726485273.0 57292304190.0 1444.0 318109.0 8494888031.0 146662648.0 547534434.0 0.0 25968.0 1175185285.0 890170362.0 121931325.0 1776.0 157242434.0 18229.0 23977758.0 5648574.0
53466.0 32059559.0 273155.0 310655366.0 47431660246.0 1474.0 410896979.0 29859295.0 2221462.0 1603722247.0 170625341818.0 6.90558690863e+13 43007336245.0 1519558588.0 661034631646.0 3108.0 623861.0 70590240785.0 437300875.0 1272023622.0 0.0 56748.0 6399538810.0 3476558647.0 435702871.0 4453.0 636277891.0 44479.0 94679871.0 17257233.0
49595.0 33591415.0 218759.0 242387045.0 56390271033.0 1534.0 349097583.0 21620690.0 1665751.0 1346667732.0 161070520047.0 8.36213635951e+13 22461070594.0 1198521159.0 686179945023.0 3127.0 644758.0 61520608400.0 360567003.0 822987199.0 0.0 65610.0 9151386407.0 2572370571.0 311859842.0 5479.0 391262237.0 47861.0 49935078.0 12673850.0
39852.0 5896463.0 161679.0 137362588.0 2209508397.0 1612.0 98219711.0 7669750.0 1203913.0 1263546738.0 28180392632.5 906768432276.0 8817492954.0 838980778.0 44096323169.0 4765.0 680134.0 5654082548.0 153285147.0 626291555.0 0.0 77890.0 784522488.0 915752043.0 117894401.0 5861.0 151899237.0 44331.0 26036255.0 8692252.0
36250.0 4806067.0 121747.0 113693427.0 1325756638.0 770.0 74522861.0 5739475.0 770484.0 875732060.0 21330073138.5 382043894937.0 7821522691.0 581033748.0 25314722131.0 1841.0 296382.0 4234934698.0 99131368.0 435282322.0 0.0 27794.0 391319044.0 614777228.0 80456661.0 1705.0 104938857.0 17825.0 17877939.0 4579209.0
40178.0 8371568.0 152899.0 156432986.0 3895991399.0 830.0 123910022.0 10135721.0 1031229.0 1059687553.0 41198334389.5 1.84494828949e+12 12858290953.0 776929507.0 68068994651.0 1598.0 335283.0 10274065389.0 156336736.0 605785048.0 0.0 29566.0 1610125276.0 1011451759.0 135136064.0 1966.0 185951863.0 20292.0 28116446.0 6606888.0
41729.0 12184102.0 151657.0 179822000.0 6762798498.0 508.0 162136204.0 14046806.0 901097.0 926017895.0 62058429921.5 3.44066549051e+12 21603482041.0 765543589.0 108531026557.0 923.0 215692.0 18832300026.0 177258568.0 611733783.0 0.0 15880.0 2591591064.0 1125321551.0 157410109.0 1090.0 236844757.0 11498.0 32241095.0 5078664.0
55860.0 41428748.0 274906.0 328341809.0 60383466121.0 894.0 502994822.0 39495189.0 2169283.0 1548016679.0 213791566417.0 7.8659762632e+13 56176424014.0 1532411411.0 847536025831.0 2207.0 389295.0 117877156858.0 485299608.0 1144275480.0 0.0 33370.0 17854937737.0 3902109769.0 501081204.0 2261.0 737198438.0 28375.0 90909379.0 17074222.0
47156.0 23704862.0 191501.0 223888245.0 27782249210.0 1241.0 278625004.0 16792799.0 1272433.0 1240936769.0 121172802143.0 2.9479316554e+13 29672461354.0 1088907517.0 388091896093.0 3064.0 502107.0 42311317613.0 324469840.0 696409505.0 0.0 49116.0 4046558251.0 1941294066.0 255022660.0 3952.0 314169281.0 32093.0 38824212.0 8205319.0
36264.0 4564348.0 122780.0 111884604.0 1231240228.0 882.0 71234260.0 5333385.0 792706.0 890440712.0 20321864243.0 356117935816.0 7503624119.0 582529846.0 23648990759.0 1539.0 345487.0 3691417503.0 96215740.0 443150555.0 0.0 30162.0 290479465.0 606852159.0 78181377.0 2243.0 98223190.0 20173.0 17339189.0 4860092.0
38147.0 6705082.0 139667.0 130869560.0 2541840102.0 784.0 101638051.0 8100220.0 898137.0 921136833.0 30808246124.5 921181200174.0 10360057562.0 674700226.0 47359253463.0 1690.0 307288.0 7698314746.0 132658471.0 514113985.0 0.0 28180.0 790556468.0 800352554.0 115417209.0 2127.0 149491886.0 19491.0 23323036.0 5444361.0
50536.0 12797772.0 306764.0 294725225.0 5105113352.0 1655.0 269420516.0 26318056.0 2979878.0 1955239158.0 76565175227.0 1.95933932283e+12 37159504434.0 1644091624.0 124910123087.0 4471.0 712001.0 27173036827.0 359287268.0 1676794597.0 0.0 75286.0 3177189162.0 3166348397.0 383686586.0 5185.0 656549283.0 59096.0 123892829.0 26095054.0
43657.0 20462267.0 184084.0 174471742.0 31918265850.0 1714.0 211351509.0 10612192.0 1402461.0 1192086025.0 94613288740.5 4.45864823976e+13 12211465553.0 951444457.0 376707262384.0 5393.0 683622.0 20327757486.0 250001953.0 646339556.0 0.0 83784.0 980485895.0 1629459404.0 182218440.0 6110.0 223415374.0 50296.0 36732486.0 10042996.0
52303.0 53365504.0 213493.0 262419260.0 127485680197.0 1452.0 454803772.0 24992707.0 1473774.0 1241209460.0 253332341226.0 2.62857409872e+14 20512629022.0 1243145826.0 1.28572086121e+12 3538.0 590554.0 103849016065.0 434124419.0 689758878.0 0.0 65442.0 14142334860.0 2872942793.0 333941360.0 4979.0 410118401.0 42220.0 44502838.0 10140250.0
49797.0 30123958.0 204793.0 255034273.0 35748998195.0 686.0 341631859.0 28836282.0 1315030.0 1157625773.0 154449987979.0 3.75968943284e+13 39733838020.0 1128786337.0 484660397233.0 1108.0 299157.0 66223517272.0 356979594.0 778260311.0 0.0 24524.0 13740841376.0 2250156686.0 300274398.0 1665.0 458802891.0 17256.0 50846242.0 8415191.0
39004.0 8603428.0 129767.0 130505882.0 5242233286.0 880.0 112522080.0 6739215.0 720178.0 896848120.0 41630764001.0 3.20153854671e+12 10554123146.0 698634783.0 83275419372.0 1962.0 360093.0 8737809495.0 168745580.0 408041141.0 0.0 31896.0 682755121.0 751879090.0 101199331.0 2082.0 119675284.0 17297.0 16574536.0 3694956.0
43137.0 13188576.0 190421.0 183732069.0 12260065489.0 1147.0 177801667.0 10928454.0 1553603.0 1281440312.0 65705347462.5 1.15488983318e+13 15683519977.0 957457027.0 181811753971.0 2440.0 453579.0 16001029649.0 217272805.0 769218204.0 0.0 43588.0 1026227002.0 1618885924.0 182855640.0 3358.0 234322823.0 33121.0 42113470.0 12087149.0
41591.0 10569834.0 156711.0 177031825.0 5184579345.0 881.0 152730410.0 11338758.0 1013444.0 1044253221.0 54568533390.0 2.26988232786e+12 19654093282.0 805975288.0 91939949446.0 1898.0 368143.0 15222504509.0 179134545.0 632451515.0 0.0 34390.0 1482880239.0 1171682762.0 162394026.0 2693.0 210655010.0 23974.0 30906678.0 6312636.0
45026.0 26791376.0 171311.0 187793654.0 44937915436.0 1386.0 252431047.0 11694094.0 1147890.0 1117449105.0 126679963122.0 6.60343158667e+13 16629867512.0 934299452.0 505485649937.0 3225.0 561658.0 33311403617.0 284976905.0 555492116.0 0.0 59700.0 2819008213.0 1662129228.0 193481507.0 4242.0 211460210.0 36527.0 27801067.0 7551488.0
41694.0 11889960.0 159379.0 156805464.0 10508163105.0 1236.0 152442845.0 8503973.0 1054909.0 1126366493.0 57040438677.0 9.22609554879e+12 12229115471.0 870754391.0 157672441493.0 3525.0 512175.0 13325219246.0 211849905.0 553170037.0 0.0 53530.0 812530537.0 1134193730.0 148937766.0 3300.0 166095704.0 29573.0 25023759.0 6629242.0
52897.0 44901529.0 220821.0 281815739.0 82410451443.0 1110.0 448519321.0 31538850.0 1436130.0 1259442686.0 218695671678.0 1.3539794131e+14 34083612652.0 1279952120.0 957984310770.0 2173.0 452571.0 108507926363.0 430442529.0 804360944.0 0.0 40750.0 16653333528.0 2843542940.0 381290862.0 3103.0 512420492.0 29030.0 55581507.0 9219057.0
39973.0 8493746.0 140455.0 150014837.0 3891105838.0 859.0 122647533.0 8463504.0 817200.0 978992403.0 42653305236.5 1.66573222677e+12 13933804820.0 767393881.0 69789350292.0 1816.0 344405.0 10397403057.0 173299556.0 501793146.0 0.0 30654.0 915229153.0 880363872.0 121784218.0 2048.0 155382483.0 17850.0 22294221.0 4333942.0
36133.0 4844823.0 116642.0 105720664.0 1422465373.0 710.0 72621935.0 5767964.0 664470.0 810139504.0 21073769799.0 406755778351.0 6984342032.0 573865203.0 26904659174.0 1355.0 280960.0 4478052940.0 106240388.0 383917365.0 0.0 25272.0 473035469.0 528547190.0 76399507.0 1711.0 101194658.0 15363.0 15526475.0 3490496.0
40822.0 6008501.0 185867.0 164077703.0 1420163306.0 1021.0 114815512.0 10382015.0 1560820.0 1283244810.0 29751531526.0 307452210354.0 13681120552.0 906066171.0 32996713185.0 2414.0 429001.0 7007372427.0 158502701.0 818927308.0 0.0 39464.0 841209209.0 1246455439.0 140344882.0 2655.0 226159502.0 29552.0 42152828.0 12247477.0
48556.0 40840448.0 182296.0 232190286.0 76572757741.0 771.0 355835527.0 21222494.0 1205332.0 1051445290.0 195568956260.0 1.22176579035e+14 29868717353.0 981381648.0 805484846977.0 1616.0 298708.0 75026314481.0 322815705.0 592927618.0 0.0 27754.0 11204185220.0 2181870808.0 254917063.0 2021.0 322634860.0 20748.0 36389692.0 8160926.0
41302.0 10603242.0 155788.0 163735138.0 6445758922.0 1196.0 146059259.0 9494344.0 1050763.0 1076578681.0 54082634855.5 3.69381042561e+12 15575817280.0 816029781.0 106979970493.0 2333.0 463569.0 13490757187.0 190590564.0 572801399.0 0.0 44374.0 1378147141.0 1140403942.0 144826913.0 3483.0 180023778.0 30069.0 25355683.0 7040927.0
48382.0 51472673.0 162171.0 214552316.0 113777880260.0 999.0 363852978.0 28374210.0 942489.0 948574081.0 233237958310.0 2.0152107613e+14 10279469303.0 885556190.0 1.03678428683e+12 2372.0 387920.0 67525655548.0 337356267.0 446699156.0 0.0 37582.0 39355148334.0 1888959704.0 199311776.0 2454.0 293039025.0 23151.0 23729536.0 5696699.0
38506.0 10479374.0 118218.0 128596118.0 7472163774.0 796.0 122153874.0 7704135.0 580347.0 750485210.0 48438749351.5 5.06929007261e+12 11269699026.0 621237781.0 106926682738.0 1535.0 311149.0 11996859346.0 164420256.0 349030824.0 0.0 25042.0 1290581530.0 697069114.0 99979917.0 1614.0 122255184.0 14442.0 14334273.0 2638876.0
40074.0 5781253.0 174804.0 149367873.0 1562246303.0 1342.0 108313788.0 8657048.0 1389053.0 1240009943.0 27630911858.0 428493888153.0 11824621954.0 880361875.0 35802006456.0 3090.0 526029.0 6533846941.0 160016232.0 702916944.0 0.0 56786.0 493660797.0 1098296559.0 139132157.0 3892.0 189121106.0 37765.0 36302103.0 10172732.0
56012.0 21956849.0 394144.0 354979730.0 19720502565.0 1802.0 411851589.0 31530251.0 4842427.0 2453980266.0 129976797664.0 1.83025784848e+13 47889624244.0 2071777695.0 397295956716.0 3477.0 779994.0 50696591186.0 510166743.0 2136674980.0 0.0 93776.0 4405728702.0 5473579339.0 573673861.0 7181.0 892048379.0 71383.0 163847522.0 57554270.0
54348.0 33949412.0 268441.0 327587990.0 45876234502.0 667.0 439179140.0 36063630.0 2016481.0 1474848524.0 182623558346.0 6.19608701693e+13 54059116734.0 1469562354.0 651975137928.0 1618.0 301643.0 89003036158.0 421267206.0 1269511194.0 0.0 23292.0 9347661036.0 3464207764.0 466859325.0 1487.0 708315117.0 19433.0 103041506.0 14373770.0
31747.0 4147100.0 68900.0 71497950.0 1607080977.0 350.0 45197581.0 2366972.0 291408.0 486215782.0 16802980763.0 620840561815.0 4074507815.0 309715844.0 22544294047.0 688.0 143758.0 2283831656.0 57179540.0 170391737.0 0.0 9690.0 136671755.0 248332519.0 32799178.0 671.0 33176317.0 5572.0 4613496.0 1220625.0
41503.0 9083548.0 164774.0 168764089.0 3931452714.0 981.0 141653375.0 10976240.0 1076382.0 1087763833.0 46254268454.0 1.58861155547e+12 16854358857.0 874604021.0 74912405109.0 1936.0 419523.0 12673800569.0 191362940.0 661182701.0 0.0 33188.0 1234416472.0 1129553659.0 159837935.0 2242.0 212673151.0 22977.0 32291402.0 6450279.0
38617.0 5806843.0 152482.0 137311613.0 1583851662.0 951.0 99635918.0 8352796.0 1076186.0 1025968968.0 27019355425.5 396199542869.0 11062741459.0 739723520.0 33699731774.0 2113.0 371305.0 6569586109.0 137727159.0 591777016.0 0.0 35874.0 646401895.0 893567126.0 117654322.0 2836.0 166870530.0 23173.0 29203472.0 6969388.0
43858.0 19131162.0 169320.0 180597245.0 20405712059.0 1035.0 213391511.0 15640830.0 1121437.0 1049871351.0 90211889729.0 1.9086602068e+13 15865681158.0 875423733.0 276382686203.0 2095.0 427201.0 27285071939.0 248513766.0 584675298.0 0.0 39634.0 6901835344.0 1467875624.0 186929397.0 3168.0 249366382.0 28071.0 29294334.0 7522123.0
35088.0 3124085.0 123322.0 99275311.0 443094038.0 971.0 55144723.0 4585008.0 920794.0 918531465.0 12305036617.5 60763033131.0 5938155032.0 530946718.0 9745281946.0 2791.0 382149.0 2044140897.0 71980671.0 449888808.0 0.0 38046.0 180995985.0 573034479.0 60344664.0 3050.0 88968777.0 26904.0 18174140.0 6695985.0
40825.0 25979882.0 126982.0 146354770.0 50185479714.0 981.0 197181775.0 7800428.0 757565.0 796847417.0 112667641250.0 8.18989808692e+13 6332920292.0 636514492.0 467143790858.0 1917.0 369381.0 23136400115.0 188818569.0 344490996.0 0.0 38756.0 1339649856.0 1077799927.0 125596381.0 3036.0 126969829.0 23507.0 16153369.0 4659052.0
50354.0 28052353.0 223925.0 260143310.0 29492214229.0 1575.0 352472587.0 29344487.0 1530475.0 1250585196.0 143204647430.0 2.71982697151e+13 42340444042.0 1227840117.0 442125866677.0 3835.0 642552.0 68100301114.0 392116760.0 852879427.0 0.0 66214.0 11354038458.0 2514571246.0 336054237.0 5146.0 512794130.0 45343.0 59304165.0 10144617.0
41026.0 11745640.0 150011.0 157732765.0 9749705646.0 754.0 148156577.0 8804756.0 942104.0 1030783066.0 57135282266.5 8.14764502699e+12 13438265441.0 800607616.0 142661413576.0 1512.0 314506.0 13694444832.0 190752500.0 539530291.0 0.0 28232.0 885558184.0 1062598751.0 144221813.0 1748.0 165484364.0 17711.0 24411671.0 5611359.0
54358.0 45076348.0 253681.0 300847655.0 83049502639.0 1124.0 479719915.0 32828730.0 1970808.0 1453423750.0 223089637488.0 1.38760788015e+14 36851719004.0 1423349132.0 1.01101937707e+12 2315.0 460869.0 111238885196.0 460705905.0 983522623.0 0.0 42486.0 15341193462.0 3552119986.0 434221629.0 3010.0 596040194.0 33789.0 72248231.0 15248894.0
52419.0 21265287.0 277318.0 305774227.0 15393459914.0 1114.0 347126801.0 31864443.0 2230572.0 1666926652.0 122156706762.0 1.01927338724e+13 47195304295.0 1553297316.0 294215404756.0 3829.0 463468.0 52882428686.0 416553462.0 1353100177.0 0.0 48156.0 7677373497.0 3125705209.0 415862935.0 2806.0 674914761.0 35565.0 103533627.0 16577156.0
40391.0 7462551.0 163484.0 164050894.0 2599707561.0 667.0 123072927.0 10775644.0 1174926.0 1087178476.0 36650441960.0 932621836166.0 14976483161.0 785507282.0 50832577475.0 965.0 285605.0 9816671719.0 144189440.0 715247223.0 0.0 20406.0 984099989.0 1101864722.0 142063135.0 1437.0 211060099.0 16406.0 37911884.0 7911115.0
39530.0 13628670.0 123836.0 139458453.0 13499915107.0 890.0 143119033.0 7001304.0 676633.0 841721559.0 64728549578.5 1.23878660232e+13 12540058335.0 654229952.0 171776454476.0 2134.0 353492.0 14151803408.0 175802960.0 362430901.0 0.0 33910.0 984569232.0 857234230.0 110880294.0 2103.0 117731756.0 18724.0 14779947.0 3581306.0
40178.0 7967782.0 150113.0 153816157.0 3077432052.0 798.0 121796210.0 10100639.0 941000.0 1037735905.0 39720562064.5 1.06442660764e+12 13741067841.0 791137799.0 58548042025.0 1467.0 327754.0 10088257570.0 168202273.0 577110483.0 0.0 28382.0 1443868240.0 936642946.0 131280261.0 1815.0 184662896.0 17913.0 26431066.0 5505617.0
52787.0 41975402.0 220636.0 284024709.0 68750487269.0 850.0 437393804.0 31931618.0 1427599.0 1259075883.0 209539158894.0 1.00627045151e+14 42878128178.0 1270373870.0 841067481347.0 2176.0 352352.0 104786639937.0 423480405.0 816815058.0 0.0 31304.0 15872406230.0 2802462370.0 372519847.0 1946.0 518713143.0 22323.0 58183623.0 9025200.0
40709.0 6801137.0 179890.0 157801140.0 2382106596.0 1231.0 120623373.0 9622185.0 1443937.0 1225822050.0 33535263721.5 904940423210.0 13155979025.0 886250873.0 49558632852.0 3013.0 505451.0 7908935373.0 168638707.0 739752750.0 0.0 52330.0 666341318.0 1206029041.0 151182206.0 3717.0 209562492.0 36613.0 38294285.0 10850527.0
46634.0 29147727.0 184168.0 209373529.0 48666064276.0 1269.0 287790578.0 15722504.0 1245198.0 1131654941.0 137257324994.0 7.2961334456e+13 20389527459.0 1004387037.0 562800647099.0 2539.0 506613.0 45039150052.0 301488149.0 633486365.0 0.0 51882.0 3621417827.0 1907516964.0 235525771.0 4206.0 286696506.0 33552.0 38071364.0 8229344.0
47588.0 18568585.0 216553.0 242438163.0 15512229756.0 966.0 263697422.0 19456518.0 1627944.0 1362306640.0 99365627568.5 1.22940514086e+13 31354789977.0 1167862101.0 255812557530.0 2225.0 409182.0 36443795834.0 301370449.0 939729858.0 0.0 34986.0 3799771995.0 2189171585.0 284781661.0 2421.0 392601581.0 26370.0 58448782.0 11624410.0
45218.0 15528542.0 192991.0 202630051.0 11457870948.0 745.0 220071119.0 17993788.0 1294784.0 1150311943.0 77234311277.0 7.93302209212e+12 22700524001.0 1033772762.0 192768291369.0 1256.0 306296.0 29324186495.0 270344492.0 752689931.0 0.0 23708.0 3645607932.0 1629576433.0 244146090.0 1682.0 338390474.0 17946.0 46934685.0 8181940.0
33228.0 3886051.0 91717.0 82229917.0 1386540725.0 615.0 50710888.0 2984283.0 533392.0 676732528.0 15924238608.5 564556630262.0 4503506019.0 405059958.0 21659401489.0 933.0 226317.0 2208754877.0 66323679.0 266761191.0 0.0 22142.0 109672364.0 383877028.0 45146172.0 1513.0 50056256.0 13380.0 8782586.0 3089959.0
39637.0 8219190.0 152143.0 149252986.0 4043416699.0 839.0 121432811.0 8665300.0 1055328.0 1019473530.0 39833261627.5 2.04564252445e+12 12994578902.0 744786464.0 70676597497.0 1527.0 354654.0 9516376117.0 152841427.0 587621646.0 0.0 30002.0 785122128.0 1012287613.0 131621920.0 2421.0 168182670.0 20247.0 27482580.0 7057469.0
34272.0 3742150.0 99382.0 87245360.0 985602989.0 1111.0 53813353.0 3708736.0 549346.0 738197947.0 15380390815.5 274371655932.0 4918080252.0 470929042.0 17959153565.0 2766.0 425372.0 2565268047.0 78692327.0 297406229.0 0.0 44404.0 203669474.0 394916122.0 54810040.0 2989.0 61998502.0 23250.0 10185237.0 2871408.0
41805.0 14436841.0 145712.0 175253379.0 9830735813.0 699.0 176310071.0 14510151.0 801330.0 862321483.0 71186396038.5 5.9327830584e+12 22586649899.0 748821332.0 146967086740.0 1194.0 278218.0 22795869835.0 197968065.0 524574411.0 0.0 23670.0 3537925360.0 1104894402.0 154326476.0 1670.0 230223816.0 15580.0 28263958.0 4115588.0
35808.0 4799789.0 110777.0 105601256.0 1583274238.0 743.0 68754313.0 4692502.0 669255.0 829574168.0 21286777806.5 563104805988.0 6799525241.0 530790566.0 27876194869.0 1399.0 292222.0 3857822326.0 91354526.0 371351835.0 0.0 26706.0 289345679.0 533597027.0 67627683.0 1822.0 82575979.0 16881.0 13664925.0 3954316.0
42271.0 14139343.0 150061.0 172220926.0 10731993396.0 991.0 172212968.0 12385521.0 862263.0 961865686.0 72110770824.5 7.31395268926e+12 18929879115.0 812015521.0 159361988592.0 2093.0 394319.0 20004770149.0 218221628.0 527252510.0 0.0 38264.0 2992679994.0 1123113688.0 148034509.0 2492.0 206623809.0 22302.0 25357255.0 4694900.0
37474.0 7024395.0 124735.0 126592060.0 3094317848.0 653.0 97260707.0 6400942.0 765760.0 850469605.0 33045695869.0 1.31925802862e+12 10401995501.0 609497936.0 52597860062.0 1030.0 258277.0 7002439148.0 124244459.0 430952858.0 0.0 21500.0 501623966.0 731370352.0 94816931.0 1390.0 116362463.0 15083.0 18337976.0 4468649.0
46402.0 29389184.0 182405.0 214974875.0 47505048026.0 1104.0 287241094.0 15149935.0 1304292.0 1115283271.0 143043215662.0 6.87016670395e+13 24336692644.0 956926625.0 542491543583.0 2348.0 443990.0 45726651757.0 281382140.0 636633129.0 0.0 44544.0 3884060175.0 1994060473.0 230094219.0 3199.0 275837229.0 30623.0 36460939.0 9284845.0
49633.0 27366124.0 207875.0 258370827.0 26523496674.0 825.0 330586632.0 31594606.0 1329021.0 1140384825.0 142173297150.0 2.15755049986e+13 44291870561.0 1114453833.0 384824029294.0 1687.0 350873.0 65207064848.0 343282810.0 817510980.0 0.0 32682.0 14158832906.0 2229840941.0 289809154.0 2230.0 499022957.0 21850.0 60064306.0 8253186.0
57286.0 69185540.0 233359.0 315489035.0 155427313065.0 1153.0 597403498.0 48110546.0 1523403.0 1303933070.0 331487610249.0 2.87770098923e+14 42455939548.0 1392427663.0 1.64158612101e+12 2763.0 481659.0 178999959171.0 535644620.0 768555842.0 0.0 47130.0 53138454394.0 3527759237.0 428469983.0 3057.0 634359437.0 32043.0 56100463.0 10392110.0
40357.0 5743559.0 180859.0 162501967.0 1286336315.0 861.0 110207240.0 9830563.0 1509135.0 1273868495.0 28247535943.5 270722446949.0 13392597607.0 865523264.0 29847250340.0 2284.0 372970.0 6539542331.0 141520949.0 819684052.0 0.0 32586.0 640587762.0 1198295628.0 142854253.0 2157.0 213502196.0 25373.0 41682524.0 11871983.0
38583.0 11919638.0 118342.0 135791576.0 10356482976.0 568.0 129541548.0 7541284.0 609848.0 767256977.0 55295049367.5 8.7238179788e+12 11426933220.0 612658910.0 133790925993.0 848.0 228881.0 13144648857.0 154145827.0 372094998.0 0.0 16472.0 1117516102.0 759561464.0 106591895.0 1023.0 121062470.0 10830.0 15240984.0 2969317.0
35288.0 4350884.0 121858.0 98652263.0 1451841926.0 1261.0 66857489.0 4538428.0 861279.0 861615001.0 18154061126.0 560876393650.0 6049201449.0 542844111.0 26243943543.0 3878.0 500922.0 3213070392.0 93016564.0 390193716.0 0.0 56800.0 191119496.0 602028381.0 68603270.0 4613.0 87430273.0 33879.0 16759046.0 5763386.0
44820.0 9592341.0 218170.0 219133222.0 3379393244.0 781.0 177789221.0 16452171.0 1772477.0 1436755445.0 52339145360.0 1.1240750496e+12 23885691615.0 1110812719.0 74841967665.0 947.0 351167.0 15726350040.0 221513764.0 1098129737.0 0.0 24152.0 1689868850.0 1781740078.0 233369729.0 1902.0 356395366.0 21443.0 64914832.0 13454415.0
44771.0 22770102.0 174217.0 197233783.0 33073695196.0 592.0 235603722.0 12508693.0 1178444.0 1122240756.0 111546412431.0 4.41902958222e+13 19513958184.0 930028282.0 396526834889.0 921.0 254428.0 29125349408.0 254968151.0 650120207.0 0.0 19032.0 2042381964.0 1640023184.0 202967462.0 1109.0 233321990.0 13726.0 33179585.0 7856878.0
50297.0 15391590.0 285150.0 289602761.0 9239720843.0 1328.0 282116896.0 23891267.0 2709242.0 1823518278.0 89721816409.5 5.8169974552e+12 36651641273.0 1500601254.0 189262146579.0 2733.0 577815.0 32232482024.0 334836994.0 1505965176.0 0.0 55360.0 3159083929.0 3106120481.0 379109740.0 4061.0 574627282.0 47977.0 102090741.0 24236262.0
38837.0 8217051.0 133344.0 139232226.0 3800796782.0 926.0 114553390.0 8274802.0 771019.0 883645130.0 39702208287.5 1.66124777038e+12 12406844803.0 693939366.0 65300743490.0 2525.0 376405.0 9745691400.0 156241283.0 457502744.0 0.0 33992.0 1065936351.0 808320056.0 110654390.0 2061.0 146562765.0 19559.0 19916571.0 4064499.0
44252.0 14355867.0 184741.0 193111261.0 10641662485.0 1488.0 199942360.0 12693835.0 1301309.0 1213193612.0 74565946087.0 7.24861377991e+12 22479741518.0 1007354204.0 178252737276.0 3820.0 585113.0 21864721200.0 264899687.0 685752694.0 0.0 65490.0 1874955395.0 1588325060.0 203165338.0 4519.0 256049829.0 40987.0 36255891.0 8684089.0
42595.0 6894622.0 206453.0 172476255.0 2319788422.0 1475.0 133956406.0 10471954.0 1797122.0 1519267809.0 34746270184.5 846871115104.0 14017835467.0 1091637892.0 53733884160.0 2901.0 608596.0 8618621321.0 211392258.0 873360454.0 0.0 69182.0 697881495.0 1449465893.0 183077491.0 4915.0 243731193.0 46819.0 44909465.0 14807091.0
42473.0 11390408.0 178223.0 178583045.0 6999973802.0 1307.0 166984262.0 11998864.0 1352324.0 1178061512.0 57033226905.5 4.17732208936e+12 17604776516.0 900276647.0 120460840218.0 3551.0 523969.0 16671943345.0 205644735.0 689268732.0 0.0 57314.0 1794725498.0 1438091071.0 178642896.0 4117.0 241488187.0 39677.0 36421514.0 9969580.0
47767.0 23999210.0 197446.0 234924809.0 25115177978.0 1089.0 291429455.0 20000950.0 1338275.0 1188930551.0 124530177836.0 2.35565020129e+13 36061957042.0 1084515774.0 363086852883.0 2672.0 440100.0 48338047691.0 317389046.0 740266702.0 0.0 46930.0 5419294075.0 2066427344.0 274639588.0 3242.0 364104219.0 31717.0 44137517.0 8982859.0
47656.0 13886233.0 245962.0 246784317.0 8653211114.0 1219.0 237788110.0 18553612.0 2152754.0 1611852937.0 77285880662.5 5.60679384044e+12 29186523837.0 1296622045.0 168238986973.0 2293.0 534863.0 24980095371.0 295442432.0 1185483527.0 0.0 50520.0 2039063210.0 2399355304.0 304311332.0 3400.0 429333325.0 39021.0 74119971.0 17972188.0
35704.0 4169424.0 118522.0 103388716.0 1003350077.0 773.0 65653215.0 5225160.0 748291.0 861722721.0 17637684638.0 240460816617.0 6465523007.0 557980333.0 19780773678.0 1457.0 297107.0 3501752730.0 91492281.0 406110707.0 0.0 25984.0 367707883.0 543145564.0 71672052.0 1784.0 94195004.0 16823.0 15836246.0 4534936.0
33695.0 3032076.0 96311.0 78491686.0 621523362.0 1135.0 44894990.0 3412610.0 526433.0 736864840.0 11702214360.0 135089236231.0 3929932040.0 447815453.0 11911464282.0 3521.0 443171.0 1890683479.0 68537413.0 279403979.0 0.0 47850.0 191024612.0 334379559.0 46380468.0 3251.0 56228097.0 22854.0 9076267.0 2696490.0
38625.0 11922404.0 124212.0 134872011.0 10788960977.0 589.0 130080655.0 7704550.0 695469.0 748403489.0 54999184706.0 9.54398902247e+12 11675106815.0 612797840.0 137350747254.0 1086.0 232134.0 12359099901.0 148835791.0 398511722.0 0.0 16966.0 871160981.0 816623806.0 110169110.0 1134.0 130442533.0 12569.0 18367251.0 3710163.0
55914.0 50713883.0 230852.0 315327714.0 78603870237.0 842.0 524817040.0 48299303.0 1354730.0 1196540889.0 257068504338.0 1.02125552202e+14 70493810334.0 1350765888.0 978809616783.0 1646.0 364361.0 153835701334.0 498405254.0 824251167.0 0.0 27916.0 32060214779.0 3065117522.0 418163510.0 1923.0 694603684.0 19529.0 71654093.0 7797065.0
41392.0 12862399.0 143844.0 161731712.0 9344627759.0 651.0 159411018.0 10780174.0 809576.0 950935859.0 63245188508.0 6.15533017423e+12 16633816768.0 776390313.0 142246328519.0 1418.0 298566.0 18074840444.0 200356258.0 497278766.0 0.0 22390.0 2003705079.0 1020296926.0 147344818.0 1370.0 181873403.0 13048.0 22942041.0 4319228.0
52733.0 23065670.0 274430.0 307488603.0 18200914227.0 1426.0 362072473.0 33428895.0 2164249.0 1612187517.0 131067419132.0 1.32951279651e+13 49213821189.0 1517633792.0 332182154692.0 3758.0 611801.0 59904384388.0 415495959.0 1326997856.0 0.0 61186.0 8123064831.0 3135500859.0 432297895.0 4206.0 691679801.0 46843.0 100643696.0 16126510.0
43649.0 10653088.0 200613.0 197009049.0 5677844122.0 983.0 174406777.0 15395143.0 1589210.0 1300820156.0 53387090092.5 3.24689392815e+12 18530465019.0 996732024.0 104756069026.0 1377.0 415825.0 17781455834.0 203166713.0 898953618.0 0.0 32756.0 2067374636.0 1614598903.0 214222877.0 2580.0 318326502.0 26411.0 54220452.0 11782216.0
44300.0 36260063.0 144110.0 185426127.0 79202176956.0 834.0 270884137.0 10996424.0 861624.0 898435518.0 166436374098.0 1.46914836818e+14 12294213502.0 774037791.0 720773402788.0 1385.0 322847.0 42450056884.0 247538713.0 416309925.0 0.0 30278.0 3383212235.0 1480028781.0 170111592.0 2365.0 172110828.0 19463.0 20132186.0 5310712.0
39893.0 12569701.0 124744.0 139182652.0 9371048497.0 822.0 144325379.0 9016980.0 623556.0 787752157.0 59138790354.5 6.0175435146e+12 14026380726.0 669749685.0 136812582809.0 1862.0 320667.0 16387395200.0 193935416.0 350380899.0 0.0 28828.0 2142313931.0 814243885.0 111620354.0 1772.0 139162962.0 15903.0 15146242.0 2930182.0
45340.0 20366941.0 193788.0 199075830.0 26198117051.0 1144.0 237713501.0 13435795.0 1474478.0 1269904806.0 97154264611.5 3.15024563639e+13 17371880289.0 1032516532.0 350554615956.0 2842.0 465180.0 29203310053.0 277795314.0 715565834.0 0.0 48398.0 2536249923.0 1859372979.0 226607828.0 3228.0 269853319.0 33073.0 40326142.0 10839516.0
39200.0 12047337.0 127863.0 142484864.0 10286584686.0 593.0 135659148.0 7424183.0 767440.0 832271174.0 57045995288.0 8.460925013e+12 12952660242.0 638363334.0 137386839314.0 1083.0 233644.0 13116538994.0 155981688.0 415629752.0 0.0 18924.0 900416515.0 901553345.0 114151023.0 1347.0 129328213.0 13688.0 18141622.0 4559259.0
41398.0 13648029.0 156210.0 163062407.0 14223869303.0 635.0 159966420.0 9061372.0 1070248.0 1078280625.0 65342714759.5 1.44420318438e+13 13175742701.0 794024053.0 189944237466.0 1484.0 267451.0 14590528059.0 185461991.0 587578638.0 0.0 21868.0 830573449.0 1198070742.0 150886776.0 1378.0 174699191.0 15603.0 28237818.0 7137273.0
35376.0 6079544.0 100848.0 104868567.0 2661852685.0 578.0 76586140.0 5081183.0 517129.0 686296595.0 26824963457.0 1.17690607351e+12 7389771468.0 490637084.0 41291742811.0 1063.0 217542.0 5481958667.0 97675040.0 314600980.0 0.0 17092.0 492494796.0 489387260.0 68797942.0 1036.0 81173378.0 10503.0 11445527.0 2490090.0
50363.0 33949041.0 197518.0 248015497.0 42293537711.0 864.0 364330715.0 34261872.0 1125308.0 1094187357.0 165159694655.0 4.44025459707e+13 37899633801.0 1116428877.0 553550727364.0 1407.0 364107.0 81663726115.0 391231434.0 669459916.0 0.0 30560.0 20786599844.0 2108081415.0 296086714.0 2145.0 487019435.0 20398.0 47488001.0 6236027.0
48634.0 21255946.0 216666.0 246802302.0 20053272331.0 1153.0 287668358.0 22071513.0 1511517.0 1353905518.0 113151706789.0 1.78779443254e+13 32802151694.0 1217943955.0 315410408131.0 2697.0 481211.0 43811685642.0 345372926.0 904188463.0 0.0 46796.0 5429575656.0 2187261734.0 296652621.0 3306.0 422485797.0 32566.0 57605706.0 10031174.0
45393.0 13792102.0 207869.0 202833972.0 10135458617.0 1267.0 208150769.0 15302162.0 1585796.0 1373699286.0 70327858036.5 7.46733524437e+12 20167204680.0 1139309568.0 178166648739.0 3012.0 532739.0 22839003959.0 285766332.0 832247236.0 0.0 53286.0 2422571101.0 1777081754.0 236897926.0 3953.0 319067764.0 34912.0 46433326.0 11554867.0
41154.0 31262597.0 127575.0 147376271.0 73364052287.0 1106.0 204906339.0 5309650.0 782025.0 882861901.0 141439194446.0 1.38599996494e+14 5478457931.0 659488496.0 616021280009.0 2893.0 428447.0 16441496151.0 197875903.0 346578995.0 0.0 46886.0 337226266.0 1116912166.0 107833000.0 3124.0 93588950.0 25380.0 14803068.0 4792353.0
47291.0 27733876.0 197890.0 226560597.0 43404051660.0 827.0 292163102.0 16536350.0 1464774.0 1241156258.0 135557378344.0 6.21952719873e+13 22386813592.0 1061201110.0 523259839663.0 1478.0 331622.0 44712650119.0 299033306.0 753454490.0 0.0 32230.0 3987813604.0 2157188136.0 256889298.0 2152.0 314689052.0 22571.0 43879022.0 10688074.0
45799.0 14843011.0 214613.0 220676586.0 9971608497.0 953.0 225078637.0 17685047.0 1758282.0 1339037981.0 78159740131.0 6.32100325014e+12 26227644383.0 1086840552.0 177707551555.0 1915.0 388786.0 26801299977.0 261328406.0 916744797.0 0.0 36738.0 3075621344.0 2033504993.0 256146184.0 2728.0 367263073.0 29731.0 53791413.0 14197653.0
45846.0 25926093.0 164054.0 208531790.0 34430902219.0 847.0 268274341.0 17341877.0 924795.0 973717521.0 125441258131.0 4.23780396365e+13 26544603498.0 913992086.0 420286791559.0 2223.0 365585.0 46655381289.0 281530864.0 552229387.0 0.0 28536.0 4904810678.0 1569954780.0 218681151.0 1877.0 280069872.0 18913.0 31629410.0 5030007.0
49481.0 33740792.0 210186.0 240717053.0 49491855618.0 1362.0 350866309.0 25616886.0 1549453.0 1254477607.0 164004826100.0 6.32382781036e+13 30083946052.0 1128933504.0 617406345918.0 2204.0 558959.0 66355442549.0 367468715.0 727244448.0 0.0 58998.0 15073735324.0 2492026867.0 285317999.0 4635.0 405745636.0 39090.0 45020412.0 11627971.0
53006.0 63866733.0 177643.0 275894469.0 140269925003.0 788.0 489876285.0 43098041.0 907092.0 897443939.0 305163159145.0 2.67378839151e+14 35913416831.0 1020617188.0 1.2965700473e+12 1791.0 331247.0 171540488281.0 396606895.0 510055395.0 0.0 29064.0 39351330090.0 2309188281.0 291317855.0 1983.0 472959964.0 17825.0 40511059.0 4869192.0
33986.0 3999383.0 94639.0 84802514.0 1276608019.0 851.0 54220201.0 3472851.0 500844.0 676655958.0 16422949820.5 446054667246.0 4833750808.0 440648526.0 21607750999.0 2283.0 325226.0 2685897631.0 77559961.0 272405017.0 0.0 32944.0 187478604.0 377403173.0 51124705.0 2139.0 56953884.0 16526.0 9004865.0 2524139.0
49026.0 39115278.0 205158.0 234537450.0 86582284201.0 1221.0 351540297.0 18250839.0 1467271.0 1258660757.0 184448320098.0 1.67568065256e+14 17590708200.0 1136678974.0 898497397712.0 2563.0 494658.0 56911771293.0 338524769.0 745332610.0 0.0 51434.0 3719307799.0 2384358245.0 283903859.0 4049.0 350105285.0 35038.0 48684666.0 10243623.0
39378.0 10588410.0 128025.0 147005906.0 6644853509.0 630.0 130773631.0 8624851.0 688125.0 820406370.0 51893836377.0 3.97465902861e+12 14982675945.0 667685266.0 99675901451.0 1255.0 253080.0 12839338844.0 162137356.0 438151763.0 0.0 19584.0 1161770728.0 834857812.0 114301301.0 1330.0 144818614.0 12324.0 19431266.0 3441709.0
43580.0 28483663.0 150761.0 175755819.0 57111508877.0 1067.0 234177392.0 9280505.0 914502.0 977683399.0 130395115002.0 9.78030081869e+13 10880916806.0 821113823.0 563969949777.0 2188.0 438085.0 26655607524.0 241543367.0 481543953.0 0.0 39852.0 1069731733.0 1386195957.0 163811647.0 2433.0 168644755.0 25408.0 23817696.0 5320818.0
40498.0 22013621.0 116990.0 152409644.0 34107916913.0 542.0 180309519.0 8320852.0 602145.0 756548837.0 101798130756.0 4.6622059083e+13 13393758708.0 607671440.0 341748271986.0 1036.0 224268.0 21798978275.0 178566666.0 343828573.0 0.0 17710.0 1856816539.0 930220630.0 114729094.0 1246.0 122223333.0 11690.0 14666249.0 3124928.0
38009.0 9160785.0 118425.0 122374854.0 5992991899.0 1060.0 109668798.0 6916312.0 628268.0 807644203.0 42204376768.5 3.69283797447e+12 9297391723.0 616759263.0 88365316244.0 3070.0 406394.0 9999586981.0 150004923.0 344479924.0 0.0 43982.0 1128443871.0 677211069.0 91226976.0 2635.0 111932153.0 20795.0 13671355.0 3115909.0
55783.0 42568838.0 264818.0 332131419.0 62186427586.0 846.0 501426500.0 37973917.0 2011358.0 1503501085.0 225986715984.0 7.91792109217e+13 64815152067.0 1489482427.0 861776360561.0 1642.0 407677.0 117894923330.0 475483419.0 1124781558.0 0.0 31370.0 16915661833.0 3759633587.0 481681472.0 2015.0 691697508.0 24460.0 85851133.0 15262428.0
47498.0 21791199.0 187416.0 238204245.0 18962829167.0 681.0 272670635.0 21744211.0 1148408.0 1141204365.0 116841353892.0 1.42680332295e+13 38231805546.0 1047208729.0 289003833525.0 1219.0 330963.0 45225324572.0 300856076.0 750427995.0 0.0 22618.0 5946906137.0 1817491771.0 249706557.0 1587.0 365123924.0 16883.0 47702458.0 6815894.0
41714.0 9487981.0 172981.0 175281561.0 4791894189.0 866.0 146290918.0 10778715.0 1291838.0 1177896461.0 48622610407.0 2.40978577972e+12 16685440378.0 869900465.0 87054626692.0 1783.0 355783.0 12570885284.0 178543055.0 724887557.0 0.0 31114.0 1055174309.0 1301489939.0 165299845.0 2167.0 219630742.0 24400.0 36552691.0 9254713.0
39828.0 7883335.0 147575.0 154163779.0 2904180636.0 741.0 119360031.0 10603992.0 932413.0 980695725.0 38648347597.5 967918625251.0 14280256062.0 742914370.0 54082881602.0 1539.0 311215.0 10040680506.0 152484716.0 588651451.0 0.0 27858.0 1517505916.0 927863765.0 126359058.0 1871.0 190079372.0 17746.0 27951810.0 5524484.0
35485.0 3669633.0 118373.0 98041298.0 767930288.0 1218.0 59446607.0 4729601.0 754654.0 887632660.0 15314984892.5 161903119528.0 5776540875.0 560074099.0 15845198167.0 2745.0 477530.0 2732000097.0 88225764.0 398262373.0 0.0 47800.0 247971053.0 505918403.0 66142494.0 3555.0 86155595.0 27711.0 15369069.0 4503366.0
45203.0 24294304.0 171113.0 192124399.0 32316115465.0 1179.0 245917126.0 17771075.0 1083024.0 1089822346.0 114434431726.0 3.70568390232e+13 14350407674.0 931825078.0 399872320965.0 2394.0 497235.0 33174992182.0 284426334.0 574068613.0 0.0 44250.0 10924723080.0 1584142732.0 196790600.0 3317.0 263188485.0 29992.0 29138619.0 6711556.0
47751.0 14115986.0 238010.0 235835082.0 8855289683.0 1472.0 235564178.0 18626404.0 1948678.0 1641963774.0 77130557346.5 5.3269461233e+12 25430005938.0 1349981115.0 174826635684.0 3519.0 614688.0 25544800784.0 335873418.0 1058638275.0 0.0 65874.0 3616951112.0 2199280630.0 292358473.0 4277.0 405313545.0 42685.0 59607059.0 15372367.0
46731.0 23313490.0 179383.0 229000263.0 24601300011.0 587.0 270116790.0 21641216.0 1077800.0 1073262588.0 118925365491.0 2.42141883308e+13 28772287060.0 987076833.0 333282476923.0 1509.0 256662.0 47215405209.0 279660541.0 693938420.0 0.0 22706.0 7573691437.0 1732067548.0 246399277.0 1376.0 350335929.0 14734.0 41291689.0 6253661.0
44561.0 13503564.0 195290.0 188483203.0 10611250609.0 1913.0 193878212.0 13268327.0 1460187.0 1343553882.0 68363839835.0 8.28926674195e+12 17613793745.0 1070395457.0 177611433083.0 5149.0 779728.0 20251244767.0 274522183.0 736609435.0 0.0 93248.0 2147899652.0 1605899832.0 206077760.0 6969.0 270724717.0 55854.0 38448208.0 10674181.0
37851.0 4119925.0 154898.0 125361160.0 771328468.0 1191.0 78147840.0 6789773.0 1229568.0 1167813931.0 18013812213.0 150978043283.0 8337191763.0 730365829.0 18073275956.0 2660.0 476659.0 3646951246.0 110814025.0 625474567.0 0.0 51270.0 303579110.0 826540954.0 99902792.0 3584.0 142579941.0 33096.0 28587000.0 9182088.0
48355.0 16466132.0 232041.0 246303494.0 11631751654.0 1897.0 260034151.0 19454955.0 1771991.0 1510443557.0 91719979362.5 7.9400250866e+12 31675322684.0 1337274451.0 214196706556.0 5844.0 784374.0 32249206444.0 352539448.0 993633232.0 0.0 90672.0 3176097586.0 2265088054.0 297931055.0 6378.0 422339069.0 55262.0 61836746.0 12489892.0
41810.0 16603942.0 141690.0 171664607.0 15693623144.0 574.0 184195559.0 10846637.0 817244.0 882117165.0 80455938461.0 1.32867166508e+13 20156046195.0 741165316.0 211078808384.0 973.0 236107.0 23510794763.0 201134731.0 480153485.0 0.0 17674.0 2116474850.0 1154252965.0 156345976.0 1099.0 182542633.0 12118.0 22827255.0 4603071.0
34640.0 4544678.0 98110.0 93848326.0 1348306687.0 501.0 61955048.0 4697357.0 504724.0 672164538.0 19227511537.0 384465929036.0 5982951175.0 471948541.0 23169971476.0 889.0 200363.0 3854998379.0 87749141.0 293637179.0 0.0 14200.0 458294604.0 412480733.0 54219710.0 957.0 75394966.0 8645.0 10745477.0 2405188.0
38677.0 17436997.0 106781.0 131658871.0 22686689344.0 742.0 149898063.0 6655163.0 508468.0 685606992.0 77832570120.0 2.6194089298e+13 10646445428.0 550950215.0 240741033781.0 1447.0 301539.0 17433195846.0 158874423.0 283856358.0 0.0 25624.0 1281519602.0 743647473.0 99716286.0 1773.0 96745573.0 14057.0 10878435.0 2384833.0
44144.0 13899950.0 183958.0 194889430.0 9800270440.0 913.0 194990197.0 14751346.0 1267061.0 1162780088.0 72582191444.5 6.62804858675e+12 21862983002.0 980193913.0 161605837342.0 1767.0 398333.0 22146512244.0 246493174.0 719332290.0 0.0 31322.0 2557882048.0 1519013479.0 201674495.0 2395.0 284367235.0 23245.0 41530307.0 8251506.0
48661.0 33936171.0 190680.0 236261626.0 53783294700.0 897.0 335647015.0 22938314.0 1237512.0 1147444868.0 164031413754.0 7.48965386999e+13 25199673615.0 1058237692.0 631346932295.0 2396.0 359428.0 64913680746.0 332443978.0 672669413.0 0.0 36828.0 12223718483.0 2137026063.0 276000528.0 2311.0 360854745.0 24203.0 39551328.0 8026476.0
43379.0 16795934.0 170277.0 185873569.0 19249430063.0 788.0 196719044.0 12348982.0 1147747.0 1117578021.0 80178314272.0 2.14882511444e+13 15773555110.0 886913534.0 254802342815.0 1364.0 343782.0 22697255403.0 216633646.0 676167210.0 0.0 23790.0 1564730876.0 1430166911.0 192219581.0 1775.0 233369052.0 18074.0 36247306.0 7380531.0
45046.0 19142153.0 183461.0 208826980.0 20167683283.0 735.0 233713594.0 15595044.0 1262225.0 1098933192.0 95487258982.5 2.06954783748e+13 24455660809.0 945082319.0 280110004684.0 1336.0 329080.0 31698719730.0 244263160.0 728606731.0 0.0 24218.0 2564943711.0 1722553561.0 234276804.0 1655.0 296115115.0 19874.0 42041737.0 8468037.0
58305.0 51129013.0 270931.0 350514931.0 77174198469.0 695.0 579860615.0 56410360.0 1863388.0 1402938110.0 262573617949.0 1.00754721315e+14 68965723286.0 1538594004.0 1.02936751268e+12 1070.0 290330.0 163460079165.0 539406118.0 1074817904.0 0.0 21870.0 39248074036.0 3920136299.0 531748466.0 1612.0 889330394.0 19657.0 95414527.0 12927793.0
37627.0 5993120.0 131388.0 117679799.0 2459371507.0 936.0 88668438.0 5593208.0 826874.0 954961574.0 27722294685.5 1.01123217079e+12 8226304260.0 662345374.0 45718758791.0 2066.0 366344.0 5400618060.0 134458048.0 436805041.0 0.0 38996.0 345577384.0 692827076.0 93122116.0 2540.0 103879222.0 20804.0 17011952.0 4935578.0
43296.0 7023975.0 216869.0 189892539.0 1911227027.0 1545.0 142153998.0 13008163.0 1948079.0 1540000250.0 36024026088.0 510073372672.0 16516071522.0 1105577809.0 46206634752.0 4238.0 619686.0 9712595639.0 201905983.0 1005090658.0 0.0 72508.0 1197820492.0 1612178991.0 191981896.0 4914.0 300272781.0 49675.0 56151292.0 16317971.0
40119.0 8251719.0 151823.0 158120747.0 3139730616.0 866.0 127126043.0 10790561.0 957670.0 985631880.0 40589026896.5 1.08017929345e+12 15135911490.0 777163474.0 59309121483.0 1687.0 359466.0 11215928699.0 165230706.0 596994783.0 0.0 28220.0 1426789657.0 985156241.0 137405882.0 2062.0 199788518.0 19962.0 29779335.0 5526105.0
49673.0 20980003.0 248589.0 265188986.0 20017499749.0 1156.0 304002604.0 21632471.0 2095682.0 1594553860.0 113581566500.0 1.79522049065e+13 34371857709.0 1346065199.0 334148046104.0 3144.0 489242.0 41877251202.0 347087131.0 1130183562.0 0.0 49736.0 3932695880.0 2750795704.0 352308457.0 3476.0 471205603.0 37295.0 72459708.0 17026468.0
39570.0 11118828.0 132233.0 146865440.0 7910429611.0 777.0 134012033.0 8015407.0 803265.0 894207085.0 53846047063.0 5.19158797758e+12 13777854705.0 668008712.0 116201359904.0 1561.0 325419.0 12949883774.0 157060825.0 454011238.0 0.0 28408.0 1092465876.0 919876079.0 119414756.0 1862.0 139349743.0 18864.0 19509456.0 4820980.0
40482.0 6236153.0 171996.0 151953563.0 1896864319.0 1563.0 111983023.0 8626803.0 1317547.0 1259202905.0 30606860741.0 565359084985.0 12085987857.0 890566517.0 41875207533.0 4225.0 628260.0 7141433562.0 168143475.0 684742819.0 0.0 67850.0 587570279.0 1088404478.0 137038583.0 4762.0 184705128.0 43255.0 32976032.0 9444911.0
53100.0 18480886.0 332930.0 325826339.0 14392917673.0 1238.0 342241394.0 27960543.0 3506296.0 2073089677.0 107727972199.0 1.23318071911e+13 42608566954.0 1735946048.0 284946760844.0 2334.0 566973.0 40524496547.0 399335592.0 1841206818.0 0.0 51316.0 3219184055.0 4076320540.0 472877011.0 3885.0 725943582.0 46886.0 137874945.0 34786200.0
38979.0 15538658.0 107369.0 131746506.0 15808465849.0 701.0 147610440.0 8205817.0 480524.0 659979171.0 69604647504.5 1.38659606844e+13 12326111249.0 569428377.0 188970443889.0 1429.0 273941.0 19152168034.0 170424417.0 271037820.0 0.0 21984.0 2388205628.0 709926918.0 100755515.0 1559.0 113401294.0 12372.0 10843453.0 2066441.0
42063.0 9828570.0 187774.0 164994850.0 7672165243.0 1315.0 143420285.0 8924803.0 1581633.0 1404676324.0 48451401759.0 6.29143253529e+12 12015892204.0 957665896.0 123275432981.0 3183.0 533030.0 9934781811.0 194219642.0 766460499.0 0.0 54324.0 478368387.0 1388410940.0 159923852.0 4587.0 197541807.0 38736.0 38435760.0 12790633.0
45488.0 23665392.0 164928.0 202500224.0 28197595293.0 617.0 251726268.0 17683420.0 951214.0 987209377.0 115789078058.0 3.06561200289e+13 22814778143.0 912879115.0 358096928842.0 1434.0 252840.0 42943084416.0 286341583.0 555171622.0 0.0 20218.0 6555473497.0 1521218761.0 199646127.0 1345.0 272496118.0 13824.0 29209054.0 5372098.0
54791.0 29820532.0 288713.0 336041699.0 35859383431.0 956.0 424559217.0 35335825.0 2333781.0 1710936237.0 165816249269.0 4.36690237079e+13 50706620041.0 1619005721.0 558913384484.0 1737.0 446818.0 77026086913.0 447376228.0 1454113586.0 0.0 31632.0 8184767918.0 3655128708.0 488344216.0 2470.0 745345795.0 29192.0 115105418.0 17852834.0
43805.0 19401300.0 168955.0 181780357.0 23185687775.0 1193.0 216416978.0 13001855.0 1128272.0 1090644135.0 91935240611.5 2.58904675406e+13 15876054701.0 901217181.0 300908587721.0 3963.0 478555.0 28828875669.0 252174631.0 566840147.0 0.0 54328.0 3135570126.0 1494372098.0 192819722.0 3571.0 232523789.0 31197.0 29313876.0 7428902.0
43150.0 10730296.0 191137.0 189144992.0 5743769545.0 1025.0 169307531.0 11611913.0 1562102.0 1273280378.0 56627474766.0 2.898817774e+12 19808841399.0 965535162.0 108135162878.0 2480.0 413568.0 15144114524.0 215208615.0 782432794.0 0.0 46114.0 1224366710.0 1602041804.0 187797876.0 3452.0 250871821.0 32897.0 41063200.0 12565689.0
46203.0 24683522.0 185846.0 218312016.0 33083490377.0 902.0 268192817.0 16147356.0 1287915.0 1147404191.0 123636763462.0 4.0681370052e+13 26212869263.0 988574621.0 415851643005.0 2058.0 371079.0 39882934521.0 275308016.0 701998188.0 0.0 35048.0 3742370047.0 1910048268.0 238364213.0 2347.0 299175352.0 24067.0 41456634.0 8656187.0
45900.0 22406648.0 202876.0 216863219.0 32714198335.0 1062.0 252746732.0 13666212.0 1660988.0 1298388062.0 109644019098.0 4.48053306102e+13 20324655776.0 1029866408.0 408462278350.0 2524.0 418079.0 29803291650.0 257570976.0 828720328.0 0.0 44754.0 1498332294.0 2118022429.0 241377620.0 3104.0 293887559.0 33581.0 48477974.0 13158107.0
43389.0 7021550.0 208321.0 180009200.0 2182162838.0 2097.0 138430414.0 10621504.0 1768988.0 1584149846.0 36764175495.0 667469429579.0 15066803253.0 1155096118.0 53105702053.0 5141.0 860439.0 9007296302.0 229648566.0 884008014.0 0.0 101952.0 693521897.0 1471815163.0 188252495.0 7823.0 247476834.0 65747.0 44396340.0 14323957.0
