5540.0 18992.0 11.0 64621.0 22351.0 12.0 120.0 0.0 0.0 219171.0 113270.5 20850.0 445.0 419.0 205.0 36.0 177.0 0.0 0.0 0.0 0.0 0.0 0.0 0.0 0.0 0.0 0.0 0.0 0.0 0.0
5557.0 18850.0 6.0 63501.0 21345.0 17.0 73.0 0.0 0.0 213894.0 106889.5 18079.0 282.0 255.0 145.0 47.0 242.0 0.0 0.0 0.0 0.0 0.0 0.0 0.0 0.0 0.0 0.0 0.0 0.0 0.0
5608.0 19063.0 5.0 64502.0 21539.0 25.0 52.0 0.0 0.0 217444.0 108864.5 18212.0 179.0 178.0 94.0 38.0 363.0 0.0 0.0 0.0 1.0 0.0 0.0 0.0 0.0 0.0 0.0 0.0 0.0 0.0
5698.0 19874.0 7.0 69225.0 23044.0 29.0 69.0 0.0 0.0 240714.0 120286.0 19688.0 218.0 241.0 99.0 54.0 410.0 0.0 0.0 0.0 0.0 0.0 0.0 0.0 0.0 0.0 0.0 0.0 0.0 0.0
5609.0 19196.0 7.0 65463.0 21811.0 15.0 83.0 0.0 0.0 222750.0 111005.0 18442.0 333.0 297.0 153.0 50.0 211.0 0.0 0.0 0.0 0.0 0.0 0.0 0.0 0.0 0.0 0.0 0.0 0.0 0.0
5609.0 19322.0 10.0 66763.0 22275.0 22.0 111.0 0.0 0.0 230016.0 115811.0 19248.0 427.0 390.0 187.0 39.0 301.0 0.0 0.0 0.0 0.0 0.0 0.0 0.0 0.0 0.0 0.0 0.0 0.0 0.0
5557.0 18746.0 9.0 63148.0 21147.0 10.0 97.0 0.0 0.0 211650.0 106938.5 17820.0 340.0 364.0 166.0 39.0 139.0 0.0 0.0 0.0 0.0 0.0 0.0 0.0 0.0 0.0 0.0 0.0 0.0 0.0
5603.0 19232.0 13.0 65922.0 22120.0 19.0 145.0 0.0 0.0 225587.0 113735.5 19057.0 551.0 489.0 267.0 55.0 284.0 0.0 0.0 0.0 1.0 4.0 0.0 0.0 0.0 0.0 0.0 0.0 0.0 0.0
5649.0 19692.0 10.0 68694.0 23027.0 17.0 109.0 0.0 0.0 239676.0 120369.0 20219.0 400.0 359.0 178.0 60.0 235.0 0.0 1.0 0.0 1.0 0.0 0.0 0.0 0.0 0.0 0.0 0.0 0.0 0.0
5669.0 19703.0 7.0 68278.0 22824.0 22.0 81.0 0.0 0.0 235744.0 117976.0 19713.0 291.0 268.0 160.0 42.0 312.0 0.0 0.0 0.0 0.0 0.0 0.0 0.0 0.0 0.0 0.0 0.0 0.0 0.0
5567.0 18782.0 7.0 63223.0 20797.0 17.0 70.0 0.0 0.0 212440.0 104911.5 16847.0 229.0 255.0 117.0 47.0 245.0 0.0 0.0 0.0 0.0 0.0 0.0 0.0 0.0 0.0 0.0 0.0 0.0 0.0
5724.0 20090.0 5.0 70201.0 23550.0 8.0 46.0 0.0 0.0 244720.0 122644.5 20680.0 153.0 171.0 63.0 51.0 121.0 0.0 0.0 0.0 0.0 0.0 0.0 0.0 0.0 0.0 0.0 0.0 0.0 0.0
5589.0 19296.0 10.0 66364.0 22327.0 19.0 85.0 1.0 0.0 228536.0 114876.0 19305.0 220.0 251.0 117.0 54.0 246.0 7.0 0.0 5.0 0.0 0.0 0.0 0.0 0.0 0.0 0.0 0.0 0.0 0.0
5648.0 19468.0 8.0 66775.0 22545.0 13.0 88.0 0.0 0.0 228582.0 115621.5 20132.0 324.0 321.0 160.0 50.0 204.0 0.0 0.0 0.0 0.0 0.0 0.0 0.0 0.0 0.0 0.0 0.0 0.0 0.0
5682.0 19760.0 6.0 68355.0 23068.0 21.0 62.0 0.0 0.0 236651.0 119167.0 20199.0 270.0 214.0 130.0 38.0 300.0 0.0 0.0 0.0 0.0 0.0 0.0 0.0 0.0 0.0 0.0 0.0 0.0 0.0
5644.0 19413.0 7.0 66370.0 22324.0 13.0 73.0 0.0 0.0 227308.0 113300.5 19313.0 255.0 255.0 109.0 55.0 198.0 0.0 0.0 0.0 0.0 0.0 0.0 0.0 0.0 0.0 0.0 0.0 0.0 0.0
5588.0 19096.0 6.0 65012.0 21985.0 19.0 57.0 0.0 0.0 221244.0 112160.5 19385.0 203.0 200.0 83.0 43.0 245.0 0.0 0.0 0.0 0.0 0.0 0.0 0.0 0.0 0.0 0.0 0.0 0.0 0.0
5666.0 19553.0 6.0 66667.0 22445.0 26.0 49.0 0.0 0.0 227659.0 113141.5 19479.0 127.0 174.0 56.0 55.0 357.0 0.0 0.0 0.0 0.0 0.0 0.0 0.0 0.0 0.0 0.0 0.0 0.0 0.0
5682.0 19709.0 10.0 68590.0 22761.0 20.0 100.0 0.0 0.0 238235.0 119223.0 19447.0 326.0 372.0 155.0 54.0 289.0 0.0 0.0 0.0 0.0 0.0 0.0 0.0 0.0 0.0 0.0 0.0 0.0 0.0
5686.0 19801.0 5.0 69510.0 23380.0 19.0 55.0 0.0 0.0 243308.0 124928.0 21514.0 192.0 216.0 108.0 58.0 263.0 0.0 0.0 0.0 0.0 0.0 0.0 0.0 0.0 0.0 0.0 0.0 0.0 0.0
5641.0 19136.0 4.0 64863.0 21251.0 13.0 40.0 0.0 0.0 219130.0 107796.0 17383.0 120.0 134.0 63.0 39.0 167.0 0.0 0.0 0.0 0.0 0.0 0.0 0.0 0.0 0.0 0.0 0.0 0.0 0.0
5645.0 19211.0 4.0 65268.0 21778.0 14.0 41.0 0.0 0.0 220828.0 110572.0 18378.0 128.0 142.0 73.0 44.0 205.0 0.0 0.0 0.0 0.0 0.0 0.0 0.0 0.0 0.0 0.0 0.0 0.0 0.0
5596.0 19190.0 7.0 65568.0 21928.0 18.0 62.0 0.0 0.0 224508.0 111832.0 18588.0 160.0 219.0 102.0 46.0 252.0 0.0 0.0 0.0 0.0 0.0 0.0 0.0 0.0 0.0 0.0 0.0 0.0 0.0
5636.0 19327.0 7.0 66455.0 21851.0 20.0 65.0 0.0 0.0 227427.0 113217.0 18348.0 192.0 184.0 89.0 48.0 266.0 0.0 0.0 0.0 0.0 0.0 0.0 0.0 0.0 0.0 0.0 0.0 0.0 0.0
5510.0 18652.0 6.0 63045.0 21232.0 19.0 62.0 0.0 0.0 212606.0 107537.5 18668.0 185.0 208.0 121.0 40.0 267.0 0.0 0.0 0.0 0.0 0.0 0.0 0.0 0.0 0.0 0.0 0.0 0.0 0.0
5648.0 19416.0 8.0 66649.0 21852.0 20.0 82.0 0.0 0.0 229224.0 111941.0 17968.0 250.0 287.0 140.0 48.0 261.0 0.0 0.0 0.0 0.0 0.0 0.0 0.0 0.0 0.0 0.0 0.0 0.0 0.0
5607.0 19131.0 6.0 64971.0 21750.0 18.0 56.0 0.0 0.0 220306.0 110301.0 18662.0 160.0 191.0 74.0 40.0 229.0 0.0 0.0 0.0 0.0 2.0 0.0 0.0 0.0 0.0 0.0 0.0 0.0 0.0
5614.0 19247.0 6.0 65659.0 22140.0 18.0 59.0 0.0 0.0 223439.0 113140.0 19454.0 186.0 174.0 88.0 38.0 232.0 0.0 0.0 0.0 0.0 0.0 0.0 0.0 0.0 0.0 0.0 0.0 0.0 0.0
5551.0 18919.0 10.0 64096.0 21660.0 20.0 104.0 0.0 0.0 217390.0 109313.0 18875.0 350.0 382.0 169.0 44.0 269.0 0.0 0.0 0.0 0.0 2.0 0.0 0.0 0.0 0.0 0.0 0.0 0.0 0.0
5569.0 19096.0 9.0 65931.0 21975.0 23.0 95.0 0.0 0.0 227000.0 114678.0 18905.0 328.0 326.0 176.0 52.0 296.0 0.0 0.0 0.0 0.0 0.0 0.0 0.0 0.0 0.0 0.0 0.0 0.0 0.0
5620.0 19350.0 7.0 66475.0 22554.0 21.0 68.0 0.0 0.0 227820.0 115849.0 20772.0 204.0 249.0 101.0 50.0 312.0 0.0 0.0 0.0 0.0 0.0 0.0 0.0 0.0 0.0 0.0 0.0 0.0 0.0
5465.0 18375.0 9.0 61746.0 20912.0 17.0 88.0 0.0 0.0 206688.0 105583.0 18031.0 279.0 316.0 130.0 43.0 245.0 0.0 0.0 0.0 0.0 2.0 0.0 0.0 0.0 0.0 0.0 0.0 0.0 0.0
5574.0 18800.0 5.0 63403.0 20937.0 16.0 49.0 0.0 0.0 214309.0 105690.5 17403.0 163.0 170.0 74.0 44.0 215.0 0.0 0.0 0.0 0.0 0.0 0.0 0.0 0.0 0.0 0.0 0.0 0.0 0.0
5729.0 19977.0 8.0 69380.0 22871.0 20.0 77.0 0.0 0.0 240438.0 118672.5 19058.0 247.0 252.0 102.0 51.0 248.0 0.0 1.0 0.0 0.0 0.0 0.0 0.0 0.0 0.0 0.0 0.0 0.0 0.0
5726.0 19920.0 3.0 69278.0 22965.0 24.0 37.0 0.0 0.0 240883.0 119691.5 19806.0 177.0 134.0 82.0 52.0 332.0 0.0 0.0 0.0 0.0 2.0 0.0 0.0 0.0 0.0 0.0 0.0 0.0 0.0
5548.0 18707.0 4.0 62968.0 21119.0 31.0 39.0 0.0 0.0 210932.0 106475.5 17982.0 132.0 130.0 56.0 31.0 413.0 0.0 0.0 0.0 0.0 0.0 0.0 0.0 0.0 0.0 0.0 0.0 0.0 0.0
5623.0 19130.0 7.0 65227.0 21374.0 25.0 62.0 0.0 0.0 222221.0 109635.5 17578.0 186.0 210.0 80.0 49.0 339.0 0.0 0.0 0.0 0.0 0.0 0.0 0.0 0.0 0.0 0.0 0.0 0.0 0.0
5695.0 19784.0 7.0 68362.0 22858.0 18.0 75.0 0.0 0.0 235627.0 117697.0 19611.0 267.0 265.0 136.0 47.0 239.0 0.0 0.0 0.0 0.0 0.0 0.0 0.0 0.0 0.0 0.0 0.0 0.0 0.0
5533.0 18787.0 5.0 63664.0 21119.0 14.0 43.0 0.0 0.0 215423.0 107172.0 17462.0 130.0 150.0 48.0 34.0 168.0 0.0 0.0 0.0 0.0 0.0 0.0 0.0 0.0 0.0 0.0 0.0 0.0 0.0
5645.0 19594.0 5.0 67416.0 22874.0 21.0 72.0 0.0 0.0 230773.0 117172.5 20302.0 311.0 258.0 197.0 61.0 292.0 0.0 0.0 0.0 0.0 0.0 0.0 0.0 0.0 0.0 0.0 0.0 0.0 0.0
5605.0 19093.0 5.0 65001.0 21570.0 24.0 48.0 0.0 0.0 220869.0 110334.5 18082.0 126.0 171.0 84.0 41.0 324.0 0.0 0.0 0.0 0.0 0.0 0.0 0.0 0.0 0.0 0.0 0.0 0.0 0.0
5605.0 19285.0 6.0 66413.0 22177.0 14.0 71.0 0.0 0.0 227615.0 114890.0 19147.0 282.0 231.0 158.0 47.0 193.0 0.0 0.0 0.0 0.0 0.0 0.0 0.0 0.0 0.0 0.0 0.0 0.0 0.0
5594.0 19039.0 6.0 64704.0 21369.0 20.0 48.0 1.0 0.0 219785.0 109311.0 17795.0 119.0 169.0 66.0 38.0 253.0 5.0 0.0 10.0 0.0 0.0 0.0 0.0 0.0 0.0 0.0 0.0 0.0 0.0
5678.0 19440.0 6.0 66715.0 21938.0 21.0 76.0 0.0 0.0 228574.0 113468.0 18271.0 315.0 281.0 146.0 45.0 289.0 0.0 0.0 0.0 0.0 0.0 0.0 0.0 0.0 0.0 0.0 0.0 0.0 0.0
5736.0 20193.0 8.0 71240.0 23886.0 17.0 64.0 0.0 0.0 250552.0 126679.0 21445.0 192.0 204.0 76.0 53.0 212.0 0.0 0.0 0.0 0.0 0.0 0.0 0.0 0.0 0.0 0.0 0.0 0.0 0.0
5773.0 20292.0 7.0 71229.0 23714.0 26.0 69.0 0.0 0.0 249492.0 124703.0 20650.0 225.0 243.0 108.0 80.0 362.0 0.0 0.0 0.0 0.0 0.0 0.0 0.0 0.0 0.0 0.0 0.0 0.0 0.0
5779.0 20423.0 4.0 71976.0 24165.0 28.0 42.0 0.0 0.0 253162.0 127531.5 21422.0 142.0 157.0 66.0 59.0 396.0 0.0 0.0 0.0 0.0 2.0 0.0 0.0 0.0 0.0 0.0 0.0 0.0 0.0
5669.0 19542.0 8.0 67065.0 22432.0 18.0 85.0 0.0 0.0 230183.0 114920.5 19282.0 299.0 295.0 138.0 46.0 265.0 0.0 0.0 0.0 0.0 0.0 0.0 0.0 0.0 0.0 0.0 0.0 0.0 0.0
5705.0 19989.0 9.0 69785.0 23445.0 19.0 93.0 0.0 0.0 242879.0 122314.0 20522.0 354.0 336.0 169.0 50.0 264.0 0.0 0.0 0.0 0.0 2.0 0.0 0.0 0.0 0.0 0.0 0.0 0.0 0.0
5699.0 19953.0 9.0 69612.0 23208.0 19.0 77.0 0.0 0.0 242031.0 120774.5 20011.0 201.0 292.0 115.0 55.0 271.0 0.0 0.0 0.0 0.0 0.0 0.0 0.0 0.0 0.0 0.0 0.0 0.0 0.0
5557.0 18675.0 8.0 62818.0 20841.0 11.0 86.0 0.0 0.0 210343.0 104896.0 17724.0 310.0 313.0 142.0 37.0 143.0 0.0 0.0 0.0 0.0 0.0 0.0 0.0 0.0 0.0 0.0 0.0 0.0 0.0
5688.0 19432.0 8.0 66473.0 21683.0 16.0 76.0 0.0 0.0 226559.0 110853.0 17760.0 235.0 285.0 108.0 46.0 225.0 0.0 0.0 0.0 0.0 2.0 0.0 0.0 0.0 0.0 0.0 0.0 0.0 0.0
5679.0 19373.0 1.0 66336.0 21480.0 12.0 9.0 0.0 0.0 226583.0 110448.0 17289.0 20.0 28.0 16.0 42.0 174.0 0.0 0.0 0.0 0.0 0.0 0.0 0.0 0.0 0.0 0.0 0.0 0.0 0.0
5508.0 18630.0 8.0 62429.0 21284.0 12.0 92.0 0.0 0.0 208489.0 106097.5 18539.0 341.0 330.0 165.0 34.0 188.0 0.0 0.0 0.0 0.0 0.0 0.0 0.0 0.0 0.0 0.0 0.0 0.0 0.0
5675.0 19401.0 5.0 66071.0 21939.0 18.0 53.0 0.0 0.0 224229.0 111533.0 18469.0 168.0 174.0 89.0 57.0 245.0 0.0 0.0 0.0 0.0 2.0 0.0 0.0 0.0 0.0 0.0 0.0 0.0 0.0
5480.0 18441.0 6.0 61881.0 20973.0 19.0 54.0 0.0 0.0 207221.0 105118.0 18012.0 155.0 186.0 72.0 51.0 240.0 0.0 0.0 0.0 0.0 2.0 0.0 0.0 0.0 0.0 0.0 0.0 0.0 0.0
5620.0 19212.0 5.0 65559.0 21840.0 19.0 46.0 0.0 0.0 224081.0 111396.0 18595.0 132.0 159.0 62.0 38.0 259.0 0.0 0.0 0.0 0.0 0.0 0.0 0.0 0.0 0.0 0.0 0.0 0.0 0.0
5593.0 18976.0 5.0 64435.0 21128.0 16.0 57.0 0.0 0.0 218515.0 107510.0 17197.0 228.0 184.0 99.0 48.0 218.0 0.0 0.0 0.0 0.0 0.0 0.0 0.0 0.0 0.0 0.0 0.0 0.0 0.0
5635.0 19508.0 10.0 67819.0 22498.0 17.0 103.0 0.0 0.0 235442.0 117768.0 19412.0 376.0 380.0 158.0 43.0 257.0 0.0 0.0 0.0 0.0 0.0 0.0 0.0 0.0 0.0 0.0 0.0 0.0 0.0
5686.0 19820.0 5.0 69450.0 23013.0 13.0 59.0 0.0 0.0 242938.0 121754.5 19885.0 218.0 204.0 102.0 56.0 179.0 0.0 0.0 0.0 0.0 0.0 0.0 0.0 0.0 0.0 0.0 0.0 0.0 0.0
5516.0 18549.0 6.0 62589.0 20912.0 12.0 58.0 0.0 0.0 210019.0 106004.0 17768.0 192.0 173.0 80.0 37.0 168.0 0.0 0.0 0.0 0.0 2.0 0.0 0.0 0.0 0.0 0.0 0.0 0.0 0.0
5619.0 19227.0 10.0 65675.0 21572.0 18.0 92.0 0.0 0.0 224048.0 110109.0 17601.0 274.0 325.0 136.0 53.0 249.0 0.0 0.0 0.0 0.0 0.0 0.0 0.0 0.0 0.0 0.0 0.0 0.0 0.0
5776.0 20297.0 6.0 70926.0 23634.0 23.0 62.0 0.0 0.0 247603.0 123199.0 20393.0 224.0 199.0 119.0 48.0 292.0 0.0 0.0 0.0 0.0 0.0 0.0 0.0 0.0 0.0 0.0 0.0 0.0 0.0
5632.0 19242.0 7.0 66048.0 21886.0 16.0 65.0 0.0 0.0 226293.0 112681.5 18502.0 196.0 210.0 97.0 41.0 197.0 0.0 0.0 0.0 0.0 0.0 0.0 0.0 0.0 0.0 0.0 0.0 0.0 0.0
5683.0 20073.0 5.0 70595.0 23947.0 27.0 41.0 0.0 0.0 247388.0 125951.0 21497.0 123.0 139.0 48.0 62.0 403.0 0.0 0.0 0.0 0.0 0.0 0.0 0.0 0.0 0.0 0.0 0.0 0.0 0.0
5681.0 19529.0 9.0 66969.0 22104.0 19.0 107.0 0.0 0.0 228460.0 113788.0 18470.0 446.0 352.0 212.0 49.0 260.0 0.0 1.0 0.0 0.0 0.0 0.0 0.0 0.0 0.0 0.0 0.0 0.0 0.0
5469.0 18316.0 7.0 61013.0 20581.0 12.0 70.0 0.0 0.0 202509.0 102361.5 17439.0 237.0 247.0 115.0 53.0 144.0 0.0 0.0 0.0 0.0 2.0 0.0 0.0 0.0 0.0 0.0 0.0 0.0 0.0
5614.0 19280.0 8.0 66071.0 22337.0 14.0 79.0 0.0 0.0 226373.0 114323.5 19830.0 249.0 248.0 138.0 58.0 196.0 0.0 1.0 0.0 0.0 0.0 0.0 0.0 0.0 0.0 0.0 0.0 0.0 0.0
5619.0 19373.0 4.0 66494.0 22212.0 15.0 40.0 0.0 0.0 227569.0 114041.5 18913.0 149.0 129.0 70.0 38.0 197.0 0.0 0.0 0.0 0.0 0.0 0.0 0.0 0.0 0.0 0.0 0.0 0.0 0.0
5705.0 19874.0 11.0 69317.0 22979.0 15.0 96.0 0.0 0.0 241417.0 120436.5 19647.0 315.0 317.0 140.0 55.0 192.0 0.0 0.0 0.0 0.0 0.0 0.0 0.0 0.0 0.0 0.0 0.0 0.0 0.0
5706.0 19662.0 8.0 67628.0 22475.0 15.0 75.0 0.0 0.0 233331.0 115750.0 19236.0 238.0 263.0 121.0 52.0 205.0 0.0 0.0 0.0 0.0 0.0 0.0 0.0 0.0 0.0 0.0 0.0 0.0 0.0
5721.0 20006.0 10.0 69454.0 23294.0 13.0 113.0 0.0 0.0 240296.0 120323.5 20166.0 399.0 395.0 215.0 59.0 185.0 0.0 0.0 0.0 0.0 0.0 0.0 0.0 0.0 0.0 0.0 0.0 0.0 0.0
5752.0 20176.0 9.0 70433.0 23387.0 19.0 103.0 0.0 0.0 245568.0 121493.0 19947.0 375.0 384.0 190.0 60.0 248.0 0.0 0.0 0.0 0.0 0.0 0.0 0.0 0.0 0.0 0.0 0.0 0.0 0.0
5577.0 18774.0 7.0 62826.0 21064.0 14.0 67.0 0.0 0.0 209949.0 105138.0 17808.0 223.0 201.0 127.0 43.0 189.0 0.0 0.0 0.0 0.0 0.0 0.0 0.0 0.0 0.0 0.0 0.0 0.0 0.0
5684.0 19703.0 5.0 67935.0 22623.0 16.0 56.0 0.0 0.0 233356.0 116501.0 19013.0 216.0 206.0 107.0 57.0 188.0 0.0 0.0 0.0 0.0 0.0 0.0 0.0 0.0 0.0 0.0 0.0 0.0 0.0
5610.0 19305.0 5.0 66380.0 22452.0 19.0 49.0 0.0 0.0 228417.0 115443.5 19978.0 161.0 180.0 71.0 49.0 263.0 0.0 0.0 0.0 0.0 0.0 0.0 0.0 0.0 0.0 0.0 0.0 0.0 0.0
5616.0 19449.0 10.0 67156.0 22598.0 16.0 99.0 0.0 0.0 231453.0 116406.0 19660.0 324.0 321.0 140.0 52.0 212.0 0.0 0.0 0.0 0.0 0.0 0.0 0.0 0.0 0.0 0.0 0.0 0.0 0.0
5605.0 19258.0 7.0 66374.0 21989.0 12.0 94.0 0.0 0.0 228313.0 113977.0 18620.0 411.0 338.0 208.0 46.0 186.0 0.0 0.0 0.0 0.0 0.0 0.0 0.0 0.0 0.0 0.0 0.0 0.0 0.0
5632.0 19429.0 4.0 67099.0 22291.0 21.0 46.0 0.0 0.0 231471.0 115795.5 18901.0 159.0 145.0 85.0 52.0 281.0 0.0 0.0 0.0 0.0 0.0 0.0 0.0 0.0 0.0 0.0 0.0 0.0 0.0
5615.0 19121.0 6.0 65204.0 21581.0 20.0 60.0 0.0 0.0 221868.0 110645.5 17954.0 194.0 206.0 83.0 51.0 261.0 0.0 0.0 0.0 0.0 0.0 0.0 0.0 0.0 0.0 0.0 0.0 0.0 0.0
5638.0 19041.0 10.0 64043.0 21080.0 7.0 95.0 0.0 0.0 215953.0 105881.5 17163.0 284.0 295.0 143.0 34.0 108.0 0.0 0.0 0.0 0.0 0.0 0.0 0.0 0.0 0.0 0.0 0.0 0.0 0.0
5662.0 19675.0 4.0 68226.0 22879.0 11.0 41.0 0.0 0.0 237295.0 119175.5 20192.0 140.0 143.0 57.0 48.0 158.0 0.0 0.0 0.0 0.0 2.0 0.0 0.0 0.0 0.0 0.0 0.0 0.0 0.0
5670.0 19436.0 6.0 66410.0 21902.0 25.0 65.0 0.0 0.0 226438.0 112035.5 18075.0 231.0 226.0 121.0 51.0 329.0 0.0 0.0 0.0 0.0 2.0 0.0 0.0 0.0 0.0 0.0 0.0 0.0 0.0
5729.0 19671.0 11.0 67377.0 21997.0 19.0 114.0 0.0 0.0 230202.0 112703.5 18005.0 391.0 419.0 187.0 50.0 260.0 0.0 0.0 0.0 0.0 0.0 0.0 0.0 0.0 0.0 0.0 0.0 0.0 0.0
5479.0 18157.0 8.0 60223.0 19945.0 17.0 90.0 0.0 0.0 199841.0 99561.5 16304.0 332.0 292.0 152.0 42.0 203.0 0.0 0.0 0.0 0.0 0.0 0.0 0.0 0.0 0.0 0.0 0.0 0.0 0.0
5546.0 18765.0 4.0 63233.0 21196.0 8.0 33.0 0.0 0.0 212866.0 106597.5 17929.0 84.0 123.0 47.0 40.0 109.0 0.0 0.0 0.0 0.0 0.0 0.0 0.0 0.0 0.0 0.0 0.0 0.0 0.0
5730.0 19880.0 7.0 68672.0 22901.0 12.0 62.0 0.0 0.0 236508.0 118433.0 19732.0 163.0 228.0 96.0 50.0 157.0 0.0 0.0 0.0 0.0 0.0 0.0 0.0 0.0 0.0 0.0 0.0 0.0 0.0
5563.0 18871.0 6.0 63911.0 21336.0 19.0 59.0 0.0 0.0 216326.0 107920.0 18066.0 216.0 214.0 105.0 57.0 250.0 0.0 0.0 0.0 0.0 0.0 0.0 0.0 0.0 0.0 0.0 0.0 0.0 0.0
5622.0 19232.0 6.0 65305.0 21923.0 14.0 66.0 0.0 0.0 221443.0 110773.5 18719.0 241.0 216.0 123.0 38.0 163.0 0.0 0.0 0.0 0.0 0.0 0.0 0.0 0.0 0.0 0.0 0.0 0.0 0.0
5751.0 20099.0 5.0 70228.0 23316.0 17.0 44.0 0.0 0.0 245241.0 122117.0 20064.0 135.0 154.0 57.0 56.0 242.0 0.0 0.0 0.0 0.0 0.0 0.0 0.0 0.0 0.0 0.0 0.0 0.0 0.0
5623.0 19271.0 6.0 66216.0 21983.0 18.0 45.0 0.0 0.0 226942.0 113662.0 18844.0 103.0 154.0 63.0 55.0 215.0 0.0 0.0 0.0 0.0 0.0 0.0 0.0 0.0 0.0 0.0 0.0 0.0 0.0
5670.0 19651.0 4.0 67971.0 22635.0 24.0 39.0 0.0 0.0 235402.0 116881.5 19191.0 126.0 120.0 48.0 56.0 336.0 0.0 0.0 0.0 0.0 0.0 0.0 0.0 0.0 0.0 0.0 0.0 0.0 0.0
5501.0 18475.0 8.0 62012.0 20461.0 14.0 87.0 0.0 0.0 207501.0 102961.0 16456.0 353.0 264.0 170.0 42.0 170.0 0.0 1.0 0.0 0.0 0.0 0.0 0.0 0.0 0.0 0.0 0.0 0.0 0.0
5665.0 19427.0 6.0 66782.0 22062.0 16.0 55.0 0.0 0.0 229258.0 114050.5 18697.0 197.0 188.0 79.0 60.0 227.0 0.0 0.0 0.0 0.0 2.0 0.0 0.0 0.0 0.0 0.0 0.0 0.0 0.0
5663.0 19740.0 9.0 68650.0 22882.0 15.0 82.0 0.0 0.0 238229.0 118966.0 19706.0 272.0 279.0 140.0 60.0 203.0 0.0 0.0 0.0 0.0 2.0 0.0 0.0 0.0 0.0 0.0 0.0 0.0 0.0
5606.0 19041.0 10.0 64625.0 21505.0 16.0 95.0 0.0 0.0 218627.0 108823.0 18396.0 287.0 329.0 138.0 54.0 196.0 0.0 0.0 0.0 0.0 0.0 0.0 0.0 0.0 0.0 0.0 0.0 0.0 0.0
5574.0 18951.0 2.0 64314.0 21442.0 12.0 18.0 0.0 0.0 218113.0 108705.0 18116.0 47.0 63.0 25.0 39.0 149.0 0.0 0.0 0.0 0.0 0.0 0.0 0.0 0.0 0.0 0.0 0.0 0.0 0.0
5557.0 18819.0 5.0 63822.0 20817.0 19.0 41.0 0.0 0.0 216095.0 105968.5 16646.0 100.0 145.0 49.0 47.0 250.0 0.0 0.0 0.0 0.0 0.0 0.0 0.0 0.0 0.0 0.0 0.0 0.0 0.0
5576.0 19163.0 6.0 65907.0 22086.0 19.0 65.0 0.0 0.0 226311.0 114249.0 19316.0 257.0 210.0 103.0 51.0 262.0 0.0 0.0 0.0 0.0 0.0 0.0 0.0 0.0 0.0 0.0 0.0 0.0 0.0
5522.0 18517.0 8.0 61965.0 20693.0 21.0 82.0 0.0 0.0 206522.0 103720.0 17451.0 285.0 267.0 144.0 45.0 277.0 0.0 0.0 0.0 0.0 0.0 0.0 0.0 0.0 0.0 0.0 0.0 0.0 0.0
5633.0 19483.0 7.0 66643.0 22704.0 17.0 77.0 0.0 0.0 228035.0 115345.0 20068.0 253.0 232.0 149.0 48.0 250.0 0.0 0.0 0.0 0.0 0.0 0.0 0.0 0.0 0.0 0.0 0.0 0.0 0.0
5548.0 18897.0 4.0 64184.0 21419.0 21.0 33.0 0.0 0.0 217714.0 108910.5 18198.0 87.0 112.0 40.0 39.0 291.0 0.0 0.0 0.0 0.0 0.0 0.0 0.0 0.0 0.0 0.0 0.0 0.0 0.0
5597.0 18995.0 6.0 64377.0 21160.0 16.0 53.0 0.0 0.0 217127.0 107619.0 17090.0 153.0 180.0 79.0 46.0 214.0 0.0 0.0 0.0 0.0 2.0 0.0 0.0 0.0 0.0 0.0 0.0 0.0 0.0
5627.0 19374.0 5.0 66814.0 22355.0 20.0 52.0 0.0 0.0 230067.0 116112.5 19458.0 163.0 186.0 94.0 50.0 303.0 0.0 0.0 0.0 0.0 0.0 0.0 0.0 0.0 0.0 0.0 0.0 0.0 0.0
5706.0 19901.0 8.0 69439.0 23222.0 21.0 90.0 0.0 0.0 241115.0 121606.5 20464.0 329.0 293.0 169.0 57.0 311.0 0.0 0.0 0.0 0.0 2.0 0.0 0.0 0.0 0.0 0.0 0.0 0.0 0.0
5611.0 19213.0 10.0 65575.0 21843.0 13.0 98.0 0.0 0.0 223826.0 111206.0 18345.0 312.0 347.0 158.0 56.0 194.0 0.0 0.0 0.0 0.0 2.0 0.0 0.0 0.0 0.0 0.0 0.0 0.0 0.0
5655.0 19283.0 5.0 65707.0 21468.0 18.0 59.0 0.0 0.0 223073.0 109217.5 17231.0 215.0 191.0 111.0 46.0 227.0 0.0 0.0 0.0 0.0 0.0 0.0 0.0 0.0 0.0 0.0 0.0 0.0 0.0
5632.0 19343.0 6.0 65740.0 22077.0 21.0 70.0 0.0 0.0 222730.0 111609.0 18672.0 266.0 239.0 122.0 50.0 276.0 0.0 0.0 0.0 0.0 0.0 0.0 0.0 0.0 0.0 0.0 0.0 0.0 0.0
5663.0 19406.0 6.0 66449.0 21988.0 7.0 50.0 0.0 0.0 226942.0 112856.5 18616.0 130.0 166.0 65.0 50.0 100.0 0.0 0.0 0.0 0.0 0.0 0.0 0.0 0.0 0.0 0.0 0.0 0.0 0.0
5739.0 19949.0 5.0 68837.0 22979.0 8.0 51.0 0.0 0.0 236719.0 118165.5 19883.0 153.0 177.0 83.0 62.0 102.0 0.0 0.0 0.0 0.0 0.0 0.0 0.0 0.0 0.0 0.0 0.0 0.0 0.0
5565.0 18896.0 6.0 64178.0 21484.0 16.0 55.0 0.0 0.0 218018.0 109771.5 18391.0 168.0 189.0 91.0 53.0 198.0 0.0 0.0 0.0 0.0 2.0 0.0 0.0 0.0 0.0 0.0 0.0 0.0 0.0
5582.0 18789.0 5.0 62933.0 20711.0 14.0 46.0 0.0 0.0 210254.0 103121.0 16977.0 136.0 163.0 70.0 36.0 147.0 0.0 0.0 0.0 0.0 0.0 0.0 0.0 0.0 0.0 0.0 0.0 0.0 0.0
5625.0 19255.0 9.0 66118.0 22066.0 24.0 87.0 0.0 0.0 226617.0 114088.0 19171.0 293.0 303.0 131.0 45.0 327.0 0.0 0.0 0.0 0.0 2.0 0.0 0.0 0.0 0.0 0.0 0.0 0.0 0.0
5615.0 19250.0 8.0 65907.0 21883.0 15.0 79.0 0.0 0.0 225779.0 111874.5 18820.0 243.0 278.0 126.0 47.0 182.0 0.0 0.0 0.0 0.0 0.0 0.0 0.0 0.0 0.0 0.0 0.0 0.0 0.0
5636.0 19417.0 5.0 66685.0 22479.0 17.0 44.0 0.0 0.0 228764.0 115643.0 19893.0 133.0 133.0 71.0 51.0 267.0 0.0 0.0 0.0 0.0 0.0 0.0 0.0 0.0 0.0 0.0 0.0 0.0 0.0
5740.0 20341.0 4.0 72547.0 24335.0 21.0 46.0 0.0 0.0 257748.0 131207.5 22352.0 177.0 160.0 78.0 63.0 257.0 0.0 0.0 0.0 0.0 2.0 0.0 0.0 0.0 0.0 0.0 0.0 0.0 0.0
5609.0 19108.0 10.0 65255.0 21697.0 14.0 97.0 0.0 0.0 222002.0 111312.5 18577.0 301.0 331.0 165.0 40.0 189.0 0.0 0.0 0.0 0.0 0.0 0.0 0.0 0.0 0.0 0.0 0.0 0.0 0.0
5588.0 18728.0 7.0 63070.0 20633.0 13.0 79.0 0.0 0.0 211314.0 104781.0 16797.0 297.0 287.0 144.0 41.0 168.0 0.0 0.0 0.0 0.0 0.0 0.0 0.0 0.0 0.0 0.0 0.0 0.0 0.0
5683.0 19785.0 5.0 68938.0 22914.0 15.0 54.0 0.0 0.0 239484.0 119918.5 19516.0 177.0 184.0 92.0 52.0 205.0 0.0 0.0 0.0 0.0 0.0 0.0 0.0 0.0 0.0 0.0 0.0 0.0 0.0
5605.0 19071.0 9.0 64875.0 21243.0 19.0 104.0 0.0 0.0 219903.0 108130.0 17208.0 405.0 326.0 190.0 52.0 231.0 0.0 0.0 0.0 0.0 0.0 0.0 0.0 0.0 0.0 0.0 0.0 0.0 0.0
5572.0 18958.0 3.0 64262.0 21446.0 22.0 35.0 0.0 0.0 217274.0 108305.5 17894.0 127.0 105.0 71.0 55.0 283.0 0.0 0.0 0.0 0.0 2.0 0.0 0.0 0.0 0.0 0.0 0.0 0.0 0.0
5619.0 19353.0 7.0 66785.0 22303.0 16.0 96.0 0.0 0.0 229312.0 115767.5 19561.0 425.0 319.0 225.0 58.0 231.0 0.0 0.0 0.0 0.0 0.0 0.0 0.0 0.0 0.0 0.0 0.0 0.0 0.0
5739.0 20132.0 3.0 70531.0 23583.0 15.0 21.0 0.0 0.0 246429.0 123629.5 20801.0 47.0 76.0 20.0 51.0 219.0 0.0 0.0 0.0 0.0 0.0 0.0 0.0 0.0 0.0 0.0 0.0 0.0 0.0
5636.0 19254.0 7.0 65931.0 21796.0 12.0 73.0 0.0 0.0 225008.0 111507.0 18236.0 258.0 272.0 114.0 44.0 163.0 0.0 0.0 0.0 0.0 2.0 0.0 0.0 0.0 0.0 0.0 0.0 0.0 0.0
5688.0 19792.0 7.0 68672.0 22942.0 13.0 57.0 0.0 0.0 238300.0 118740.0 19705.0 166.0 198.0 93.0 46.0 168.0 0.0 0.0 0.0 0.0 0.0 0.0 0.0 0.0 0.0 0.0 0.0 0.0 0.0
5737.0 20117.0 10.0 70610.0 23563.0 22.0 120.0 0.0 0.0 248186.0 123814.0 20770.0 498.0 443.0 250.0 51.0 324.0 0.0 0.0 0.0 0.0 2.0 0.0 0.0 0.0 0.0 0.0 0.0 0.0 0.0
5571.0 18723.0 7.0 62591.0 20488.0 16.0 64.0 0.0 0.0 208575.0 102091.5 16222.0 187.0 201.0 89.0 49.0 219.0 0.0 0.0 0.0 0.0 0.0 0.0 0.0 0.0 0.0 0.0 0.0 0.0 0.0
5630.0 19385.0 6.0 66611.0 22317.0 29.0 68.0 0.0 0.0 228386.0 114995.0 19313.0 271.0 249.0 123.0 58.0 407.0 0.0 1.0 0.0 0.0 2.0 0.0 0.0 0.0 0.0 0.0 0.0 0.0 0.0
5644.0 19419.0 13.0 66342.0 22318.0 14.0 144.0 0.0 0.0 226452.0 113420.5 19138.0 549.0 523.0 281.0 47.0 217.0 0.0 0.0 0.0 0.0 4.0 0.0 0.0 0.0 0.0 0.0 0.0 0.0 0.0
5514.0 18457.0 6.0 61629.0 20417.0 19.0 60.0 0.0 0.0 205369.0 101987.0 16665.0 205.0 188.0 96.0 29.0 231.0 0.0 0.0 0.0 1.0 0.0 0.0 0.0 0.0 0.0 0.0 0.0 0.0 0.0
5748.0 20104.0 3.0 70252.0 23461.0 24.0 30.0 0.0 0.0 245116.0 123011.0 20625.0 113.0 97.0 50.0 44.0 362.0 0.0 0.0 0.0 0.0 0.0 0.0 0.0 0.0 0.0 0.0 0.0 0.0 0.0
5645.0 19192.0 5.0 65590.0 21239.0 11.0 45.0 0.0 0.0 223795.0 109186.0 17126.0 132.0 136.0 64.0 52.0 120.0 0.0 0.0 0.0 0.0 0.0 0.0 0.0 0.0 0.0 0.0 0.0 0.0 0.0
5643.0 19286.0 3.0 65987.0 21739.0 13.0 41.0 0.0 0.0 225734.0 111928.0 17966.0 193.0 153.0 91.0 44.0 163.0 0.0 0.0 0.0 0.0 0.0 0.0 0.0 0.0 0.0 0.0 0.0 0.0 0.0
5654.0 19514.0 10.0 67369.0 22523.0 15.0 99.0 0.0 0.0 232422.0 116886.5 19709.0 320.0 338.0 156.0 44.0 201.0 0.0 0.0 0.0 0.0 0.0 0.0 0.0 0.0 0.0 0.0 0.0 0.0 0.0
5650.0 19565.0 9.0 67489.0 22655.0 14.0 88.0 0.0 0.0 232561.0 116677.0 20283.0 295.0 318.0 128.0 53.0 207.0 0.0 0.0 0.0 0.0 2.0 0.0 0.0 0.0 0.0 0.0 0.0 0.0 0.0
5592.0 19022.0 7.0 64573.0 21461.0 16.0 63.0 0.0 0.0 218563.0 109039.0 17915.0 173.0 205.0 92.0 49.0 213.0 0.0 0.0 0.0 0.0 0.0 0.0 0.0 0.0 0.0 0.0 0.0 0.0 0.0
5672.0 19741.0 6.0 68500.0 23097.0 19.0 55.0 0.0 0.0 237974.0 120059.5 20362.0 169.0 182.0 76.0 39.0 258.0 0.0 0.0 0.0 0.0 0.0 0.0 0.0 0.0 0.0 0.0 0.0 0.0 0.0
5709.0 20209.0 7.0 71784.0 24197.0 21.0 74.0 0.0 0.0 254777.0 129946.0 22088.0 266.0 251.0 123.0 47.0 299.0 0.0 0.0 0.0 0.0 0.0 0.0 0.0 0.0 0.0 0.0 0.0 0.0 0.0
5459.0 18223.0 4.0 60870.0 20217.0 12.0 45.0 0.0 0.0 202921.0 101292.5 16777.0 169.0 161.0 75.0 43.0 160.0 0.0 0.0 0.0 0.0 0.0 0.0 0.0 0.0 0.0 0.0 0.0 0.0 0.0
5650.0 19586.0 5.0 67715.0 22508.0 13.0 46.0 0.0 0.0 233269.0 115891.0 19126.0 145.0 169.0 71.0 44.0 170.0 0.0 0.0 0.0 0.0 0.0 0.0 0.0 0.0 0.0 0.0 0.0 0.0 0.0
5640.0 19134.0 8.0 64852.0 21224.0 8.0 67.0 0.0 0.0 219124.0 108047.0 17281.0 191.0 255.0 80.0 46.0 95.0 0.0 0.0 0.0 0.0 0.0 0.0 0.0 0.0 0.0 0.0 0.0 0.0 0.0
5655.0 19606.0 12.0 68024.0 22878.0 22.0 143.0 0.0 0.0 234818.0 119449.0 20332.0 601.0 501.0 304.0 54.0 298.0 0.0 0.0 0.0 0.0 4.0 0.0 0.0 0.0 0.0 0.0 0.0 0.0 0.0
5625.0 19298.0 8.0 65691.0 22098.0 20.0 81.0 0.0 0.0 224148.0 112342.5 19055.0 270.0 246.0 113.0 42.0 265.0 0.0 0.0 0.0 0.0 0.0 0.0 0.0 0.0 0.0 0.0 0.0 0.0 0.0
5670.0 19678.0 4.0 68211.0 22880.0 20.0 39.0 0.0 0.0 235715.0 118611.0 20195.0 146.0 143.0 69.0 45.0 288.0 0.0 0.0 0.0 0.0 0.0 0.0 0.0 0.0 0.0 0.0 0.0 0.0 0.0
5855.0 21025.0 6.0 75331.0 25151.0 22.0 48.0 0.0 0.0 268718.0 135127.5 22335.0 131.0 175.0 52.0 62.0 348.0 0.0 0.0 0.0 0.0 2.0 0.0 0.0 0.0 0.0 0.0 0.0 0.0 0.0
5635.0 19294.0 8.0 66311.0 21806.0 23.0 76.0 0.0 0.0 227581.0 112477.0 18174.0 226.0 246.0 117.0 39.0 324.0 0.0 0.0 0.0 0.0 0.0 0.0 0.0 0.0 0.0 0.0 0.0 0.0 0.0
5636.0 19447.0 13.0 67088.0 22554.0 16.0 122.0 0.0 0.0 230744.0 116678.5 19897.0 368.0 457.0 208.0 57.0 224.0 0.0 0.0 0.0 0.0 0.0 0.0 0.0 0.0 0.0 0.0 0.0 0.0 0.0
5709.0 20017.0 7.0 70458.0 23632.0 28.0 69.0 0.0 0.0 247274.0 125198.0 21218.0 206.0 237.0 114.0 61.0 403.0 0.0 0.0 0.0 0.0 2.0 0.0 0.0 0.0 0.0 0.0 0.0 0.0 0.0
5675.0 19489.0 8.0 67162.0 22254.0 12.0 79.0 0.0 0.0 230324.0 115572.5 18893.0 252.0 284.0 118.0 42.0 178.0 0.0 0.0 0.0 0.0 0.0 0.0 0.0 0.0 0.0 0.0 0.0 0.0 0.0
5628.0 19406.0 10.0 66560.0 22225.0 18.0 118.0 0.0 0.0 228161.0 113495.0 18802.0 466.0 397.0 207.0 38.0 275.0 0.0 1.0 0.0 0.0 0.0 0.0 0.0 0.0 0.0 0.0 0.0 0.0 0.0
5634.0 19261.0 5.0 65567.0 21792.0 14.0 54.0 0.0 0.0 222633.0 110579.5 18248.0 244.0 190.0 104.0 49.0 197.0 0.0 0.0 0.0 0.0 0.0 0.0 0.0 0.0 0.0 0.0 0.0 0.0 0.0
5741.0 20010.0 7.0 70067.0 23022.0 20.0 75.0 0.0 0.0 244598.0 121622.0 19606.0 264.0 260.0 126.0 49.0 297.0 0.0 0.0 0.0 0.0 0.0 0.0 0.0 0.0 0.0 0.0 0.0 0.0 0.0
5613.0 19442.0 5.0 67219.0 22477.0 17.0 59.0 0.0 0.0 232700.0 116378.5 19297.0 224.0 215.0 119.0 50.0 234.0 0.0 0.0 0.0 0.0 0.0 0.0 0.0 0.0 0.0 0.0 0.0 0.0 0.0
5670.0 19422.0 3.0 66571.0 21986.0 20.0 31.0 0.0 0.0 228018.0 113077.5 18510.0 100.0 120.0 45.0 38.0 267.0 0.0 0.0 0.0 0.0 0.0 0.0 0.0 0.0 0.0 0.0 0.0 0.0 0.0
5625.0 19180.0 5.0 65649.0 21856.0 18.0 56.0 0.0 0.0 224242.0 112483.5 18860.0 197.0 175.0 98.0 46.0 254.0 0.0 0.0 0.0 0.0 0.0 0.0 0.0 0.0 0.0 0.0 0.0 0.0 0.0
5659.0 19378.0 10.0 66634.0 22013.0 22.0 101.0 0.0 0.0 229088.0 113475.5 18608.0 320.0 376.0 174.0 46.0 334.0 0.0 0.0 0.0 0.0 0.0 0.0 0.0 0.0 0.0 0.0 0.0 0.0 0.0
5622.0 19340.0 7.0 66847.0 22209.0 22.0 67.0 0.0 0.0 229994.0 115637.0 19229.0 202.0 232.0 106.0 47.0 328.0 0.0 0.0 0.0 0.0 0.0 0.0 0.0 0.0 0.0 0.0 0.0 0.0 0.0
5609.0 19265.0 11.0 65602.0 22292.0 24.0 123.0 0.0 0.0 222444.0 112673.5 19942.0 445.0 427.0 230.0 47.0 297.0 0.0 0.0 0.0 1.0 2.0 0.0 0.0 0.0 0.0 0.0 0.0 0.0 0.0
5499.0 18622.0 5.0 63209.0 21294.0 13.0 61.0 0.0 0.0 214518.0 108638.0 18595.0 224.0 205.0 129.0 32.0 176.0 0.0 0.0 0.0 0.0 0.0 0.0 0.0 0.0 0.0 0.0 0.0 0.0 0.0
5589.0 19353.0 8.0 66680.0 22455.0 17.0 84.0 0.0 0.0 229043.0 115687.5 19755.0 285.0 273.0 135.0 36.0 213.0 0.0 0.0 0.0 0.0 2.0 0.0 0.0 0.0 0.0 0.0 0.0 0.0 0.0
5662.0 19728.0 7.0 68496.0 23350.0 15.0 66.0 0.0 0.0 238146.0 121526.0 21413.0 197.0 216.0 96.0 48.0 212.0 0.0 0.0 0.0 0.0 0.0 0.0 0.0 0.0 0.0 0.0 0.0 0.0 0.0
5625.0 19273.0 8.0 66179.0 21995.0 11.0 96.0 0.0 0.0 226089.0 113942.0 18857.0 390.0 330.0 193.0 58.0 152.0 0.0 0.0 0.0 0.0 0.0 0.0 0.0 0.0 0.0 0.0 0.0 0.0 0.0
5630.0 19252.0 4.0 65757.0 21967.0 18.0 37.0 0.0 0.0 225086.0 112666.5 18872.0 104.0 130.0 68.0 61.0 247.0 0.0 0.0 0.0 0.0 0.0 0.0 0.0 0.0 0.0 0.0 0.0 0.0 0.0
5563.0 18838.0 9.0 63433.0 21232.0 18.0 78.0 0.0 0.0 213192.0 106877.5 18089.0 215.0 268.0 110.0 54.0 226.0 0.0 0.0 0.0 0.0 2.0 0.0 0.0 0.0 0.0 0.0 0.0 0.0 0.0
5584.0 19058.0 4.0 64721.0 21823.0 22.0 41.0 0.0 0.0 219606.0 110711.5 19128.0 134.0 142.0 79.0 57.0 290.0 0.0 0.0 0.0 0.0 2.0 0.0 0.0 0.0 0.0 0.0 0.0 0.0 0.0
5448.0 18022.0 7.0 59565.0 19545.0 16.0 63.0 0.0 0.0 195931.0 96903.0 15312.0 183.0 197.0 80.0 47.0 192.0 0.0 0.0 0.0 0.0 0.0 0.0 0.0 0.0 0.0 0.0 0.0 0.0 0.0
5624.0 18984.0 7.0 63900.0 20976.0 14.0 71.0 0.0 0.0 215337.0 105733.5 17009.0 251.0 235.0 106.0 36.0 210.0 0.0 0.0 0.0 0.0 0.0 0.0 0.0 0.0 0.0 0.0 0.0 0.0 0.0
5544.0 18803.0 4.0 63912.0 21360.0 21.0 44.0 0.0 0.0 217013.0 108806.0 18351.0 151.0 135.0 72.0 57.0 287.0 0.0 0.0 0.0 0.0 0.0 0.0 0.0 0.0 0.0 0.0 0.0 0.0 0.0
5702.0 19686.0 2.0 68032.0 22243.0 19.0 20.0 0.0 0.0 234622.0 115594.5 18419.0 63.0 66.0 36.0 49.0 252.0 0.0 0.0 0.0 0.0 0.0 0.0 0.0 0.0 0.0 0.0 0.0 0.0 0.0
5674.0 19795.0 11.0 69020.0 23145.0 22.0 114.0 0.0 0.0 239900.0 121013.5 20284.0 384.0 383.0 206.0 51.0 335.0 0.0 0.0 0.0 0.0 0.0 0.0 0.0 0.0 0.0 0.0 0.0 0.0 0.0
5688.0 19843.0 11.0 68917.0 23328.0 14.0 122.0 0.0 0.0 239227.0 121273.0 21021.0 464.0 416.0 226.0 51.0 177.0 0.0 1.0 0.0 0.0 0.0 0.0 0.0 0.0 0.0 0.0 0.0 0.0 0.0
5718.0 20001.0 7.0 70006.0 23161.0 18.0 88.0 0.0 0.0 245133.0 121756.5 19549.0 339.0 330.0 184.0 57.0 248.0 0.0 0.0 0.0 0.0 0.0 0.0 0.0 0.0 0.0 0.0 0.0 0.0 0.0
5586.0 19082.0 2.0 64639.0 21867.0 16.0 27.0 0.0 0.0 217992.0 109847.0 18951.0 117.0 95.0 51.0 43.0 227.0 0.0 0.0 0.0 0.0 2.0 0.0 0.0 0.0 0.0 0.0 0.0 0.0 0.0
5616.0 19020.0 10.0 64754.0 21303.0 25.0 87.0 0.0 0.0 219514.0 109382.0 17880.0 259.0 297.0 126.0 57.0 351.0 0.0 0.0 0.0 0.0 2.0 0.0 0.0 0.0 0.0 0.0 0.0 0.0 0.0
5624.0 19283.0 6.0 65998.0 21949.0 24.0 53.0 0.0 0.0 225881.0 112134.0 18781.0 144.0 174.0 74.0 40.0 325.0 0.0 0.0 0.0 0.0 0.0 0.0 0.0 0.0 0.0 0.0 0.0 0.0 0.0
5678.0 19712.0 9.0 68063.0 22800.0 26.0 104.0 0.0 0.0 234634.0 117491.0 19774.0 379.0 351.0 198.0 48.0 340.0 0.0 1.0 0.0 1.0 0.0 0.0 0.0 0.0 0.0 0.0 0.0 0.0 0.0
5621.0 19210.0 10.0 65476.0 21822.0 22.0 95.0 0.0 0.0 222408.0 111525.5 18461.0 274.0 356.0 151.0 46.0 313.0 0.0 0.0 0.0 0.0 0.0 0.0 0.0 0.0 0.0 0.0 0.0 0.0 0.0
5667.0 19635.0 6.0 67607.0 22838.0 12.0 73.0 0.0 0.0 232809.0 116836.0 20060.0 252.0 257.0 169.0 40.0 177.0 0.0 0.0 0.0 0.0 0.0 0.0 0.0 0.0 0.0 0.0 0.0 0.0 0.0
5633.0 19591.0 10.0 68187.0 23023.0 15.0 114.0 0.0 0.0 236343.0 120197.0 20713.0 423.0 414.0 219.0 61.0 208.0 0.0 0.0 0.0 0.0 0.0 0.0 0.0 0.0 0.0 0.0 0.0 0.0 0.0
5735.0 20087.0 5.0 70445.0 23661.0 14.0 48.0 0.0 0.0 246566.0 124251.5 21140.0 132.0 180.0 83.0 48.0 202.0 0.0 0.0 0.0 0.0 0.0 0.0 0.0 0.0 0.0 0.0 0.0 0.0 0.0
5513.0 18439.0 7.0 61728.0 20278.0 22.0 78.0 0.0 0.0 206439.0 101665.0 16422.0 299.0 256.0 141.0 44.0 304.0 0.0 0.0 0.0 0.0 0.0 0.0 0.0 0.0 0.0 0.0 0.0 0.0 0.0
5671.0 19686.0 12.0 68116.0 22799.0 21.0 146.0 0.0 0.0 235111.0 118066.5 19766.0 563.0 519.0 295.0 56.0 278.0 0.0 0.0 0.0 0.0 0.0 0.0 0.0 0.0 0.0 0.0 0.0 0.0 0.0
5591.0 19054.0 10.0 64636.0 21923.0 15.0 119.0 0.0 0.0 218678.0 110894.0 19162.0 469.0 411.0 230.0 52.0 225.0 0.0 0.0 0.0 0.0 2.0 0.0 0.0 0.0 0.0 0.0 0.0 0.0 0.0
5583.0 18983.0 7.0 64344.0 21398.0 18.0 75.0 0.0 0.0 217860.0 109084.5 17782.0 303.0 258.0 133.0 48.0 254.0 0.0 0.0 0.0 0.0 0.0 0.0 0.0 0.0 0.0 0.0 0.0 0.0 0.0
5629.0 19123.0 8.0 64915.0 21310.0 17.0 72.0 0.0 0.0 219881.0 108279.0 17325.0 202.0 244.0 106.0 50.0 244.0 0.0 0.0 0.0 0.0 0.0 0.0 0.0 0.0 0.0 0.0 0.0 0.0 0.0
5751.0 20049.0 4.0 69674.0 23095.0 20.0 52.0 0.0 0.0 242096.0 119811.5 19814.0 224.0 206.0 101.0 68.0 275.0 0.0 0.0 0.0 0.0 0.0 0.0 0.0 0.0 0.0 0.0 0.0 0.0 0.0
5640.0 19421.0 10.0 67206.0 22397.0 18.0 101.0 0.0 0.0 233147.0 116847.0 19336.0 331.0 375.0 159.0 44.0 257.0 0.0 0.0 0.0 0.0 0.0 0.0 0.0 0.0 0.0 0.0 0.0 0.0 0.0
5565.0 18937.0 5.0 64536.0 21521.0 18.0 50.0 0.0 0.0 220004.0 109703.5 18377.0 148.0 157.0 86.0 31.0 261.0 0.0 0.0 0.0 0.0 0.0 0.0 0.0 0.0 0.0 0.0 0.0 0.0 0.0
5631.0 19164.0 9.0 64780.0 21691.0 16.0 104.0 0.0 0.0 218803.0 109258.5 18504.0 352.0 314.0 236.0 46.0 227.0 0.0 1.0 0.0 0.0 2.0 0.0 0.0 0.0 0.0 0.0 0.0 0.0 0.0
5688.0 19968.0 8.0 69850.0 23440.0 17.0 80.0 0.0 0.0 244040.0 122573.0 20607.0 291.0 299.0 140.0 52.0 218.0 0.0 0.0 0.0 0.0 0.0 0.0 0.0 0.0 0.0 0.0 0.0 0.0 0.0
5564.0 18904.0 4.0 63888.0 21432.0 12.0 31.0 0.0 0.0 214952.0 108542.5 18339.0 79.0 101.0 32.0 48.0 163.0 0.0 0.0 0.0 0.0 0.0 0.0 0.0 0.0 0.0 0.0 0.0 0.0 0.0
5652.0 19696.0 7.0 68481.0 23263.0 30.0 90.0 1.0 0.0 237097.0 120938.0 21071.0 364.0 306.0 213.0 45.0 402.0 16.0 0.0 2.0 0.0 0.0 0.0 0.0 0.0 0.0 0.0 0.0 0.0 0.0
5740.0 19942.0 6.0 69068.0 22792.0 15.0 63.0 0.0 0.0 239242.0 118001.5 19285.0 220.0 214.0 98.0 59.0 219.0 0.0 0.0 0.0 0.0 4.0 0.0 0.0 0.0 0.0 0.0 0.0 0.0 0.0
5482.0 18406.0 3.0 61538.0 20610.0 14.0 26.0 0.0 0.0 205298.0 102565.0 17165.0 88.0 100.0 38.0 37.0 180.0 0.0 0.0 0.0 0.0 0.0 0.0 0.0 0.0 0.0 0.0 0.0 0.0 0.0
5556.0 18839.0 5.0 63467.0 21336.0 23.0 55.0 0.0 0.0 213035.0 107048.5 18326.0 198.0 205.0 88.0 38.0 275.0 0.0 0.0 0.0 0.0 0.0 0.0 0.0 0.0 0.0 0.0 0.0 0.0 0.0
5618.0 19153.0 10.0 64881.0 21884.0 16.0 109.0 0.0 0.0 218493.0 110267.0 18920.0 376.0 362.0 204.0 43.0 204.0 0.0 0.0 0.0 0.0 0.0 0.0 0.0 0.0 0.0 0.0 0.0 0.0 0.0
5557.0 19104.0 5.0 65755.0 21879.0 14.0 52.0 0.0 0.0 226981.0 113229.5 18400.0 205.0 160.0 93.0 47.0 178.0 0.0 0.0 0.0 0.0 0.0 0.0 0.0 0.0 0.0 0.0 0.0 0.0 0.0
5686.0 19532.0 5.0 66922.0 22063.0 17.0 47.0 0.0 0.0 228638.0 113175.0 18327.0 139.0 147.0 68.0 52.0 248.0 0.0 0.0 0.0 0.0 2.0 0.0 0.0 0.0 0.0 0.0 0.0 0.0 0.0
5671.0 19498.0 6.0 66681.0 22320.0 23.0 56.0 0.0 0.0 227724.0 113881.0 19108.0 173.0 176.0 93.0 56.0 288.0 0.0 0.0 0.0 0.0 0.0 0.0 0.0 0.0 0.0 0.0 0.0 0.0 0.0
5479.0 18456.0 5.0 61348.0 20754.0 14.0 40.0 0.0 0.0 203616.0 101940.5 17579.0 109.0 148.0 44.0 37.0 204.0 0.0 0.0 0.0 0.0 0.0 0.0 0.0 0.0 0.0 0.0 0.0 0.0 0.0
5783.0 20646.0 10.0 73896.0 24958.0 33.0 118.0 0.0 0.0 263936.0 134116.5 23132.0 490.0 411.0 229.0 57.0 484.0 0.0 0.0 0.0 0.0 2.0 0.0 0.0 0.0 0.0 0.0 0.0 0.0 0.0
5609.0 19072.0 5.0 64328.0 21516.0 22.0 46.0 0.0 0.0 215841.0 107907.0 18373.0 137.0 150.0 72.0 33.0 320.0 0.0 0.0 0.0 0.0 0.0 0.0 0.0 0.0 0.0 0.0 0.0 0.0 0.0
5634.0 19524.0 11.0 67620.0 22915.0 19.0 111.0 1.0 0.0 234542.0 119514.0 20611.0 417.0 347.0 221.0 48.0 268.0 10.0 0.0 4.0 0.0 0.0 0.0 0.0 0.0 0.0 0.0 0.0 0.0 0.0
5667.0 19487.0 3.0 66804.0 22085.0 16.0 35.0 0.0 0.0 228548.0 113092.0 18362.0 144.0 119.0 73.0 39.0 193.0 0.0 0.0 0.0 0.0 0.0 0.0 0.0 0.0 0.0 0.0 0.0 0.0 0.0
5689.0 19609.0 7.0 67543.0 22197.0 21.0 79.0 0.0 0.0 232104.0 114759.0 18275.0 273.0 253.0 145.0 52.0 288.0 0.0 0.0 0.0 0.0 0.0 0.0 0.0 0.0 0.0 0.0 0.0 0.0 0.0
5598.0 18958.0 7.0 64245.0 21138.0 17.0 63.0 0.0 0.0 217395.0 107621.0 17230.0 195.0 207.0 90.0 47.0 216.0 0.0 0.0 0.0 0.0 0.0 0.0 0.0 0.0 0.0 0.0 0.0 0.0 0.0
5639.0 19408.0 6.0 66819.0 22292.0 16.0 63.0 0.0 0.0 230368.0 115318.0 19282.0 230.0 219.0 91.0 55.0 229.0 0.0 0.0 0.0 0.0 2.0 0.0 0.0 0.0 0.0 0.0 0.0 0.0 0.0
5532.0 18707.0 6.0 63085.0 21439.0 14.0 66.0 0.0 0.0 212480.0 108535.0 18763.0 252.0 228.0 121.0 37.0 207.0 0.0 0.0 0.0 0.0 0.0 0.0 0.0 0.0 0.0 0.0 0.0 0.0 0.0
5698.0 19703.0 7.0 67761.0 22456.0 20.0 75.0 0.0 0.0 233414.0 115198.0 18937.0 262.0 247.0 138.0 54.0 300.0 0.0 0.0 0.0 0.0 0.0 0.0 0.0 0.0 0.0 0.0 0.0 0.0 0.0
5564.0 18929.0 7.0 64497.0 21435.0 14.0 76.0 0.0 0.0 219451.0 109340.0 18182.0 265.0 230.0 128.0 46.0 204.0 0.0 0.0 0.0 0.0 4.0 0.0 0.0 0.0 0.0 0.0 0.0 0.0 0.0
5701.0 19780.0 9.0 68493.0 22824.0 21.0 116.0 0.0 0.0 236700.0 118344.5 19778.0 493.0 423.0 245.0 42.0 265.0 0.0 0.0 0.0 0.0 4.0 0.0 0.0 0.0 0.0 0.0 0.0 0.0 0.0
5554.0 18638.0 9.0 62077.0 20646.0 12.0 104.0 0.0 0.0 205916.0 102398.5 16915.0 381.0 360.0 213.0 36.0 154.0 0.0 0.0 0.0 0.0 0.0 0.0 0.0 0.0 0.0 0.0 0.0 0.0 0.0
5589.0 18995.0 4.0 64140.0 21620.0 20.0 30.0 0.0 0.0 216043.0 108379.0 18579.0 71.0 119.0 31.0 54.0 299.0 0.0 0.0 0.0 0.0 0.0 0.0 0.0 0.0 0.0 0.0 0.0 0.0 0.0
5748.0 20422.0 9.0 72539.0 24581.0 17.0 100.0 0.0 0.0 257538.0 131324.5 22592.0 337.0 369.0 186.0 59.0 236.0 0.0 0.0 0.0 0.0 0.0 0.0 0.0 0.0 0.0 0.0 0.0 0.0 0.0
5643.0 19203.0 4.0 65505.0 21660.0 10.0 34.0 0.0 0.0 222936.0 111222.0 18353.0 99.0 130.0 51.0 45.0 125.0 0.0 0.0 0.0 0.0 0.0 0.0 0.0 0.0 0.0 0.0 0.0 0.0 0.0
5691.0 19849.0 7.0 68699.0 23080.0 16.0 77.0 0.0 0.0 236932.0 119047.5 20139.0 277.0 249.0 140.0 52.0 234.0 0.0 1.0 0.0 0.0 2.0 0.0 0.0 0.0 0.0 0.0 0.0 0.0 0.0
5563.0 18891.0 6.0 64271.0 21287.0 17.0 63.0 0.0 0.0 218490.0 108891.5 17754.0 229.0 214.0 103.0 30.0 231.0 0.0 0.0 0.0 0.0 2.0 0.0 0.0 0.0 0.0 0.0 0.0 0.0 0.0
5628.0 19473.0 5.0 67375.0 22573.0 9.0 56.0 0.0 0.0 232455.0 117202.0 19721.0 222.0 187.0 100.0 44.0 129.0 0.0 0.0 0.0 0.0 0.0 0.0 0.0 0.0 0.0 0.0 0.0 0.0 0.0
5484.0 18380.0 9.0 61500.0 20437.0 12.0 88.0 0.0 0.0 204883.0 102548.5 16828.0 304.0 314.0 126.0 45.0 171.0 0.0 0.0 0.0 0.0 0.0 0.0 0.0 0.0 0.0 0.0 0.0 0.0 0.0
5666.0 19631.0 6.0 68021.0 22636.0 18.0 62.0 0.0 0.0 236030.0 117828.0 19361.0 210.0 190.0 102.0 42.0 256.0 0.0 0.0 0.0 0.0 0.0 0.0 0.0 0.0 0.0 0.0 0.0 0.0 0.0
5575.0 19001.0 5.0 64489.0 21701.0 16.0 52.0 0.0 0.0 218415.0 110125.5 18721.0 171.0 167.0 89.0 41.0 239.0 0.0 0.0 0.0 0.0 0.0 0.0 0.0 0.0 0.0 0.0 0.0 0.0 0.0
5694.0 19474.0 4.0 66297.0 21700.0 17.0 52.0 0.0 0.0 225060.0 110214.5 17676.0 218.0 154.0 99.0 50.0 210.0 0.0 0.0 0.0 0.0 0.0 0.0 0.0 0.0 0.0 0.0 0.0 0.0 0.0
5682.0 19540.0 6.0 67022.0 22155.0 20.0 68.0 0.0 0.0 229180.0 113605.0 18560.0 264.0 202.0 126.0 59.0 268.0 0.0 0.0 0.0 0.0 2.0 0.0 0.0 0.0 0.0 0.0 0.0 0.0 0.0
5599.0 18994.0 4.0 64283.0 21313.0 16.0 39.0 0.0 0.0 217844.0 107611.5 18051.0 124.0 152.0 68.0 49.0 222.0 0.0 0.0 0.0 0.0 0.0 0.0 0.0 0.0 0.0 0.0 0.0 0.0 0.0
5487.0 18344.0 6.0 61506.0 20325.0 18.0 64.0 0.0 0.0 205516.0 102384.5 16921.0 214.0 203.0 121.0 34.0 258.0 0.0 0.0 0.0 0.0 0.0 0.0 0.0 0.0 0.0 0.0 0.0 0.0 0.0
5728.0 19949.0 5.0 69320.0 22877.0 18.0 40.0 0.0 0.0 240096.0 118948.0 19227.0 113.0 135.0 56.0 44.0 255.0 0.0 0.0 0.0 0.0 0.0 0.0 0.0 0.0 0.0 0.0 0.0 0.0 0.0
5713.0 19820.0 6.0 68791.0 22726.0 12.0 57.0 0.0 0.0 237845.0 118850.0 19132.0 179.0 212.0 81.0 42.0 155.0 0.0 0.0 0.0 0.0 0.0 0.0 0.0 0.0 0.0 0.0 0.0 0.0 0.0
5549.0 18783.0 7.0 63057.0 21324.0 15.0 58.0 0.0 0.0 210744.0 106921.0 18251.0 164.0 206.0 80.0 43.0 217.0 0.0 0.0 0.0 0.0 0.0 0.0 0.0 0.0 0.0 0.0 0.0 0.0 0.0
5617.0 19228.0 8.0 66048.0 21885.0 15.0 78.0 0.0 0.0 226740.0 113273.0 18569.0 270.0 266.0 119.0 52.0 252.0 0.0 0.0 0.0 0.0 2.0 0.0 0.0 0.0 0.0 0.0 0.0 0.0 0.0
5713.0 20053.0 4.0 70448.0 23721.0 16.0 47.0 0.0 0.0 246755.0 125049.5 21169.0 183.0 170.0 89.0 54.0 237.0 0.0 0.0 0.0 0.0 0.0 0.0 0.0 0.0 0.0 0.0 0.0 0.0 0.0
5688.0 19997.0 10.0 69885.0 23640.0 17.0 109.0 0.0 0.0 243757.0 123141.5 20868.0 416.0 335.0 190.0 47.0 244.0 0.0 0.0 0.0 0.0 2.0 0.0 0.0 0.0 0.0 0.0 0.0 0.0 0.0
5697.0 19965.0 9.0 69867.0 23523.0 18.0 108.0 0.0 0.0 244221.0 123034.5 21088.0 449.0 357.0 237.0 75.0 251.0 0.0 0.0 0.0 0.0 0.0 0.0 0.0 0.0 0.0 0.0 0.0 0.0 0.0
5649.0 19601.0 7.0 68302.0 22688.0 19.0 78.0 0.0 0.0 237239.0 119013.5 19417.0 289.0 273.0 138.0 46.0 261.0 0.0 0.0 0.0 0.0 2.0 0.0 0.0 0.0 0.0 0.0 0.0 0.0 0.0
5584.0 18723.0 7.0 62313.0 20718.0 15.0 52.0 0.0 0.0 207545.0 102450.0 17239.0 121.0 173.0 62.0 47.0 187.0 0.0 0.0 0.0 0.0 2.0 0.0 0.0 0.0 0.0 0.0 0.0 0.0 0.0
5672.0 19647.0 10.0 68511.0 22771.0 13.0 100.0 0.0 0.0 238092.0 119847.5 19710.0 377.0 322.0 194.0 56.0 194.0 0.0 1.0 0.0 0.0 0.0 0.0 0.0 0.0 0.0 0.0 0.0 0.0 0.0
5762.0 19930.0 8.0 68699.0 22509.0 15.0 86.0 0.0 0.0 235584.0 115960.0 18625.0 306.0 279.0 164.0 60.0 188.0 0.0 0.0 0.0 0.0 0.0 0.0 0.0 0.0 0.0 0.0 0.0 0.0 0.0
5510.0 18405.0 8.0 61520.0 20476.0 9.0 77.0 0.0 0.0 204896.0 102560.0 17080.0 271.0 232.0 119.0 38.0 123.0 0.0 0.0 0.0 0.0 0.0 0.0 0.0 0.0 0.0 0.0 0.0 0.0 0.0
5661.0 19553.0 6.0 67451.0 22581.0 18.0 56.0 0.0 0.0 232107.0 117285.0 19685.0 187.0 197.0 83.0 53.0 240.0 0.0 0.0 0.0 0.0 0.0 0.0 0.0 0.0 0.0 0.0 0.0 0.0 0.0
5656.0 19487.0 9.0 66967.0 22523.0 13.0 92.0 0.0 0.0 230117.0 115787.5 19690.0 294.0 289.0 153.0 41.0 181.0 0.0 0.0 0.0 0.0 0.0 0.0 0.0 0.0 0.0 0.0 0.0 0.0 0.0
5729.0 20026.0 6.0 69398.0 23566.0 14.0 50.0 0.0 0.0 240372.0 121272.0 21256.0 136.0 182.0 60.0 49.0 197.0 0.0 0.0 0.0 0.0 2.0 0.0 0.0 0.0 0.0 0.0 0.0 0.0 0.0
5498.0 18397.0 4.0 61817.0 20731.0 11.0 54.0 0.0 0.0 207287.0 104503.5 17995.0 259.0 191.0 115.0 40.0 162.0 0.0 0.0 0.0 0.0 2.0 0.0 0.0 0.0 0.0 0.0 0.0 0.0 0.0
5605.0 19078.0 8.0 64877.0 21823.0 19.0 89.0 0.0 0.0 220122.0 111052.0 19232.0 330.0 269.0 150.0 50.0 257.0 0.0 0.0 0.0 0.0 0.0 0.0 0.0 0.0 0.0 0.0 0.0 0.0 0.0
5547.0 18720.0 6.0 63267.0 21040.0 16.0 57.0 0.0 0.0 213230.0 106684.5 17903.0 166.0 200.0 103.0 51.0 229.0 0.0 0.0 0.0 0.0 0.0 0.0 0.0 0.0 0.0 0.0 0.0 0.0 0.0
5693.0 19758.0 9.0 68188.0 22721.0 18.0 98.0 0.0 0.0 235155.0 116870.0 19338.0 356.0 328.0 169.0 40.0 239.0 0.0 0.0 0.0 0.0 2.0 0.0 0.0 0.0 0.0 0.0 0.0 0.0 0.0
5732.0 20078.0 12.0 70094.0 23153.0 23.0 146.0 0.0 0.0 244322.0 120733.5 19385.0 594.0 508.0 280.0 62.0 338.0 0.0 0.0 0.0 0.0 4.0 0.0 0.0 0.0 0.0 0.0 0.0 0.0 0.0
5707.0 19956.0 8.0 69226.0 23104.0 15.0 86.0 0.0 0.0 240081.0 119053.0 19811.0 296.0 288.0 136.0 45.0 198.0 0.0 0.0 0.0 0.0 2.0 0.0 0.0 0.0 0.0 0.0 0.0 0.0 0.0
5700.0 20058.0 12.0 70745.0 23573.0 22.0 129.0 0.0 0.0 248872.0 124788.0 20639.0 466.0 437.0 203.0 57.0 350.0 0.0 0.0 0.0 0.0 0.0 0.0 0.0 0.0 0.0 0.0 0.0 0.0 0.0
5583.0 19192.0 4.0 66086.0 22247.0 19.0 27.0 0.0 0.0 226549.0 115236.5 19889.0 56.0 87.0 31.0 61.0 281.0 0.0 0.0 0.0 1.0 0.0 0.0 0.0 0.0 0.0 0.0 0.0 0.0 0.0
5806.0 20539.0 9.0 72624.0 24156.0 14.0 97.0 0.0 0.0 255378.0 128469.0 21131.0 329.0 375.0 203.0 60.0 192.0 0.0 0.0 0.0 0.0 2.0 0.0 0.0 0.0 0.0 0.0 0.0 0.0 0.0
5564.0 18748.0 7.0 63042.0 20570.0 21.0 84.0 0.0 0.0 211715.0 103366.0 16407.0 321.0 278.0 158.0 33.0 280.0 0.0 0.0 0.0 0.0 0.0 0.0 0.0 0.0 0.0 0.0 0.0 0.0 0.0
5609.0 19284.0 6.0 65299.0 22157.0 15.0 62.0 0.0 0.0 220573.0 110866.0 18994.0 187.0 216.0 108.0 42.0 192.0 0.0 0.0 0.0 0.0 0.0 0.0 0.0 0.0 0.0 0.0 0.0 0.0 0.0
5646.0 19113.0 10.0 64476.0 21202.0 17.0 106.0 0.0 0.0 217765.0 107127.5 17396.0 390.0 373.0 174.0 45.0 244.0 0.0 0.0 0.0 0.0 0.0 0.0 0.0 0.0 0.0 0.0 0.0 0.0 0.0
5638.0 19646.0 10.0 68284.0 22993.0 21.0 99.0 0.0 0.0 236185.0 119575.5 20395.0 314.0 359.0 157.0 53.0 283.0 0.0 0.0 0.0 1.0 2.0 0.0 0.0 0.0 0.0 0.0 0.0 0.0 0.0
5572.0 18964.0 7.0 64183.0 21476.0 21.0 62.0 0.0 0.0 217520.0 108197.5 18230.0 191.0 214.0 90.0 45.0 286.0 0.0 0.0 0.0 0.0 2.0 0.0 0.0 0.0 0.0 0.0 0.0 0.0 0.0
5605.0 19148.0 6.0 65676.0 21799.0 27.0 49.0 0.0 0.0 224434.0 112578.0 18661.0 116.0 183.0 70.0 37.0 364.0 0.0 0.0 0.0 0.0 0.0 0.0 0.0 0.0 0.0 0.0 0.0 0.0 0.0
5718.0 19607.0 8.0 67326.0 22048.0 12.0 95.0 0.0 0.0 230018.0 113689.5 18266.0 375.0 345.0 177.0 50.0 156.0 0.0 0.0 0.0 0.0 2.0 0.0 0.0 0.0 0.0 0.0 0.0 0.0 0.0
5504.0 18320.0 6.0 60538.0 20151.0 16.0 47.0 0.0 0.0 200567.0 99273.0 16455.0 112.0 148.0 57.0 38.0 190.0 0.0 0.0 0.0 0.0 0.0 0.0 0.0 0.0 0.0 0.0 0.0 0.0 0.0
5581.0 18909.0 7.0 64112.0 21206.0 21.0 76.0 0.0 0.0 216734.0 107612.5 17558.0 235.0 255.0 144.0 57.0 322.0 0.0 0.0 0.0 0.0 0.0 0.0 0.0 0.0 0.0 0.0 0.0 0.0 0.0
5681.0 19774.0 9.0 68409.0 23090.0 27.0 78.0 0.0 0.0 236995.0 119601.0 20404.0 238.0 243.0 106.0 47.0 350.0 0.0 0.0 0.0 0.0 2.0 0.0 0.0 0.0 0.0 0.0 0.0 0.0 0.0
5783.0 20374.0 5.0 71440.0 23826.0 16.0 68.0 0.0 0.0 249654.0 124810.5 20540.0 287.0 251.0 148.0 53.0 236.0 0.0 0.0 0.0 0.0 0.0 0.0 0.0 0.0 0.0 0.0 0.0 0.0 0.0
5748.0 19967.0 9.0 69034.0 22857.0 13.0 93.0 0.0 0.0 238548.0 117882.5 19036.0 340.0 314.0 163.0 44.0 176.0 0.0 0.0 0.0 0.0 2.0 0.0 0.0 0.0 0.0 0.0 0.0 0.0 0.0
5629.0 19189.0 8.0 64863.0 21755.0 16.0 94.0 0.0 0.0 219605.0 109675.0 18410.0 375.0 317.0 191.0 37.0 208.0 0.0 0.0 0.0 0.0 0.0 0.0 0.0 0.0 0.0 0.0 0.0 0.0 0.0
5562.0 19047.0 11.0 65259.0 21820.0 17.0 101.0 1.0 0.0 222832.0 112006.5 18680.0 312.0 346.0 159.0 57.0 246.0 6.0 0.0 9.0 0.0 2.0 0.0 0.0 0.0 0.0 0.0 0.0 0.0 0.0
5634.0 19351.0 4.0 66299.0 21907.0 16.0 33.0 0.0 0.0 227278.0 112192.5 18418.0 105.0 110.0 48.0 43.0 196.0 0.0 0.0 0.0 0.0 0.0 0.0 0.0 0.0 0.0 0.0 0.0 0.0 0.0
5636.0 19113.0 11.0 64664.0 21175.0 14.0 111.0 0.0 0.0 217993.0 107372.0 17097.0 370.0 380.0 178.0 43.0 219.0 0.0 0.0 0.0 0.0 2.0 0.0 0.0 0.0 0.0 0.0 0.0 0.0 0.0
5558.0 19031.0 7.0 65328.0 22160.0 25.0 67.0 0.0 0.0 223684.0 114426.0 20104.0 182.0 234.0 124.0 53.0 374.0 0.0 0.0 0.0 0.0 0.0 0.0 0.0 0.0 0.0 0.0 0.0 0.0 0.0
5686.0 19695.0 9.0 68249.0 22777.0 25.0 92.0 0.0 0.0 236054.0 118547.0 20030.0 352.0 352.0 175.0 41.0 358.0 0.0 0.0 0.0 1.0 0.0 0.0 0.0 0.0 0.0 0.0 0.0 0.0 0.0
5631.0 19259.0 7.0 65727.0 21735.0 21.0 69.0 0.0 0.0 223965.0 110932.5 17886.0 217.0 235.0 110.0 42.0 293.0 0.0 0.0 0.0 0.0 0.0 0.0 0.0 0.0 0.0 0.0 0.0 0.0 0.0
5602.0 19175.0 3.0 65647.0 21747.0 20.0 43.0 0.0 0.0 225016.0 111995.5 18307.0 198.0 174.0 92.0 43.0 260.0 0.0 0.0 0.0 0.0 2.0 0.0 0.0 0.0 0.0 0.0 0.0 0.0 0.0
5697.0 20063.0 7.0 70206.0 23699.0 30.0 62.0 0.0 0.0 245507.0 124055.5 20929.0 181.0 208.0 79.0 57.0 398.0 0.0 0.0 0.0 2.0 2.0 0.0 0.0 0.0 0.0 0.0 0.0 0.0 0.0
5688.0 19921.0 5.0 70209.0 23381.0 16.0 47.0 0.0 0.0 247224.0 124448.0 20588.0 152.0 173.0 63.0 63.0 228.0 0.0 0.0 0.0 0.0 0.0 0.0 0.0 0.0 0.0 0.0 0.0 0.0 0.0
5698.0 19842.0 9.0 69148.0 22942.0 25.0 98.0 0.0 0.0 240009.0 120020.5 19561.0 352.0 364.0 173.0 46.0 328.0 0.0 0.0 0.0 1.0 2.0 0.0 0.0 0.0 0.0 0.0 0.0 0.0 0.0
5714.0 19701.0 8.0 68037.0 22390.0 17.0 76.0 0.0 0.0 234667.0 116087.5 18902.0 227.0 256.0 110.0 55.0 233.0 0.0 0.0 0.0 0.0 2.0 0.0 0.0 0.0 0.0 0.0 0.0 0.0 0.0
5614.0 18869.0 4.0 63641.0 20674.0 9.0 28.0 0.0 0.0 214663.0 105065.0 16492.0 73.0 110.0 28.0 46.0 116.0 0.0 0.0 0.0 0.0 0.0 0.0 0.0 0.0 0.0 0.0 0.0 0.0 0.0
5651.0 19393.0 9.0 66233.0 22037.0 15.0 90.0 0.0 0.0 226157.0 112527.5 18488.0 298.0 294.0 140.0 43.0 211.0 0.0 0.0 0.0 0.0 0.0 0.0 0.0 0.0 0.0 0.0 0.0 0.0 0.0
5591.0 19019.0 6.0 64442.0 21370.0 13.0 61.0 0.0 0.0 218669.0 108324.0 17730.0 206.0 203.0 84.0 42.0 158.0 0.0 0.0 0.0 0.0 0.0 0.0 0.0 0.0 0.0 0.0 0.0 0.0 0.0
5740.0 20179.0 9.0 71074.0 23536.0 17.0 94.0 0.0 0.0 250040.0 124765.5 20227.0 306.0 349.0 154.0 48.0 259.0 0.0 0.0 0.0 0.0 0.0 0.0 0.0 0.0 0.0 0.0 0.0 0.0 0.0
5649.0 19443.0 6.0 66811.0 22387.0 11.0 67.0 0.0 0.0 229047.0 115542.5 19498.0 224.0 244.0 136.0 55.0 151.0 0.0 0.0 0.0 0.0 2.0 0.0 0.0 0.0 0.0 0.0 0.0 0.0 0.0
5605.0 19067.0 5.0 64831.0 21588.0 17.0 43.0 0.0 0.0 220168.0 110223.5 18478.0 128.0 159.0 56.0 39.0 233.0 0.0 0.0 0.0 0.0 0.0 0.0 0.0 0.0 0.0 0.0 0.0 0.0 0.0
5655.0 19594.0 3.0 67963.0 22504.0 20.0 38.0 0.0 0.0 234775.0 117140.5 19064.0 144.0 124.0 82.0 41.0 277.0 0.0 0.0 0.0 0.0 0.0 0.0 0.0 0.0 0.0 0.0 0.0 0.0 0.0
5605.0 19080.0 11.0 64746.0 21348.0 20.0 109.0 1.0 0.0 218815.0 108508.0 17547.0 342.0 369.0 183.0 47.0 259.0 5.0 0.0 6.0 0.0 0.0 0.0 0.0 0.0 0.0 0.0 0.0 0.0 0.0
5625.0 19221.0 12.0 65933.0 21852.0 13.0 128.0 0.0 0.0 225782.0 112905.5 18630.0 460.0 431.0 220.0 47.0 152.0 0.0 0.0 0.0 0.0 0.0 0.0 0.0 0.0 0.0 0.0 0.0 0.0 0.0
5624.0 19740.0 9.0 68697.0 23652.0 21.0 97.0 0.0 0.0 238010.0 122433.5 21770.0 335.0 347.0 159.0 52.0 297.0 0.0 0.0 0.0 0.0 0.0 0.0 0.0 0.0 0.0 0.0 0.0 0.0 0.0
5613.0 19179.0 8.0 65241.0 21540.0 18.0 71.0 0.0 0.0 221256.0 109718.0 17731.0 202.0 231.0 89.0 52.0 244.0 0.0 0.0 0.0 0.0 0.0 0.0 0.0 0.0 0.0 0.0 0.0 0.0 0.0
5574.0 18928.0 6.0 64014.0 21555.0 17.0 56.0 0.0 0.0 216363.0 108746.0 18664.0 169.0 199.0 73.0 63.0 213.0 0.0 0.0 0.0 0.0 0.0 0.0 0.0 0.0 0.0 0.0 0.0 0.0 0.0
5645.0 19592.0 8.0 67479.0 22719.0 15.0 80.0 0.0 0.0 231899.0 117038.5 19545.0 270.0 237.0 128.0 61.0 204.0 0.0 0.0 0.0 0.0 0.0 0.0 0.0 0.0 0.0 0.0 0.0 0.0 0.0
5625.0 19015.0 11.0 63607.0 21135.0 19.0 120.0 0.0 0.0 212335.0 105131.5 17458.0 458.0 385.0 213.0 50.0 261.0 0.0 0.0 0.0 0.0 0.0 0.0 0.0 0.0 0.0 0.0 0.0 0.0 0.0
5756.0 20321.0 8.0 71743.0 23963.0 19.0 87.0 0.0 0.0 252213.0 126818.5 21045.0 347.0 287.0 158.0 51.0 257.0 0.0 0.0 0.0 0.0 0.0 0.0 0.0 0.0 0.0 0.0 0.0 0.0 0.0
5615.0 19199.0 7.0 65325.0 21753.0 17.0 64.0 0.0 0.0 221983.0 111011.0 18543.0 199.0 199.0 87.0 42.0 235.0 0.0 1.0 0.0 0.0 0.0 0.0 0.0 0.0 0.0 0.0 0.0 0.0 0.0
5599.0 19188.0 8.0 65369.0 21999.0 15.0 82.0 0.0 0.0 222447.0 111773.5 18810.0 294.0 278.0 128.0 40.0 184.0 0.0 1.0 0.0 0.0 0.0 0.0 0.0 0.0 0.0 0.0 0.0 0.0 0.0
5816.0 20388.0 6.0 71222.0 23489.0 22.0 62.0 0.0 0.0 247410.0 122949.5 20040.0 221.0 222.0 95.0 38.0 324.0 0.0 0.0 0.0 0.0 0.0 0.0 0.0 0.0 0.0 0.0 0.0 0.0 0.0
5813.0 20574.0 4.0 72648.0 24201.0 18.0 44.0 0.0 0.0 256937.0 127906.5 21274.0 150.0 140.0 80.0 51.0 261.0 0.0 0.0 0.0 0.0 0.0 0.0 0.0 0.0 0.0 0.0 0.0 0.0 0.0
5515.0 18664.0 6.0 63019.0 21246.0 14.0 66.0 0.0 0.0 212657.0 107063.5 18358.0 259.0 222.0 128.0 52.0 219.0 0.0 0.0 0.0 0.0 0.0 0.0 0.0 0.0 0.0 0.0 0.0 0.0 0.0
5607.0 19034.0 10.0 64473.0 21545.0 19.0 110.0 0.0 0.0 217727.0 109362.0 18349.0 391.0 374.0 180.0 49.0 283.0 0.0 0.0 0.0 0.0 4.0 0.0 0.0 0.0 0.0 0.0 0.0 0.0 0.0
5711.0 19778.0 5.0 68720.0 22813.0 18.0 49.0 0.0 0.0 239085.0 119315.0 19879.0 158.0 151.0 75.0 40.0 240.0 0.0 0.0 0.0 0.0 2.0 0.0 0.0 0.0 0.0 0.0 0.0 0.0 0.0
5650.0 19527.0 7.0 66948.0 22504.0 10.0 91.0 0.0 0.0 229276.0 114707.0 19487.0 355.0 317.0 212.0 38.0 136.0 0.0 0.0 0.0 0.0 2.0 0.0 0.0 0.0 0.0 0.0 0.0 0.0 0.0
5742.0 20141.0 3.0 70248.0 23594.0 19.0 27.0 0.0 0.0 245282.0 123242.0 20790.0 74.0 99.0 35.0 46.0 269.0 0.0 0.0 0.0 0.0 0.0 0.0 0.0 0.0 0.0 0.0 0.0 0.0 0.0
5614.0 19234.0 10.0 65911.0 22164.0 20.0 94.0 0.0 0.0 225093.0 113916.0 19460.0 290.0 347.0 141.0 46.0 281.0 0.0 0.0 0.0 0.0 4.0 0.0 0.0 0.0 0.0 0.0 0.0 0.0 0.0
5596.0 19025.0 4.0 64942.0 21463.0 19.0 50.0 0.0 0.0 221640.0 110205.0 18083.0 196.0 191.0 94.0 47.0 265.0 0.0 0.0 0.0 0.0 0.0 0.0 0.0 0.0 0.0 0.0 0.0 0.0 0.0
5625.0 19294.0 9.0 65864.0 21768.0 13.0 81.0 0.0 0.0 224142.0 110953.5 17927.0 238.0 276.0 120.0 46.0 198.0 0.0 0.0 0.0 0.0 0.0 0.0 0.0 0.0 0.0 0.0 0.0 0.0 0.0
5565.0 18867.0 11.0 63511.0 21182.0 19.0 115.0 1.0 0.0 213198.0 106361.5 17431.0 360.0 400.0 235.0 35.0 256.0 1.0 0.0 13.0 0.0 2.0 0.0 0.0 0.0 0.0 0.0 0.0 0.0 0.0
5628.0 19474.0 12.0 67308.0 22343.0 16.0 126.0 0.0 0.0 230974.0 115681.5 18771.0 421.0 453.0 216.0 55.0 235.0 0.0 0.0 0.0 0.0 2.0 0.0 0.0 0.0 0.0 0.0 0.0 0.0 0.0
5583.0 18895.0 6.0 63701.0 20960.0 18.0 66.0 0.0 0.0 213772.0 105961.0 16861.0 236.0 225.0 117.0 50.0 224.0 0.0 0.0 0.0 0.0 0.0 0.0 0.0 0.0 0.0 0.0 0.0 0.0 0.0
5557.0 18829.0 9.0 63302.0 21210.0 15.0 89.0 0.0 0.0 212792.0 106166.0 17789.0 284.0 318.0 134.0 41.0 198.0 0.0 0.0 0.0 0.0 0.0 0.0 0.0 0.0 0.0 0.0 0.0 0.0 0.0
5508.0 18429.0 6.0 61361.0 20431.0 22.0 64.0 0.0 0.0 203504.0 101047.0 16857.0 217.0 183.0 96.0 34.0 288.0 0.0 0.0 0.0 0.0 0.0 0.0 0.0 0.0 0.0 0.0 0.0 0.0 0.0
5690.0 19735.0 7.0 68624.0 22788.0 13.0 71.0 0.0 0.0 238271.0 119430.0 19763.0 261.0 267.0 129.0 65.0 186.0 0.0 0.0 0.0 0.0 0.0 0.0 0.0 0.0 0.0 0.0 0.0 0.0 0.0
5780.0 20389.0 15.0 72214.0 23956.0 22.0 171.0 0.0 0.0 255509.0 127419.0 21316.0 626.0 625.0 339.0 50.0 309.0 0.0 0.0 0.0 0.0 2.0 0.0 0.0 0.0 0.0 0.0 0.0 0.0 0.0
5735.0 19988.0 5.0 69617.0 23312.0 22.0 62.0 0.0 0.0 242602.0 121476.5 20597.0 274.0 243.0 120.0 56.0 297.0 0.0 0.0 0.0 0.0 0.0 0.0 0.0 0.0 0.0 0.0 0.0 0.0 0.0
5658.0 19358.0 5.0 66582.0 21814.0 14.0 59.0 0.0 0.0 227731.0 113471.0 18417.0 234.0 178.0 110.0 51.0 210.0 0.0 0.0 0.0 0.0 0.0 0.0 0.0 0.0 0.0 0.0 0.0 0.0 0.0
5695.0 19737.0 9.0 68082.0 22814.0 13.0 101.0 1.0 0.0 234479.0 117460.0 19887.0 375.0 335.0 248.0 50.0 176.0 11.0 0.0 12.0 0.0 2.0 0.0 0.0 0.0 0.0 0.0 0.0 0.0 0.0
5585.0 18990.0 5.0 64779.0 21576.0 17.0 49.0 0.0 0.0 220439.0 111075.0 18687.0 152.0 179.0 78.0 56.0 254.0 0.0 0.0 0.0 0.0 0.0 0.0 0.0 0.0 0.0 0.0 0.0 0.0 0.0
5720.0 20053.0 7.0 70081.0 23950.0 21.0 63.0 0.0 0.0 243930.0 125470.5 22805.0 190.0 218.0 89.0 50.0 275.0 0.0 0.0 0.0 0.0 0.0 0.0 0.0 0.0 0.0 0.0 0.0 0.0 0.0
5636.0 19453.0 4.0 66842.0 22736.0 10.0 45.0 0.0 0.0 229508.0 116590.5 20562.0 160.0 165.0 75.0 45.0 104.0 0.0 0.0 0.0 0.0 0.0 0.0 0.0 0.0 0.0 0.0 0.0 0.0 0.0
5758.0 20052.0 8.0 69341.0 22773.0 29.0 74.0 0.0 0.0 239229.0 117191.0 18728.0 210.0 238.0 109.0 60.0 358.0 0.0 0.0 0.0 0.0 0.0 0.0 0.0 0.0 0.0 0.0 0.0 0.0 0.0
5661.0 19645.0 9.0 67994.0 22784.0 16.0 87.0 0.0 0.0 236093.0 118026.5 19875.0 280.0 321.0 132.0 55.0 209.0 0.0 0.0 0.0 0.0 2.0 0.0 0.0 0.0 0.0 0.0 0.0 0.0 0.0
5751.0 20181.0 9.0 70757.0 23643.0 6.0 105.0 0.0 0.0 247972.0 124020.5 21292.0 423.0 371.0 218.0 51.0 86.0 0.0 0.0 0.0 0.0 0.0 0.0 0.0 0.0 0.0 0.0 0.0 0.0 0.0
5771.0 20809.0 5.0 74838.0 25441.0 21.0 52.0 0.0 0.0 268826.0 137017.0 23388.0 169.0 206.0 101.0 66.0 296.0 0.0 0.0 0.0 1.0 0.0 0.0 0.0 0.0 0.0 0.0 0.0 0.0 0.0
5585.0 19040.0 7.0 64679.0 21428.0 14.0 76.0 0.0 0.0 218881.0 109040.5 17795.0 284.0 304.0 134.0 51.0 180.0 0.0 0.0 0.0 0.0 0.0 0.0 0.0 0.0 0.0 0.0 0.0 0.0 0.0
5576.0 18824.0 9.0 63173.0 20923.0 15.0 95.0 0.0 0.0 210712.0 104934.0 16997.0 338.0 305.0 161.0 42.0 203.0 0.0 0.0 0.0 0.0 2.0 0.0 0.0 0.0 0.0 0.0 0.0 0.0 0.0
5680.0 19791.0 6.0 68812.0 23491.0 22.0 63.0 0.0 0.0 239294.0 122151.5 21492.0 246.0 232.0 100.0 51.0 311.0 0.0 0.0 0.0 0.0 2.0 0.0 0.0 0.0 0.0 0.0 0.0 0.0 0.0
5501.0 18435.0 7.0 61417.0 20531.0 14.0 84.0 0.0 0.0 204558.0 102125.0 17183.0 332.0 247.0 160.0 41.0 177.0 0.0 0.0 0.0 0.0 0.0 0.0 0.0 0.0 0.0 0.0 0.0 0.0 0.0
5658.0 19531.0 5.0 67169.0 22457.0 20.0 53.0 0.0 0.0 230533.0 115289.0 19264.0 180.0 173.0 92.0 55.0 288.0 0.0 0.0 0.0 0.0 2.0 0.0 0.0 0.0 0.0 0.0 0.0 0.0 0.0
5632.0 19406.0 3.0 66851.0 22370.0 27.0 27.0 0.0 0.0 230136.0 115488.0 19383.0 69.0 83.0 40.0 43.0 394.0 0.0 0.0 0.0 0.0 0.0 0.0 0.0 0.0 0.0 0.0 0.0 0.0 0.0
5553.0 18834.0 12.0 64454.0 21561.0 15.0 142.0 0.0 0.0 221209.0 112189.0 19094.0 566.0 477.0 292.0 62.0 238.0 0.0 0.0 0.0 0.0 0.0 0.0 0.0 0.0 0.0 0.0 0.0 0.0 0.0
5576.0 18928.0 8.0 63957.0 21132.0 22.0 76.0 0.0 0.0 216098.0 106954.5 17313.0 230.0 266.0 126.0 34.0 271.0 0.0 0.0 0.0 0.0 0.0 0.0 0.0 0.0 0.0 0.0 0.0 0.0 0.0
5620.0 19134.0 12.0 65469.0 21675.0 11.0 98.0 1.0 0.0 223249.0 111451.5 18400.0 284.0 353.0 125.0 45.0 153.0 5.0 0.0 8.0 0.0 0.0 0.0 0.0 0.0 0.0 0.0 0.0 0.0 0.0
5701.0 19893.0 6.0 68978.0 23227.0 10.0 65.0 0.0 0.0 239326.0 120074.5 20386.0 202.0 251.0 125.0 54.0 146.0 0.0 0.0 0.0 0.0 0.0 0.0 0.0 0.0 0.0 0.0 0.0 0.0 0.0
5688.0 19554.0 6.0 66814.0 22464.0 19.0 61.0 0.0 0.0 228152.0 114227.5 19556.0 218.0 209.0 104.0 50.0 245.0 0.0 0.0 0.0 0.0 0.0 0.0 0.0 0.0 0.0 0.0 0.0 0.0 0.0
5744.0 20156.0 3.0 70597.0 23391.0 17.0 39.0 0.0 0.0 247005.0 122289.5 20113.0 168.0 124.0 69.0 57.0 226.0 0.0 0.0 0.0 0.0 0.0 0.0 0.0 0.0 0.0 0.0 0.0 0.0 0.0
5688.0 19715.0 8.0 68000.0 22611.0 18.0 84.0 0.0 0.0 234324.0 116054.0 19314.0 280.0 291.0 145.0 45.0 240.0 0.0 0.0 0.0 1.0 2.0 0.0 0.0 0.0 0.0 0.0 0.0 0.0 0.0
5649.0 19381.0 2.0 66569.0 22083.0 16.0 18.0 0.0 0.0 227644.0 113725.5 18838.0 52.0 75.0 21.0 57.0 210.0 0.0 0.0 0.0 0.0 0.0 0.0 0.0 0.0 0.0 0.0 0.0 0.0 0.0
5719.0 19856.0 3.0 69030.0 22558.0 14.0 28.0 0.0 0.0 239906.0 117822.5 18521.0 106.0 94.0 43.0 55.0 194.0 0.0 0.0 0.0 0.0 0.0 0.0 0.0 0.0 0.0 0.0 0.0 0.0 0.0
5539.0 18926.0 7.0 64650.0 21842.0 18.0 59.0 0.0 0.0 220231.0 111529.0 19235.0 144.0 196.0 94.0 52.0 235.0 0.0 0.0 0.0 0.0 0.0 0.0 0.0 0.0 0.0 0.0 0.0 0.0 0.0
5661.0 19398.0 8.0 66103.0 21906.0 19.0 69.0 0.0 0.0 224263.0 111322.5 18442.0 204.0 224.0 100.0 55.0 256.0 0.0 0.0 0.0 0.0 0.0 0.0 0.0 0.0 0.0 0.0 0.0 0.0 0.0
5631.0 19453.0 3.0 66265.0 22692.0 16.0 31.0 0.0 0.0 225635.0 114819.0 20001.0 102.0 109.0 49.0 64.0 188.0 0.0 0.0 0.0 0.0 0.0 0.0 0.0 0.0 0.0 0.0 0.0 0.0 0.0
5827.0 20555.0 12.0 72665.0 24048.0 23.0 117.0 0.0 0.0 256003.0 128048.0 21242.0 370.0 411.0 183.0 60.0 322.0 0.0 0.0 0.0 0.0 0.0 0.0 0.0 0.0 0.0 0.0 0.0 0.0 0.0
5576.0 18750.0 8.0 63160.0 21012.0 17.0 84.0 0.0 0.0 212341.0 106372.5 18131.0 308.0 279.0 150.0 40.0 235.0 0.0 0.0 0.0 0.0 0.0 0.0 0.0 0.0 0.0 0.0 0.0 0.0 0.0
5669.0 19918.0 8.0 70304.0 24251.0 13.0 78.0 0.0 0.0 247590.0 129303.0 23804.0 253.0 275.0 130.0 61.0 223.0 0.0 0.0 0.0 0.0 0.0 0.0 0.0 0.0 0.0 0.0 0.0 0.0 0.0
5655.0 19698.0 6.0 68534.0 23200.0 19.0 71.0 0.0 0.0 238907.0 120693.0 20832.0 276.0 250.0 134.0 49.0 241.0 0.0 0.0 0.0 0.0 2.0 0.0 0.0 0.0 0.0 0.0 0.0 0.0 0.0
5613.0 19097.0 9.0 64797.0 21569.0 15.0 98.0 0.0 0.0 218861.0 109605.5 18512.0 354.0 336.0 164.0 36.0 168.0 0.0 0.0 0.0 0.0 0.0 0.0 0.0 0.0 0.0 0.0 0.0 0.0 0.0
5430.0 17978.0 2.0 59345.0 19731.0 16.0 24.0 0.0 0.0 194999.0 97045.5 16145.0 102.0 82.0 46.0 44.0 226.0 0.0 0.0 0.0 0.0 0.0 0.0 0.0 0.0 0.0 0.0 0.0 0.0 0.0
5698.0 19746.0 4.0 68065.0 22772.0 20.0 53.0 1.0 0.0 233845.0 117397.0 19709.0 248.0 174.0 119.0 48.0 273.0 13.0 0.0 9.0 0.0 0.0 0.0 0.0 0.0 0.0 0.0 0.0 0.0 0.0
5693.0 20018.0 3.0 70330.0 23862.0 21.0 32.0 0.0 0.0 246124.0 125739.5 22045.0 120.0 103.0 57.0 48.0 325.0 0.0 0.0 0.0 0.0 0.0 0.0 0.0 0.0 0.0 0.0 0.0 0.0 0.0
5701.0 20056.0 8.0 70731.0 23507.0 8.0 83.0 0.0 0.0 249523.0 125046.5 20627.0 277.0 244.0 125.0 64.0 136.0 0.0 0.0 0.0 0.0 0.0 0.0 0.0 0.0 0.0 0.0 0.0 0.0 0.0
5697.0 19753.0 3.0 68333.0 22756.0 21.0 32.0 0.0 0.0 235125.0 117995.0 19286.0 113.0 110.0 52.0 50.0 315.0 0.0 0.0 0.0 0.0 0.0 0.0 0.0 0.0 0.0 0.0 0.0 0.0 0.0
5505.0 18422.0 4.0 61533.0 20400.0 12.0 47.0 0.0 0.0 205996.0 102114.0 16714.0 180.0 144.0 79.0 35.0 160.0 0.0 0.0 0.0 0.0 0.0 0.0 0.0 0.0 0.0 0.0 0.0 0.0 0.0
5741.0 20333.0 7.0 72148.0 24402.0 18.0 79.0 0.0 0.0 255296.0 130108.5 22376.0 307.0 288.0 151.0 50.0 268.0 0.0 0.0 0.0 0.0 2.0 0.0 0.0 0.0 0.0 0.0 0.0 0.0 0.0
5756.0 20419.0 8.0 72224.0 24560.0 18.0 73.0 0.0 0.0 254209.0 129589.0 22822.0 218.0 241.0 103.0 69.0 270.0 0.0 0.0 0.0 0.0 0.0 0.0 0.0 0.0 0.0 0.0 0.0 0.0 0.0
5659.0 19418.0 6.0 66690.0 22042.0 21.0 69.0 0.0 0.0 228577.0 113642.0 18564.0 246.0 241.0 129.0 58.0 279.0 0.0 0.0 0.0 0.0 0.0 0.0 0.0 0.0 0.0 0.0 0.0 0.0 0.0
5644.0 19588.0 11.0 68004.0 23027.0 18.0 119.0 1.0 0.0 235229.0 120185.5 20530.0 467.0 436.0 210.0 51.0 244.0 9.0 0.0 10.0 0.0 0.0 0.0 0.0 0.0 0.0 0.0 0.0 0.0 0.0
5694.0 19914.0 10.0 69130.0 23428.0 19.0 104.0 0.0 0.0 239833.0 120955.5 20742.0 336.0 322.0 182.0 64.0 261.0 0.0 0.0 0.0 0.0 2.0 0.0 0.0 0.0 0.0 0.0 0.0 0.0 0.0
5658.0 19682.0 4.0 68465.0 23241.0 22.0 45.0 0.0 0.0 237892.0 121037.5 21105.0 172.0 132.0 90.0 48.0 316.0 0.0 0.0 0.0 0.0 0.0 0.0 0.0 0.0 0.0 0.0 0.0 0.0 0.0
5641.0 19375.0 5.0 66349.0 22287.0 19.0 56.0 0.0 0.0 226831.0 114085.0 19573.0 219.0 190.0 100.0 45.0 239.0 0.0 0.0 0.0 0.0 2.0 0.0 0.0 0.0 0.0 0.0 0.0 0.0 0.0
5713.0 20009.0 10.0 69995.0 23488.0 17.0 92.0 0.0 0.0 244428.0 122931.5 20836.0 260.0 327.0 147.0 44.0 228.0 0.0 0.0 0.0 0.0 0.0 0.0 0.0 0.0 0.0 0.0 0.0 0.0 0.0
5427.0 17882.0 8.0 58529.0 19563.0 10.0 77.0 0.0 0.0 191152.0 95590.5 15860.0 239.0 257.0 113.0 38.0 126.0 0.0 0.0 0.0 0.0 0.0 0.0 0.0 0.0 0.0 0.0 0.0 0.0 0.0
5661.0 19646.0 8.0 67804.0 22664.0 17.0 87.0 0.0 0.0 232803.0 116712.5 19414.0 338.0 299.0 153.0 44.0 224.0 0.0 0.0 0.0 0.0 0.0 0.0 0.0 0.0 0.0 0.0 0.0 0.0 0.0
5699.0 19788.0 8.0 68998.0 22906.0 19.0 75.0 0.0 0.0 240544.0 119922.5 20061.0 241.0 267.0 140.0 56.0 261.0 0.0 0.0 0.0 0.0 0.0 0.0 0.0 0.0 0.0 0.0 0.0 0.0 0.0
5793.0 20401.0 9.0 71880.0 24053.0 26.0 109.0 0.0 0.0 252588.0 126750.5 21487.0 438.0 397.0 222.0 50.0 383.0 0.0 0.0 0.0 0.0 2.0 0.0 0.0 0.0 0.0 0.0 0.0 0.0 0.0
5586.0 19024.0 5.0 64969.0 21627.0 23.0 55.0 0.0 0.0 221179.0 111310.5 18321.0 200.0 211.0 79.0 47.0 318.0 0.0 0.0 0.0 0.0 2.0 0.0 0.0 0.0 0.0 0.0 0.0 0.0 0.0
5597.0 19170.0 9.0 65563.0 21878.0 15.0 76.0 0.0 0.0 223278.0 112220.5 18892.0 214.0 268.0 91.0 40.0 201.0 0.0 0.0 0.0 0.0 2.0 0.0 0.0 0.0 0.0 0.0 0.0 0.0 0.0
5704.0 19944.0 9.0 69938.0 23302.0 19.0 99.0 0.0 0.0 245445.0 122925.5 20444.0 368.0 303.0 197.0 66.0 311.0 0.0 0.0 0.0 0.0 0.0 0.0 0.0 0.0 0.0 0.0 0.0 0.0 0.0
5601.0 19014.0 8.0 64599.0 21610.0 17.0 92.0 0.0 0.0 219163.0 110359.5 18679.0 353.0 338.0 168.0 44.0 221.0 0.0 0.0 0.0 0.0 4.0 0.0 0.0 0.0 0.0 0.0 0.0 0.0 0.0
5658.0 19540.0 6.0 67171.0 22457.0 19.0 67.0 0.0 0.0 230895.0 115566.0 19190.0 244.0 228.0 118.0 44.0 256.0 0.0 0.0 0.0 0.0 0.0 0.0 0.0 0.0 0.0 0.0 0.0 0.0 0.0
5567.0 18983.0 7.0 64774.0 21724.0 14.0 71.0 0.0 0.0 221132.0 111138.0 19076.0 237.0 236.0 96.0 49.0 198.0 0.0 0.0 0.0 0.0 0.0 0.0 0.0 0.0 0.0 0.0 0.0 0.0 0.0
5512.0 18761.0 8.0 64331.0 21637.0 22.0 81.0 0.0 0.0 220812.0 112365.0 19249.0 220.0 294.0 167.0 40.0 308.0 0.0 0.0 0.0 0.0 0.0 0.0 0.0 0.0 0.0 0.0 0.0 0.0 0.0
5644.0 19640.0 11.0 68569.0 22955.0 19.0 109.0 0.0 0.0 239468.0 120228.0 20248.0 363.0 388.0 168.0 46.0 273.0 0.0 0.0 0.0 0.0 0.0 0.0 0.0 0.0 0.0 0.0 0.0 0.0 0.0
5632.0 19187.0 6.0 65361.0 21624.0 13.0 62.0 0.0 0.0 221630.0 110943.0 18111.0 256.0 231.0 116.0 52.0 182.0 0.0 0.0 0.0 0.0 0.0 0.0 0.0 0.0 0.0 0.0 0.0 0.0 0.0
5690.0 19618.0 3.0 67448.0 22205.0 19.0 27.0 0.0 0.0 231335.0 114399.0 18487.0 73.0 82.0 35.0 60.0 260.0 0.0 0.0 0.0 0.0 0.0 0.0 0.0 0.0 0.0 0.0 0.0 0.0 0.0
5607.0 19325.0 12.0 66436.0 22084.0 19.0 124.0 0.0 0.0 228213.0 113464.5 18667.0 446.0 400.0 207.0 46.0 226.0 0.0 0.0 0.0 0.0 0.0 0.0 0.0 0.0 0.0 0.0 0.0 0.0 0.0
5704.0 19881.0 9.0 69297.0 23203.0 21.0 85.0 0.0 0.0 241053.0 121645.5 20487.0 251.0 308.0 126.0 50.0 263.0 0.0 0.0 0.0 0.0 0.0 0.0 0.0 0.0 0.0 0.0 0.0 0.0 0.0
5653.0 19511.0 7.0 67017.0 22416.0 14.0 52.0 0.0 0.0 229808.0 115449.0 19435.0 117.0 153.0 63.0 49.0 194.0 0.0 0.0 0.0 0.0 0.0 0.0 0.0 0.0 0.0 0.0 0.0 0.0 0.0
5607.0 19346.0 5.0 66968.0 22477.0 26.0 52.0 0.0 0.0 231476.0 117048.5 19723.0 178.0 184.0 92.0 55.0 367.0 0.0 0.0 0.0 0.0 0.0 0.0 0.0 0.0 0.0 0.0 0.0 0.0 0.0
5646.0 19467.0 12.0 67077.0 22352.0 19.0 141.0 1.0 0.0 230581.0 115728.0 19235.0 567.0 471.0 282.0 60.0 270.0 7.0 0.0 7.0 0.0 2.0 0.0 0.0 0.0 0.0 0.0 0.0 0.0 0.0
5589.0 18994.0 6.0 64308.0 21478.0 22.0 58.0 0.0 0.0 217320.0 108856.0 18285.0 191.0 206.0 90.0 37.0 315.0 0.0 0.0 0.0 0.0 2.0 0.0 0.0 0.0 0.0 0.0 0.0 0.0 0.0
5749.0 20260.0 7.0 70954.0 23826.0 18.0 71.0 0.0 0.0 248338.0 124741.0 20984.0 222.0 237.0 118.0 37.0 240.0 0.0 0.0 0.0 0.0 0.0 0.0 0.0 0.0 0.0 0.0 0.0 0.0 0.0
5679.0 19743.0 9.0 68744.0 23182.0 18.0 115.0 0.0 0.0 238780.0 121090.5 20877.0 490.0 367.0 218.0 58.0 255.0 0.0 0.0 0.0 0.0 0.0 0.0 0.0 0.0 0.0 0.0 0.0 0.0 0.0
5639.0 19355.0 7.0 66273.0 22122.0 15.0 70.0 0.0 0.0 226937.0 113048.0 19112.0 223.0 239.0 115.0 36.0 237.0 0.0 0.0 0.0 0.0 0.0 0.0 0.0 0.0 0.0 0.0 0.0 0.0 0.0
5610.0 19381.0 10.0 66636.0 22899.0 29.0 93.0 0.0 0.0 228481.0 117433.0 21073.0 282.0 304.0 137.0 49.0 418.0 0.0 0.0 0.0 0.0 2.0 0.0 0.0 0.0 0.0 0.0 0.0 0.0 0.0
5754.0 20187.0 9.0 70581.0 23400.0 23.0 99.0 0.0 0.0 246275.0 122237.0 19916.0 340.0 351.0 186.0 52.0 358.0 0.0 0.0 0.0 0.0 0.0 0.0 0.0 0.0 0.0 0.0 0.0 0.0 0.0
5600.0 19159.0 8.0 65226.0 21797.0 20.0 84.0 0.0 0.0 221762.0 110802.0 18520.0 292.0 273.0 150.0 38.0 286.0 0.0 0.0 0.0 0.0 0.0 0.0 0.0 0.0 0.0 0.0 0.0 0.0 0.0
5873.0 21150.0 12.0 75932.0 25918.0 23.0 149.0 0.0 0.0 271710.0 138960.0 24656.0 580.0 484.0 308.0 63.0 335.0 0.0 0.0 0.0 0.0 2.0 0.0 0.0 0.0 0.0 0.0 0.0 0.0 0.0
5733.0 20029.0 8.0 69597.0 22769.0 17.0 86.0 0.0 0.0 241014.0 118362.5 18632.0 303.0 287.0 140.0 39.0 231.0 0.0 0.0 0.0 0.0 0.0 0.0 0.0 0.0 0.0 0.0 0.0 0.0 0.0
5645.0 19409.0 5.0 66673.0 22149.0 20.0 47.0 0.0 0.0 227725.0 113940.5 18860.0 150.0 163.0 76.0 48.0 241.0 0.0 0.0 0.0 0.0 0.0 0.0 0.0 0.0 0.0 0.0 0.0 0.0 0.0
5809.0 20527.0 7.0 72086.0 23884.0 24.0 53.0 0.0 0.0 252485.0 125175.0 20567.0 164.0 199.0 62.0 58.0 343.0 0.0 0.0 0.0 0.0 0.0 0.0 0.0 0.0 0.0 0.0 0.0 0.0 0.0
5667.0 19798.0 2.0 69399.0 23253.0 15.0 20.0 0.0 0.0 244052.0 122434.5 20489.0 60.0 57.0 34.0 62.0 211.0 0.0 0.0 0.0 0.0 0.0 0.0 0.0 0.0 0.0 0.0 0.0 0.0 0.0
5605.0 19355.0 8.0 66834.0 22547.0 16.0 91.0 1.0 0.0 230599.0 116786.0 19876.0 336.0 294.0 150.0 53.0 237.0 7.0 0.0 4.0 0.0 0.0 0.0 0.0 0.0 0.0 0.0 0.0 0.0 0.0
5621.0 19326.0 7.0 66050.0 21956.0 18.0 78.0 0.0 0.0 225162.0 111735.5 18292.0 271.0 272.0 142.0 57.0 260.0 0.0 0.0 0.0 0.0 0.0 0.0 0.0 0.0 0.0 0.0 0.0 0.0 0.0
5812.0 20751.0 13.0 73948.0 25107.0 14.0 147.0 0.0 0.0 263565.0 134004.0 23649.0 529.0 531.0 268.0 55.0 215.0 0.0 0.0 0.0 0.0 2.0 0.0 0.0 0.0 0.0 0.0 0.0 0.0 0.0
5702.0 19812.0 3.0 68626.0 22898.0 18.0 36.0 0.0 0.0 237564.0 118607.5 19868.0 138.0 128.0 64.0 48.0 275.0 0.0 0.0 0.0 0.0 0.0 0.0 0.0 0.0 0.0 0.0 0.0 0.0 0.0
5591.0 18969.0 7.0 64553.0 21321.0 12.0 56.0 0.0 0.0 220221.0 108945.5 17898.0 133.0 201.0 91.0 41.0 155.0 0.0 0.0 0.0 0.0 0.0 0.0 0.0 0.0 0.0 0.0 0.0 0.0 0.0
5597.0 19080.0 7.0 64869.0 21794.0 17.0 66.0 0.0 0.0 219751.0 110909.5 18997.0 195.0 219.0 91.0 43.0 224.0 0.0 0.0 0.0 0.0 2.0 0.0 0.0 0.0 0.0 0.0 0.0 0.0 0.0
5591.0 18730.0 4.0 62734.0 20619.0 14.0 37.0 0.0 0.0 209811.0 103657.5 16954.0 114.0 142.0 57.0 50.0 216.0 0.0 0.0 0.0 0.0 0.0 0.0 0.0 0.0 0.0 0.0 0.0 0.0 0.0
5693.0 19998.0 8.0 70406.0 23667.0 23.0 94.0 0.0 0.0 247768.0 125184.5 21100.0 357.0 342.0 179.0 51.0 340.0 0.0 0.0 0.0 0.0 2.0 0.0 0.0 0.0 0.0 0.0 0.0 0.0 0.0
5606.0 19361.0 4.0 67069.0 22458.0 21.0 29.0 0.0 0.0 231138.0 116587.0 19403.0 91.0 104.0 40.0 67.0 284.0 0.0 0.0 0.0 0.0 0.0 0.0 0.0 0.0 0.0 0.0 0.0 0.0 0.0
5609.0 19354.0 7.0 66529.0 22410.0 20.0 80.0 0.0 0.0 228397.0 115155.5 19478.0 307.0 243.0 152.0 39.0 267.0 0.0 0.0 0.0 0.0 2.0 0.0 0.0 0.0 0.0 0.0 0.0 0.0 0.0
5578.0 19161.0 8.0 65655.0 22301.0 12.0 84.0 0.0 0.0 223689.0 114609.5 20019.0 275.0 290.0 181.0 44.0 170.0 0.0 0.0 0.0 0.0 2.0 0.0 0.0 0.0 0.0 0.0 0.0 0.0 0.0
5682.0 19525.0 8.0 66786.0 22158.0 23.0 82.0 0.0 0.0 228310.0 113218.0 18885.0 336.0 301.0 176.0 46.0 276.0 0.0 0.0 0.0 0.0 0.0 0.0 0.0 0.0 0.0 0.0 0.0 0.0 0.0
5694.0 19699.0 4.0 67915.0 22482.0 18.0 32.0 0.0 0.0 233983.0 115348.0 18986.0 88.0 96.0 41.0 47.0 245.0 0.0 0.0 0.0 0.0 0.0 0.0 0.0 0.0 0.0 0.0 0.0 0.0 0.0
5732.0 19922.0 6.0 69251.0 23075.0 14.0 60.0 0.0 0.0 241371.0 120782.0 20028.0 194.0 203.0 87.0 51.0 198.0 0.0 0.0 0.0 0.0 0.0 0.0 0.0 0.0 0.0 0.0 0.0 0.0 0.0
5587.0 19062.0 7.0 64650.0 21839.0 17.0 80.0 1.0 0.0 219320.0 110347.5 18900.0 317.0 263.0 144.0 45.0 238.0 7.0 0.0 8.0 0.0 0.0 0.0 0.0 0.0 0.0 0.0 0.0 0.0 0.0
5527.0 18470.0 7.0 61269.0 20254.0 17.0 81.0 0.0 0.0 202781.0 100420.5 16395.0 289.0 271.0 162.0 44.0 234.0 0.0 0.0 0.0 0.0 2.0 0.0 0.0 0.0 0.0 0.0 0.0 0.0 0.0
5705.0 19814.0 9.0 68785.0 22925.0 23.0 86.0 0.0 0.0 239057.0 119323.5 20327.0 261.0 305.0 119.0 46.0 317.0 0.0 0.0 0.0 0.0 2.0 0.0 0.0 0.0 0.0 0.0 0.0 0.0 0.0
5639.0 19422.0 4.0 67161.0 22323.0 13.0 32.0 0.0 0.0 231869.0 116409.5 19356.0 81.0 104.0 38.0 60.0 173.0 0.0 0.0 0.0 0.0 0.0 0.0 0.0 0.0 0.0 0.0 0.0 0.0 0.0
5613.0 19063.0 10.0 64176.0 21590.0 14.0 86.0 0.0 0.0 215972.0 107640.0 18555.0 218.0 303.0 116.0 38.0 175.0 0.0 0.0 0.0 0.0 0.0 0.0 0.0 0.0 0.0 0.0 0.0 0.0 0.0
5685.0 19949.0 1.0 69728.0 23588.0 20.0 8.0 0.0 0.0 243443.0 123064.0 21111.0 19.0 26.0 9.0 43.0 283.0 0.0 0.0 0.0 0.0 0.0 0.0 0.0 0.0 0.0 0.0 0.0 0.0 0.0
5706.0 19911.0 9.0 68990.0 23134.0 17.0 89.0 0.0 0.0 238069.0 119084.0 20102.0 268.0 299.0 138.0 48.0 229.0 0.0 0.0 0.0 0.0 0.0 0.0 0.0 0.0 0.0 0.0 0.0 0.0 0.0
5581.0 19144.0 5.0 65509.0 22112.0 10.0 40.0 0.0 0.0 222736.0 112963.5 19498.0 95.0 133.0 54.0 60.0 134.0 0.0 0.0 0.0 0.0 0.0 0.0 0.0 0.0 0.0 0.0 0.0 0.0 0.0
5747.0 19926.0 6.0 69049.0 22548.0 15.0 67.0 0.0 0.0 239334.0 117118.0 18583.0 240.0 252.0 128.0 44.0 195.0 0.0 0.0 0.0 0.0 0.0 0.0 0.0 0.0 0.0 0.0 0.0 0.0 0.0
5612.0 19016.0 13.0 64738.0 21215.0 24.0 141.0 0.0 0.0 219352.0 108641.0 17653.0 534.0 446.0 243.0 47.0 303.0 0.0 0.0 0.0 0.0 2.0 0.0 0.0 0.0 0.0 0.0 0.0 0.0 0.0
5598.0 19474.0 5.0 67996.0 22812.0 24.0 59.0 0.0 0.0 236117.0 119659.0 20233.0 213.0 232.0 111.0 49.0 323.0 0.0 0.0 0.0 0.0 0.0 0.0 0.0 0.0 0.0 0.0 0.0 0.0 0.0
5642.0 19672.0 7.0 68434.0 22718.0 26.0 84.0 0.0 0.0 237931.0 117942.5 19109.0 326.0 282.0 152.0 56.0 373.0 0.0 0.0 0.0 0.0 0.0 0.0 0.0 0.0 0.0 0.0 0.0 0.0 0.0
5631.0 19328.0 6.0 66466.0 21818.0 13.0 61.0 0.0 0.0 228564.0 112517.5 17977.0 206.0 200.0 93.0 46.0 221.0 0.0 0.0 0.0 0.0 4.0 0.0 0.0 0.0 0.0 0.0 0.0 0.0 0.0
5611.0 19437.0 8.0 66759.0 22846.0 29.0 74.0 0.0 0.0 230046.0 116717.5 20555.0 219.0 263.0 123.0 37.0 397.0 0.0 0.0 0.0 0.0 2.0 0.0 0.0 0.0 0.0 0.0 0.0 0.0 0.0
5572.0 18898.0 7.0 64119.0 21307.0 18.0 64.0 1.0 0.0 217187.0 108417.5 17862.0 199.0 226.0 108.0 38.0 268.0 8.0 0.0 10.0 0.0 2.0 0.0 0.0 0.0 0.0 0.0 0.0 0.0 0.0
5644.0 19300.0 10.0 65947.0 21748.0 22.0 86.0 0.0 0.0 224678.0 111281.5 18031.0 234.0 326.0 133.0 52.0 316.0 0.0 0.0 0.0 0.0 2.0 0.0 0.0 0.0 0.0 0.0 0.0 0.0 0.0
5703.0 19760.0 10.0 68351.0 22674.0 21.0 107.0 0.0 0.0 236201.0 117116.5 19235.0 371.0 400.0 179.0 44.0 277.0 0.0 0.0 0.0 0.0 0.0 0.0 0.0 0.0 0.0 0.0 0.0 0.0 0.0
5544.0 18509.0 10.0 61968.0 20043.0 12.0 99.0 0.0 0.0 207518.0 100826.0 15548.0 324.0 311.0 149.0 40.0 141.0 0.0 1.0 0.0 0.0 0.0 0.0 0.0 0.0 0.0 0.0 0.0 0.0 0.0
5674.0 19618.0 6.0 67401.0 22533.0 19.0 73.0 0.0 0.0 231228.0 115290.0 19141.0 268.0 266.0 161.0 51.0 260.0 0.0 0.0 0.0 0.0 0.0 0.0 0.0 0.0 0.0 0.0 0.0 0.0 0.0
5633.0 19163.0 9.0 64893.0 21450.0 19.0 112.0 0.0 0.0 220402.0 108483.0 17731.0 478.0 366.0 234.0 41.0 280.0 0.0 0.0 0.0 0.0 0.0 0.0 0.0 0.0 0.0 0.0 0.0 0.0 0.0
5595.0 19075.0 4.0 64894.0 21373.0 18.0 50.0 0.0 0.0 219882.0 108832.0 17599.0 209.0 172.0 101.0 43.0 235.0 0.0 0.0 0.0 0.0 0.0 0.0 0.0 0.0 0.0 0.0 0.0 0.0 0.0
5563.0 19002.0 5.0 65037.0 21681.0 15.0 59.0 0.0 0.0 222019.0 111311.0 18585.0 233.0 195.0 131.0 46.0 226.0 0.0 0.0 0.0 0.0 0.0 0.0 0.0 0.0 0.0 0.0 0.0 0.0 0.0
5678.0 19534.0 5.0 66928.0 22022.0 14.0 52.0 0.0 0.0 229184.0 112575.5 18129.0 174.0 190.0 79.0 43.0 169.0 0.0 0.0 0.0 0.0 0.0 0.0 0.0 0.0 0.0 0.0 0.0 0.0 0.0
5508.0 18515.0 7.0 62151.0 20753.0 12.0 68.0 0.0 0.0 208152.0 104543.5 17553.0 216.0 235.0 88.0 37.0 167.0 0.0 0.0 0.0 0.0 0.0 0.0 0.0 0.0 0.0 0.0 0.0 0.0 0.0
5586.0 18892.0 4.0 64232.0 21172.0 14.0 42.0 0.0 0.0 217684.0 108073.0 17777.0 134.0 128.0 76.0 49.0 195.0 0.0 0.0 0.0 0.0 0.0 0.0 0.0 0.0 0.0 0.0 0.0 0.0 0.0
5671.0 19224.0 5.0 64971.0 21200.0 26.0 43.0 0.0 0.0 218842.0 107243.0 17056.0 121.0 162.0 62.0 44.0 338.0 0.0 0.0 0.0 0.0 2.0 0.0 0.0 0.0 0.0 0.0 0.0 0.0 0.0
5576.0 18783.0 6.0 63288.0 20899.0 11.0 65.0 0.0 0.0 213267.0 105833.5 17298.0 231.0 214.0 97.0 38.0 140.0 0.0 1.0 0.0 0.0 0.0 0.0 0.0 0.0 0.0 0.0 0.0 0.0 0.0
5595.0 18995.0 7.0 64347.0 21429.0 25.0 56.0 0.0 0.0 218528.0 108778.0 18313.0 136.0 195.0 85.0 42.0 341.0 0.0 0.0 0.0 0.0 0.0 0.0 0.0 0.0 0.0 0.0 0.0 0.0 0.0
5655.0 19371.0 10.0 66390.0 22095.0 10.0 96.0 1.0 0.0 227610.0 113759.5 18740.0 294.0 325.0 136.0 52.0 140.0 6.0 0.0 5.0 0.0 0.0 0.0 0.0 0.0 0.0 0.0 0.0 0.0 0.0
5605.0 19236.0 13.0 66257.0 22144.0 15.0 115.0 0.0 0.0 227827.0 114767.5 19091.0 312.0 414.0 163.0 56.0 207.0 0.0 0.0 0.0 0.0 0.0 0.0 0.0 0.0 0.0 0.0 0.0 0.0 0.0
5536.0 18714.0 2.0 63193.0 21246.0 16.0 18.0 0.0 0.0 213228.0 106977.5 18280.0 52.0 52.0 29.0 43.0 203.0 0.0 0.0 0.0 0.0 0.0 0.0 0.0 0.0 0.0 0.0 0.0 0.0 0.0
5640.0 19423.0 7.0 66434.0 22311.0 13.0 67.0 0.0 0.0 227094.0 113314.5 19033.0 213.0 210.0 109.0 46.0 196.0 0.0 0.0 0.0 0.0 0.0 0.0 0.0 0.0 0.0 0.0 0.0 0.0 0.0
5706.0 19858.0 7.0 69197.0 22940.0 22.0 61.0 0.0 0.0 241135.0 119741.0 19477.0 185.0 222.0 81.0 55.0 300.0 0.0 0.0 0.0 0.0 2.0 0.0 0.0 0.0 0.0 0.0 0.0 0.0 0.0
5617.0 18989.0 10.0 63985.0 21059.0 10.0 90.0 0.0 0.0 215452.0 106001.5 17270.0 258.0 330.0 123.0 37.0 133.0 0.0 0.0 0.0 0.0 0.0 0.0 0.0 0.0 0.0 0.0 0.0 0.0 0.0
5606.0 19131.0 5.0 65132.0 21549.0 30.0 50.0 0.0 0.0 221486.0 109615.5 17909.0 163.0 167.0 85.0 49.0 376.0 0.0 0.0 0.0 0.0 0.0 0.0 0.0 0.0 0.0 0.0 0.0 0.0 0.0
5520.0 18513.0 4.0 62225.0 20468.0 14.0 29.0 0.0 0.0 209144.0 103208.0 16959.0 65.0 83.0 28.0 48.0 176.0 0.0 0.0 0.0 0.0 0.0 0.0 0.0 0.0 0.0 0.0 0.0 0.0 0.0
5593.0 18907.0 9.0 64025.0 21108.0 10.0 97.0 0.0 0.0 216788.0 107753.5 17668.0 340.0 350.0 181.0 50.0 151.0 0.0 0.0 0.0 0.0 0.0 0.0 0.0 0.0 0.0 0.0 0.0 0.0 0.0
5702.0 19766.0 7.0 68603.0 22615.0 18.0 72.0 0.0 0.0 237699.0 117797.0 19285.0 257.0 255.0 106.0 44.0 239.0 0.0 0.0 0.0 0.0 0.0 0.0 0.0 0.0 0.0 0.0 0.0 0.0 0.0
5679.0 19809.0 8.0 68929.0 23120.0 14.0 72.0 0.0 0.0 239155.0 120344.0 20065.0 204.0 260.0 116.0 48.0 178.0 0.0 0.0 0.0 0.0 2.0 0.0 0.0 0.0 0.0 0.0 0.0 0.0 0.0
5670.0 19644.0 8.0 67945.0 22548.0 18.0 91.0 0.0 0.0 234553.0 116794.0 19164.0 341.0 301.0 177.0 42.0 258.0 0.0 0.0 0.0 0.0 0.0 0.0 0.0 0.0 0.0 0.0 0.0 0.0 0.0
5679.0 19910.0 11.0 69886.0 23611.0 17.0 126.0 0.0 0.0 244562.0 124269.0 21270.0 497.0 437.0 231.0 55.0 226.0 0.0 0.0 0.0 0.0 4.0 0.0 0.0 0.0 0.0 0.0 0.0 0.0 0.0
5665.0 19667.0 5.0 68355.0 22879.0 19.0 46.0 0.0 0.0 236651.0 119494.0 20136.0 133.0 174.0 75.0 52.0 260.0 0.0 0.0 0.0 0.0 0.0 0.0 0.0 0.0 0.0 0.0 0.0 0.0 0.0
5648.0 19410.0 10.0 66995.0 21922.0 17.0 106.0 0.0 0.0 230370.0 113732.5 18130.0 384.0 353.0 174.0 48.0 241.0 0.0 0.0 0.0 0.0 0.0 0.0 0.0 0.0 0.0 0.0 0.0 0.0 0.0
5516.0 18486.0 9.0 61897.0 20377.0 12.0 92.0 0.0 0.0 206676.0 102510.0 16614.0 315.0 306.0 152.0 33.0 169.0 0.0 0.0 0.0 0.0 2.0 0.0 0.0 0.0 0.0 0.0 0.0 0.0 0.0
5646.0 19478.0 6.0 67292.0 22460.0 12.0 79.0 0.0 0.0 231644.0 116581.0 19454.0 353.0 300.0 161.0 44.0 167.0 0.0 0.0 0.0 0.0 0.0 0.0 0.0 0.0 0.0 0.0 0.0 0.0 0.0
5714.0 19970.0 5.0 69458.0 23334.0 15.0 62.0 0.0 0.0 241285.0 121275.5 20458.0 239.0 218.0 125.0 49.0 202.0 0.0 0.0 0.0 0.0 0.0 0.0 0.0 0.0 0.0 0.0 0.0 0.0 0.0
5594.0 19077.0 13.0 65361.0 21786.0 17.0 133.0 1.0 0.0 224158.0 112812.0 18905.0 443.0 471.0 217.0 58.0 197.0 6.0 0.0 6.0 0.0 2.0 0.0 0.0 0.0 0.0 0.0 0.0 0.0 0.0
5628.0 19071.0 7.0 64606.0 21099.0 12.0 54.0 0.0 0.0 218810.0 107221.5 17000.0 147.0 193.0 63.0 55.0 145.0 0.0 0.0 0.0 0.0 0.0 0.0 0.0 0.0 0.0 0.0 0.0 0.0 0.0
5545.0 18843.0 3.0 63980.0 21110.0 15.0 33.0 0.0 0.0 217049.0 107243.5 17173.0 115.0 95.0 52.0 34.0 200.0 0.0 0.0 0.0 0.0 2.0 0.0 0.0 0.0 0.0 0.0 0.0 0.0 0.0
5503.0 18589.0 6.0 62124.0 21040.0 16.0 66.0 0.0 0.0 207671.0 104469.5 17851.0 218.0 239.0 124.0 45.0 195.0 0.0 1.0 0.0 0.0 2.0 0.0 0.0 0.0 0.0 0.0 0.0 0.0 0.0
5641.0 19173.0 6.0 65023.0 21613.0 15.0 59.0 0.0 0.0 219586.0 109929.0 18121.0 187.0 180.0 94.0 45.0 188.0 0.0 0.0 0.0 0.0 2.0 0.0 0.0 0.0 0.0 0.0 0.0 0.0 0.0
5686.0 19735.0 9.0 68418.0 23003.0 21.0 97.0 0.0 0.0 237556.0 119521.0 20559.0 329.0 314.0 180.0 39.0 304.0 0.0 1.0 0.0 0.0 0.0 0.0 0.0 0.0 0.0 0.0 0.0 0.0 0.0
5564.0 19020.0 6.0 64755.0 22005.0 21.0 70.0 0.0 0.0 220613.0 112120.5 19782.0 265.0 215.0 126.0 40.0 302.0 0.0 0.0 0.0 1.0 0.0 0.0 0.0 0.0 0.0 0.0 0.0 0.0 0.0
5807.0 20291.0 4.0 71079.0 23443.0 19.0 45.0 0.0 0.0 248932.0 124057.5 20327.0 189.0 151.0 93.0 53.0 263.0 0.0 0.0 0.0 0.0 0.0 0.0 0.0 0.0 0.0 0.0 0.0 0.0 0.0
5626.0 19169.0 10.0 65406.0 21532.0 19.0 97.0 0.0 0.0 222802.0 110176.5 18012.0 284.0 339.0 152.0 48.0 267.0 0.0 0.0 0.0 0.0 2.0 0.0 0.0 0.0 0.0 0.0 0.0 0.0 0.0
5731.0 20044.0 11.0 69770.0 23352.0 25.0 110.0 0.0 0.0 241967.0 121688.5 20310.0 399.0 396.0 176.0 41.0 322.0 0.0 0.0 0.0 0.0 0.0 0.0 0.0 0.0 0.0 0.0 0.0 0.0 0.0
5591.0 18934.0 6.0 63707.0 21097.0 12.0 70.0 0.0 0.0 213172.0 105409.0 17330.0 248.0 240.0 145.0 49.0 149.0 0.0 0.0 0.0 0.0 0.0 0.0 0.0 0.0 0.0 0.0 0.0 0.0 0.0
5796.0 20391.0 4.0 71531.0 23694.0 16.0 49.0 0.0 0.0 250342.0 124540.5 20434.0 215.0 177.0 103.0 61.0 205.0 0.0 0.0 0.0 0.0 0.0 0.0 0.0 0.0 0.0 0.0 0.0 0.0 0.0
5540.0 18620.0 6.0 62819.0 20591.0 15.0 59.0 0.0 0.0 211620.0 104868.0 16702.0 201.0 204.0 87.0 43.0 199.0 0.0 0.0 0.0 0.0 2.0 0.0 0.0 0.0 0.0 0.0 0.0 0.0 0.0
5734.0 20093.0 13.0 70139.0 23538.0 16.0 134.0 0.0 0.0 244857.0 122466.0 20766.0 438.0 478.0 251.0 68.0 230.0 0.0 0.0 0.0 0.0 2.0 0.0 0.0 0.0 0.0 0.0 0.0 0.0 0.0
5546.0 18703.0 3.0 62836.0 20852.0 9.0 32.0 0.0 0.0 210707.0 104512.5 17186.0 98.0 106.0 63.0 37.0 125.0 0.0 0.0 0.0 0.0 0.0 0.0 0.0 0.0 0.0 0.0 0.0 0.0 0.0
5690.0 19759.0 8.0 68437.0 22946.0 16.0 102.0 0.0 0.0 236327.0 118891.0 20070.0 452.0 387.0 215.0 45.0 218.0 0.0 0.0 0.0 0.0 0.0 0.0 0.0 0.0 0.0 0.0 0.0 0.0 0.0
5708.0 19947.0 9.0 69152.0 23050.0 14.0 89.0 0.0 0.0 240206.0 118940.5 19595.0 275.0 313.0 137.0 56.0 177.0 0.0 0.0 0.0 0.0 0.0 0.0 0.0 0.0 0.0 0.0 0.0 0.0 0.0
5642.0 19647.0 4.0 68326.0 23100.0 24.0 38.0 0.0 0.0 236838.0 120279.0 20958.0 132.0 136.0 55.0 55.0 352.0 0.0 0.0 0.0 0.0 0.0 0.0 0.0 0.0 0.0 0.0 0.0 0.0 0.0
5605.0 19265.0 8.0 66206.0 22131.0 23.0 78.0 0.0 0.0 226371.0 114186.0 19038.0 303.0 288.0 140.0 36.0 294.0 0.0 0.0 0.0 0.0 0.0 0.0 0.0 0.0 0.0 0.0 0.0 0.0 0.0
5668.0 19626.0 7.0 67908.0 22771.0 11.0 86.0 0.0 0.0 234649.0 118299.0 19774.0 335.0 293.0 175.0 51.0 153.0 0.0 0.0 0.0 0.0 0.0 0.0 0.0 0.0 0.0 0.0 0.0 0.0 0.0
5724.0 20107.0 7.0 70454.0 23510.0 18.0 75.0 0.0 0.0 246392.0 123510.0 20236.0 271.0 270.0 129.0 48.0 236.0 0.0 0.0 0.0 0.0 0.0 0.0 0.0 0.0 0.0 0.0 0.0 0.0 0.0
5541.0 18660.0 2.0 62742.0 20628.0 15.0 28.0 0.0 0.0 210135.0 103670.5 16713.0 123.0 86.0 59.0 40.0 178.0 0.0 0.0 0.0 0.0 0.0 0.0 0.0 0.0 0.0 0.0 0.0 0.0 0.0
5665.0 19347.0 7.0 65722.0 21659.0 14.0 60.0 0.0 0.0 222516.0 109874.0 17638.0 178.0 212.0 80.0 47.0 213.0 0.0 0.0 0.0 0.0 0.0 0.0 0.0 0.0 0.0 0.0 0.0 0.0 0.0
5786.0 20603.0 9.0 73366.0 24766.0 20.0 79.0 0.0 0.0 260595.0 131703.5 22836.0 230.0 248.0 110.0 57.0 289.0 0.0 0.0 0.0 0.0 0.0 0.0 0.0 0.0 0.0 0.0 0.0 0.0 0.0
5675.0 19803.0 4.0 69114.0 23113.0 15.0 41.0 0.0 0.0 239717.0 121229.5 20384.0 143.0 165.0 59.0 43.0 206.0 0.0 0.0 0.0 0.0 2.0 0.0 0.0 0.0 0.0 0.0 0.0 0.0 0.0
5607.0 19189.0 6.0 65603.0 22005.0 14.0 70.0 0.0 0.0 224697.0 113291.0 19304.0 259.0 221.0 168.0 54.0 211.0 0.0 0.0 0.0 0.0 0.0 0.0 0.0 0.0 0.0 0.0 0.0 0.0 0.0
5601.0 19244.0 7.0 66342.0 22109.0 17.0 68.0 0.0 0.0 227922.0 114824.5 18985.0 175.0 251.0 152.0 43.0 240.0 0.0 0.0 0.0 0.0 2.0 0.0 0.0 0.0 0.0 0.0 0.0 0.0 0.0
5601.0 19116.0 8.0 65042.0 21838.0 12.0 92.0 0.0 0.0 221041.0 110528.5 18964.0 317.0 322.0 183.0 46.0 143.0 0.0 0.0 0.0 0.0 0.0 0.0 0.0 0.0 0.0 0.0 0.0 0.0 0.0
5522.0 18691.0 8.0 63207.0 21068.0 19.0 82.0 0.0 0.0 214013.0 106924.0 17848.0 251.0 296.0 152.0 45.0 245.0 0.0 0.0 0.0 0.0 0.0 0.0 0.0 0.0 0.0 0.0 0.0 0.0 0.0
5652.0 19540.0 4.0 66739.0 22596.0 23.0 36.0 0.0 0.0 227395.0 114626.0 19709.0 106.0 103.0 41.0 57.0 298.0 0.0 0.0 0.0 0.0 0.0 0.0 0.0 0.0 0.0 0.0 0.0 0.0 0.0
5572.0 18979.0 7.0 64423.0 21553.0 24.0 70.0 0.0 0.0 218219.0 109568.5 18488.0 202.0 214.0 136.0 48.0 342.0 0.0 0.0 0.0 0.0 0.0 0.0 0.0 0.0 0.0 0.0 0.0 0.0 0.0
5689.0 19793.0 9.0 68411.0 23217.0 18.0 112.0 0.0 0.0 235725.0 119649.5 20812.0 462.0 419.0 228.0 54.0 256.0 0.0 0.0 0.0 0.0 0.0 0.0 0.0 0.0 0.0 0.0 0.0 0.0 0.0
5665.0 19552.0 8.0 66672.0 22394.0 18.0 83.0 0.0 0.0 226959.0 113344.5 19059.0 264.0 279.0 158.0 48.0 243.0 0.0 0.0 0.0 0.0 2.0 0.0 0.0 0.0 0.0 0.0 0.0 0.0 0.0
5609.0 19229.0 3.0 65670.0 21894.0 18.0 30.0 0.0 0.0 223371.0 111916.5 18824.0 95.0 109.0 47.0 46.0 212.0 0.0 0.0 0.0 0.0 0.0 0.0 0.0 0.0 0.0 0.0 0.0 0.0 0.0
5816.0 20657.0 12.0 73428.0 24217.0 17.0 144.0 1.0 0.0 260987.0 129176.5 21080.0 594.0 511.0 276.0 39.0 238.0 6.0 0.0 7.0 0.0 0.0 0.0 0.0 0.0 0.0 0.0 0.0 0.0 0.0
5787.0 20254.0 4.0 70441.0 23213.0 20.0 32.0 0.0 0.0 244348.0 120252.5 19386.0 94.0 105.0 37.0 47.0 283.0 0.0 0.0 0.0 0.0 0.0 0.0 0.0 0.0 0.0 0.0 0.0 0.0 0.0
5645.0 19428.0 9.0 66793.0 22336.0 10.0 85.0 0.0 0.0 229599.0 115530.0 19490.0 273.0 301.0 117.0 49.0 129.0 0.0 0.0 0.0 0.0 0.0 0.0 0.0 0.0 0.0 0.0 0.0 0.0 0.0
5597.0 19245.0 13.0 66254.0 22428.0 28.0 141.0 1.0 0.0 228263.0 116595.5 19949.0 475.0 463.0 258.0 52.0 418.0 6.0 0.0 6.0 1.0 2.0 0.0 0.0 0.0 0.0 0.0 0.0 0.0 0.0
5736.0 20044.0 7.0 69857.0 23440.0 15.0 78.0 0.0 0.0 243099.0 121769.0 20688.0 297.0 232.0 158.0 55.0 196.0 0.0 0.0 0.0 0.0 0.0 0.0 0.0 0.0 0.0 0.0 0.0 0.0 0.0
5596.0 19116.0 5.0 65158.0 21869.0 13.0 65.0 0.0 0.0 221034.0 111697.5 19250.0 272.0 231.0 155.0 43.0 179.0 0.0 0.0 0.0 0.0 0.0 0.0 0.0 0.0 0.0 0.0 0.0 0.0 0.0
5615.0 19304.0 9.0 66373.0 22295.0 23.0 89.0 0.0 0.0 227446.0 115047.5 19414.0 294.0 340.0 156.0 43.0 295.0 0.0 0.0 0.0 0.0 0.0 0.0 0.0 0.0 0.0 0.0 0.0 0.0 0.0
5800.0 20566.0 9.0 72694.0 24001.0 22.0 101.0 0.0 0.0 257368.0 126991.0 20361.0 416.0 366.0 194.0 51.0 330.0 0.0 0.0 0.0 0.0 0.0 0.0 0.0 0.0 0.0 0.0 0.0 0.0 0.0
5628.0 19182.0 3.0 65198.0 21596.0 19.0 30.0 0.0 0.0 221990.0 110028.5 17902.0 102.0 96.0 48.0 42.0 254.0 0.0 0.0 0.0 0.0 2.0 0.0 0.0 0.0 0.0 0.0 0.0 0.0 0.0
5611.0 19318.0 3.0 66827.0 22382.0 17.0 34.0 0.0 0.0 230957.0 116335.0 19562.0 130.0 128.0 52.0 49.0 227.0 0.0 0.0 0.0 0.0 0.0 0.0 0.0 0.0 0.0 0.0 0.0 0.0 0.0
5603.0 18975.0 7.0 64246.0 21154.0 24.0 79.0 0.0 0.0 217913.0 107069.0 17337.0 295.0 254.0 128.0 35.0 314.0 0.0 0.0 0.0 0.0 2.0 0.0 0.0 0.0 0.0 0.0 0.0 0.0 0.0
5589.0 19097.0 5.0 65087.0 21699.0 17.0 47.0 0.0 0.0 221721.0 110611.5 18275.0 149.0 152.0 70.0 43.0 228.0 0.0 0.0 0.0 0.0 2.0 0.0 0.0 0.0 0.0 0.0 0.0 0.0 0.0
5493.0 18299.0 6.0 60787.0 20067.0 16.0 51.0 0.0 0.0 201132.0 99552.0 16112.0 130.0 142.0 77.0 35.0 212.0 0.0 0.0 0.0 0.0 0.0 0.0 0.0 0.0 0.0 0.0 0.0 0.0 0.0
5667.0 19441.0 5.0 66463.0 22009.0 21.0 61.0 0.0 0.0 226659.0 112131.5 18472.0 240.0 201.0 110.0 34.0 287.0 0.0 0.0 0.0 1.0 0.0 0.0 0.0 0.0 0.0 0.0 0.0 0.0 0.0
5528.0 18575.0 7.0 62340.0 20552.0 20.0 64.0 0.0 0.0 208436.0 103549.0 16605.0 222.0 191.0 98.0 51.0 269.0 0.0 0.0 0.0 0.0 2.0 0.0 0.0 0.0 0.0 0.0 0.0 0.0 0.0
5721.0 19784.0 5.0 68433.0 22482.0 19.0 44.0 0.0 0.0 235845.0 116411.0 18975.0 132.0 162.0 56.0 42.0 257.0 0.0 0.0 0.0 0.0 0.0 0.0 0.0 0.0 0.0 0.0 0.0 0.0 0.0
5726.0 19953.0 7.0 69292.0 23002.0 11.0 72.0 0.0 0.0 240913.0 119608.0 19525.0 238.0 243.0 129.0 41.0 123.0 0.0 0.0 0.0 0.0 0.0 0.0 0.0 0.0 0.0 0.0 0.0 0.0 0.0
5775.0 20295.0 9.0 71061.0 23615.0 20.0 83.0 0.0 0.0 247667.0 123198.5 20250.0 267.0 261.0 141.0 39.0 271.0 0.0 0.0 0.0 0.0 2.0 0.0 0.0 0.0 0.0 0.0 0.0 0.0 0.0
5518.0 18504.0 8.0 62160.0 20666.0 15.0 76.0 0.0 0.0 208308.0 104269.5 17341.0 231.0 238.0 111.0 41.0 192.0 0.0 0.0 0.0 0.0 0.0 0.0 0.0 0.0 0.0 0.0 0.0 0.0 0.0
5636.0 19444.0 5.0 67284.0 22400.0 20.0 61.0 0.0 0.0 232325.0 116900.0 19450.0 241.0 220.0 124.0 47.0 299.0 0.0 0.0 0.0 0.0 0.0 0.0 0.0 0.0 0.0 0.0 0.0 0.0 0.0
5678.0 19441.0 7.0 66384.0 21868.0 23.0 83.0 0.0 0.0 226995.0 111857.0 17988.0 325.0 248.0 152.0 46.0 297.0 0.0 0.0 0.0 0.0 0.0 0.0 0.0 0.0 0.0 0.0 0.0 0.0 0.0
