5409.0 7212.0 3521.0 10418.0 1060.0 60.0 7649.0 2560.0 1347.0 14687.0 2347.0 12.0 5145.0 11901.0 879.0 36.0 203.0 1370.0 1620.0 5538.0 0.0 198.0 129.0 2442.0 1566.0 20.0 1727.0 30.0 654.0 340.0
5488.0 7864.0 3733.0 11937.0 1308.0 89.0 8927.0 3187.0 1669.0 17135.0 2960.5 29.0 6230.0 13594.0 1142.0 62.0 309.0 1929.0 1924.0 7107.0 0.0 418.0 194.0 3441.0 2158.0 47.0 2662.0 75.0 1092.0 615.0
5492.0 7581.0 3718.0 11376.0 1160.0 87.0 8260.0 2963.0 1488.0 16405.0 2525.5 24.0 5532.0 13045.0 954.0 36.0 284.0 1662.0 1601.0 6496.0 0.0 426.0 144.0 2723.0 1915.0 29.0 2028.0 70.0 796.0 387.0
5371.0 7113.0 3545.0 10758.0 1134.0 64.0 7517.0 2559.0 1431.0 15971.0 2626.5 26.0 4957.0 12434.0 974.0 46.0 263.0 1485.0 1383.0 5669.0 0.0 238.0 110.0 2600.0 1616.0 22.0 1685.0 37.0 693.0 411.0
5329.0 7180.0 3402.0 10686.0 1129.0 77.0 7569.0 2525.0 1293.0 15432.0 2527.0 22.0 5093.0 11930.0 958.0 57.0 266.0 1488.0 1540.0 5435.0 0.0 384.0 120.0 2438.0 1555.0 34.0 1644.0 58.0 696.0 322.0
5526.0 7619.0 3781.0 11354.0 1214.0 95.0 8563.0 3073.0 1682.0 15910.0 2692.0 24.0 5474.0 13116.0 1145.0 42.0 324.0 1744.0 1879.0 6940.0 0.0 456.0 191.0 3348.0 2092.0 48.0 2612.0 66.0 1069.0 627.0
5406.0 7449.0 3483.0 11060.0 1107.0 64.0 8008.0 2618.0 1325.0 15547.0 2453.0 14.0 5440.0 12456.0 919.0 41.0 229.0 1378.0 1671.0 5839.0 0.0 266.0 109.0 2697.0 1725.0 20.0 1758.0 27.0 646.0 338.0
5369.0 7018.0 3464.0 10016.0 1010.0 67.0 7039.0 2536.0 1276.0 13520.0 2148.0 18.0 4324.0 10503.0 740.0 45.0 170.0 1173.0 1245.0 5128.0 0.0 296.0 118.0 2082.0 1395.0 25.0 1608.0 28.0 651.0 286.0
5430.0 7405.0 3621.0 10994.0 1164.0 76.0 8033.0 2802.0 1525.0 15611.0 2526.5 26.0 5321.0 12507.0 1023.0 57.0 294.0 1599.0 1571.0 6021.0 0.0 366.0 146.0 2843.0 1833.0 28.0 2079.0 41.0 886.0 486.0
5278.0 7138.0 3287.0 10609.0 1113.0 70.0 7223.0 2462.0 1184.0 15057.0 2433.0 16.0 4979.0 11503.0 875.0 48.0 241.0 1385.0 1326.0 5324.0 0.0 282.0 148.0 2247.0 1429.0 29.0 1528.0 48.0 599.0 276.0
5447.0 7359.0 3549.0 11051.0 1195.0 96.0 7832.0 2611.0 1340.0 16100.0 2660.0 17.0 5303.0 12507.0 1059.0 45.0 347.0 1467.0 1668.0 5709.0 0.0 480.0 92.0 2455.0 1634.0 36.0 1717.0 58.0 607.0 360.0
5519.0 7598.0 3650.0 11457.0 1207.0 74.0 8079.0 2789.0 1430.0 16597.0 2666.5 18.0 5503.0 12725.0 1041.0 41.0 252.0 1626.0 1609.0 6074.0 0.0 348.0 143.0 2593.0 1731.0 19.0 1940.0 48.0 755.0 360.0
5493.0 7750.0 3611.0 11935.0 1208.0 88.0 8491.0 2926.0 1339.0 18275.0 2784.5 35.0 6267.0 14187.0 1030.0 42.0 326.0 1683.0 1760.0 6743.0 0.0 454.0 151.0 2612.0 1943.0 50.0 1959.0 72.0 801.0 308.0
5342.0 7115.0 3439.0 10402.0 1156.0 86.0 7430.0 2592.0 1307.0 14478.0 2593.0 40.0 4822.0 11642.0 1052.0 48.0 363.0 1606.0 1443.0 5330.0 0.0 436.0 137.0 2344.0 1665.0 40.0 1730.0 59.0 720.0 331.0
5348.0 7144.0 3408.0 10459.0 1106.0 71.0 7517.0 2474.0 1274.0 14743.0 2517.0 25.0 5030.0 11737.0 905.0 60.0 261.0 1430.0 1452.0 5292.0 0.0 372.0 136.0 2513.0 1467.0 25.0 1715.0 29.0 603.0 371.0
5328.0 7194.0 3358.0 10666.0 1103.0 72.0 7481.0 2523.0 1207.0 15498.0 2398.5 19.0 4941.0 11586.0 917.0 52.0 236.0 1326.0 1466.0 5516.0 0.0 350.0 129.0 2327.0 1560.0 27.0 1578.0 52.0 640.0 267.0
5388.0 7383.0 3393.0 11014.0 1103.0 87.0 7531.0 2641.0 1276.0 15912.0 2472.5 23.0 5164.0 11863.0 841.0 45.0 328.0 1431.0 1382.0 5788.0 0.0 406.0 135.0 2336.0 1637.0 34.0 1768.0 60.0 695.0 333.0
5383.0 7113.0 3531.0 10234.0 1038.0 73.0 7422.0 2618.0 1408.0 14174.0 2269.5 10.0 4781.0 11188.0 810.0 44.0 223.0 1312.0 1387.0 5430.0 0.0 282.0 112.0 2428.0 1733.0 18.0 1697.0 44.0 751.0 394.0
5371.0 7252.0 3412.0 10702.0 1121.0 87.0 7461.0 2434.0 1275.0 15168.0 2436.0 23.0 4858.0 11718.0 865.0 42.0 285.0 1384.0 1351.0 5071.0 0.0 402.0 101.0 2320.0 1495.0 27.0 1575.0 52.0 563.0 356.0
5435.0 7202.0 3683.0 10764.0 1038.0 64.0 7758.0 2727.0 1561.0 15547.0 2437.5 15.0 5285.0 12270.0 815.0 68.0 182.0 1329.0 1529.0 5955.0 0.0 300.0 166.0 2716.0 1668.0 26.0 1810.0 47.0 833.0 469.0
5287.0 6860.0 3358.0 9498.0 994.0 66.0 6872.0 2470.0 1282.0 12282.0 1967.0 16.0 4109.0 9764.0 755.0 46.0 217.0 1262.0 1193.0 4703.0 0.0 290.0 126.0 2179.0 1439.0 28.0 1680.0 24.0 656.0 345.0
5351.0 7189.0 3536.0 10785.0 1117.0 68.0 7791.0 2753.0 1447.0 15670.0 2551.5 21.0 5288.0 12336.0 971.0 76.0 240.0 1638.0 1557.0 6004.0 0.0 308.0 161.0 2816.0 1818.0 28.0 2005.0 42.0 854.0 410.0
5326.0 7075.0 3223.0 10235.0 1046.0 67.0 6887.0 2232.0 1095.0 14122.0 2229.5 38.0 4459.0 10389.0 717.0 46.0 218.0 1179.0 1200.0 4563.0 0.0 298.0 112.0 1933.0 1296.0 22.0 1315.0 33.0 482.0 234.0
5330.0 7064.0 3349.0 10178.0 1042.0 81.0 7230.0 2413.0 1157.0 13808.0 2230.5 21.0 4550.0 11409.0 823.0 43.0 271.0 1282.0 1319.0 5081.0 0.0 392.0 128.0 2161.0 1457.0 31.0 1421.0 55.0 550.0 248.0
5382.0 7077.0 3484.0 9985.0 1058.0 68.0 7307.0 2430.0 1372.0 13495.0 2224.5 22.0 4578.0 10852.0 866.0 61.0 222.0 1332.0 1326.0 4854.0 0.0 342.0 91.0 2424.0 1390.0 22.0 1576.0 36.0 598.0 428.0
5338.0 7184.0 3369.0 10813.0 1151.0 74.0 7546.0 2391.0 1241.0 15702.0 2642.0 35.0 5191.0 12449.0 1028.0 40.0 285.0 1484.0 1399.0 5401.0 0.0 396.0 90.0 2528.0 1538.0 28.0 1560.0 38.0 568.0 283.0
5294.0 7057.0 3307.0 10343.0 1095.0 61.0 7224.0 2443.0 1178.0 14516.0 2383.5 16.0 4659.0 11249.0 884.0 42.0 207.0 1377.0 1385.0 5127.0 0.0 298.0 113.0 2200.0 1587.0 16.0 1608.0 38.0 601.0 274.0
5291.0 7224.0 3274.0 10588.0 1144.0 85.0 7257.0 2525.0 1165.0 15103.0 2477.5 19.0 4711.0 11227.0 854.0 42.0 289.0 1351.0 1309.0 5297.0 0.0 366.0 136.0 2133.0 1526.0 32.0 1634.0 70.0 633.0 255.0
5432.0 7343.0 3477.0 10834.0 1070.0 72.0 7542.0 2594.0 1330.0 15342.0 2401.0 22.0 4843.0 11755.0 771.0 53.0 215.0 1357.0 1394.0 5519.0 0.0 344.0 106.0 2333.0 1551.0 30.0 1815.0 39.0 711.0 370.0
5453.0 7577.0 3558.0 11348.0 1156.0 79.0 8188.0 2860.0 1362.0 16214.0 2554.0 23.0 5740.0 12779.0 942.0 71.0 291.0 1747.0 1689.0 6181.0 0.0 416.0 151.0 2574.0 1922.0 28.0 2151.0 59.0 765.0 338.0
5418.0 7308.0 3526.0 10680.0 1132.0 81.0 7735.0 2644.0 1359.0 15232.0 2586.5 28.0 5065.0 12129.0 971.0 39.0 308.0 1481.0 1580.0 5394.0 0.0 408.0 115.0 2406.0 1644.0 39.0 1854.0 43.0 722.0 344.0
5305.0 7128.0 3222.0 10650.0 1137.0 80.0 7107.0 2340.0 1056.0 15511.0 2633.0 29.0 4955.0 11635.0 912.0 41.0 286.0 1383.0 1280.0 5073.0 0.0 344.0 137.0 2040.0 1431.0 31.0 1361.0 53.0 529.0 184.0
5443.0 7663.0 3676.0 11555.0 1352.0 95.0 8619.0 3051.0 1555.0 16833.0 3027.5 39.0 6315.0 13299.0 1220.0 82.0 299.0 2070.0 1778.0 6969.0 0.0 496.0 222.0 3064.0 2184.0 42.0 2405.0 96.0 980.0 477.0
5455.0 7364.0 3603.0 10997.0 1184.0 93.0 7825.0 2764.0 1392.0 15903.0 2619.5 22.0 5211.0 12122.0 999.0 78.0 303.0 1608.0 1467.0 5908.0 0.0 518.0 181.0 2487.0 1797.0 51.0 1899.0 54.0 714.0 353.0
5258.0 6963.0 3275.0 10017.0 1058.0 71.0 7088.0 2475.0 1253.0 13962.0 2264.5 16.0 4765.0 10750.0 831.0 56.0 199.0 1387.0 1379.0 4984.0 0.0 302.0 126.0 1949.0 1531.0 34.0 1640.0 79.0 825.0 461.0
5407.0 7276.0 3554.0 10396.0 1112.0 71.0 7836.0 2655.0 1400.0 14226.0 2370.0 21.0 5191.0 11724.0 913.0 62.0 235.0 1615.0 1458.0 5391.0 0.0 370.0 115.0 2680.0 1663.0 17.0 1810.0 58.0 761.0 381.0
5340.0 7324.0 3481.0 10792.0 1133.0 98.0 7940.0 2680.0 1361.0 15158.0 2472.0 17.0 5517.0 11999.0 1004.0 46.0 307.0 1498.0 1674.0 6014.0 0.0 518.0 135.0 2565.0 1681.0 47.0 1913.0 43.0 708.0 346.0
5311.0 7287.0 3379.0 11067.0 1188.0 114.0 7847.0 2573.0 1283.0 16087.0 2771.0 28.0 5361.0 12704.0 1110.0 77.0 412.0 1604.0 1669.0 5925.0 0.0 676.0 140.0 2680.0 1677.0 63.0 1842.0 70.0 597.0 349.0
5363.0 7211.0 3344.0 10657.0 1127.0 90.0 7278.0 2355.0 1150.0 14731.0 2594.5 31.0 4826.0 11284.0 962.0 67.0 317.0 1290.0 1314.0 5004.0 0.0 408.0 97.0 2117.0 1412.0 36.0 1438.0 38.0 480.0 234.0
5422.0 7560.0 3441.0 11296.0 1297.0 91.0 7974.0 2580.0 1175.0 16353.0 2873.0 39.0 5568.0 12356.0 1159.0 37.0 354.0 1701.0 1496.0 5337.0 0.0 474.0 153.0 2328.0 1706.0 34.0 1605.0 44.0 531.0 231.0
5349.0 7195.0 3352.0 10456.0 1039.0 66.0 7465.0 2409.0 1207.0 14484.0 2327.5 22.0 4969.0 11207.0 840.0 71.0 208.0 1345.0 1508.0 5049.0 0.0 340.0 109.0 2410.0 1538.0 17.0 1554.0 37.0 583.0 290.0
5289.0 7194.0 3316.0 10456.0 1109.0 68.0 7583.0 2476.0 1148.0 14674.0 2347.0 16.0 5156.0 11295.0 861.0 43.0 220.0 1487.0 1576.0 5267.0 0.0 310.0 130.0 2257.0 1546.0 21.0 1573.0 49.0 564.0 248.0
5481.0 7623.0 3665.0 11384.0 1241.0 82.0 8424.0 2934.0 1520.0 16340.0 2696.0 18.0 5926.0 13055.0 1101.0 50.0 281.0 1764.0 1700.0 6223.0 0.0 446.0 136.0 3147.0 1908.0 26.0 2306.0 57.0 806.0 476.0
5291.0 6920.0 3413.0 9885.0 995.0 68.0 7056.0 2497.0 1384.0 13298.0 2102.0 23.0 4425.0 10617.0 722.0 42.0 227.0 1339.0 1264.0 4962.0 0.0 368.0 92.0 2425.0 1463.0 21.0 1675.0 43.0 762.0 422.0
5455.0 7421.0 3661.0 11366.0 1229.0 97.0 8145.0 2854.0 1535.0 16125.0 2799.0 27.0 5614.0 13589.0 1104.0 40.0 354.0 1733.0 1609.0 6415.0 0.0 478.0 173.0 3062.0 2011.0 33.0 2055.0 78.0 915.0 473.0
5372.0 7299.0 3580.0 10509.0 1067.0 87.0 7795.0 2870.0 1545.0 14343.0 2213.0 15.0 5020.0 11444.0 794.0 58.0 239.0 1442.0 1443.0 5757.0 0.0 426.0 126.0 2679.0 1875.0 34.0 2147.0 77.0 948.0 617.0
5483.0 7517.0 3673.0 10983.0 1193.0 84.0 8113.0 2897.0 1553.0 15661.0 2428.0 26.0 5362.0 12178.0 990.0 32.0 271.0 1665.0 1556.0 6156.0 0.0 434.0 156.0 2913.0 1713.0 32.0 2265.0 45.0 845.0 508.0
5394.0 7287.0 3674.0 11112.0 1093.0 68.0 8357.0 3050.0 1503.0 16451.0 2644.0 27.0 5907.0 14131.0 1039.0 51.0 235.0 1806.0 1789.0 7071.0 0.0 366.0 162.0 3091.0 2333.0 29.0 2317.0 76.0 983.0 398.0
5485.0 7479.0 3638.0 11001.0 1099.0 76.0 8077.0 2722.0 1369.0 15444.0 2435.5 20.0 5524.0 12542.0 921.0 54.0 261.0 1554.0 1588.0 5683.0 0.0 390.0 109.0 2544.0 1697.0 35.0 1816.0 56.0 660.0 312.0
5277.0 7135.0 3305.0 10192.0 1142.0 79.0 7371.0 2441.0 1235.0 14046.0 2415.5 21.0 4910.0 10756.0 969.0 22.0 241.0 1379.0 1398.0 4955.0 0.0 298.0 117.0 2329.0 1466.0 22.0 1645.0 47.0 634.0 322.0
5375.0 7251.0 3393.0 10775.0 1157.0 90.0 7391.0 2510.0 1194.0 15131.0 2597.0 18.0 4949.0 11400.0 1066.0 43.0 298.0 1416.0 1352.0 5334.0 0.0 408.0 119.0 2147.0 1551.0 27.0 1506.0 61.0 580.0 281.0
5352.0 7134.0 3500.0 10622.0 1093.0 84.0 7727.0 2611.0 1411.0 15274.0 2421.0 24.0 5277.0 12518.0 929.0 56.0 257.0 1520.0 1558.0 5782.0 0.0 450.0 146.0 2700.0 1726.0 42.0 1926.0 57.0 728.0 417.0
5476.0 7744.0 3614.0 12033.0 1242.0 71.0 8698.0 2907.0 1444.0 18197.0 3047.0 25.0 6524.0 14195.0 1098.0 77.0 242.0 1905.0 1812.0 6743.0 0.0 366.0 141.0 3077.0 2132.0 23.0 2194.0 52.0 781.0 397.0
5275.0 6808.0 3427.0 9490.0 863.0 83.0 7073.0 2489.0 1424.0 11853.0 1787.0 12.0 4132.0 10444.0 616.0 31.0 223.0 1089.0 1351.0 4879.0 0.0 384.0 99.0 2349.0 1435.0 31.0 1765.0 63.0 737.0 469.0
5262.0 6957.0 3309.0 10092.0 1112.0 83.0 7246.0 2426.0 1249.0 14197.0 2408.5 24.0 4817.0 11025.0 1042.0 44.0 290.0 1463.0 1344.0 5124.0 0.0 446.0 143.0 2406.0 1540.0 54.0 1670.0 54.0 684.0 317.0
5379.0 7369.0 3597.0 11004.0 1185.0 95.0 8211.0 2777.0 1533.0 15139.0 2563.5 31.0 5558.0 13035.0 1087.0 50.0 336.0 1640.0 1671.0 6264.0 0.0 434.0 150.0 2948.0 1888.0 36.0 2112.0 55.0 911.0 478.0
5432.0 7493.0 3584.0 11428.0 1286.0 86.0 8135.0 2719.0 1421.0 16806.0 2954.5 23.0 5728.0 13097.0 1163.0 81.0 301.0 1781.0 1611.0 6245.0 0.0 408.0 154.0 2873.0 1809.0 30.0 1932.0 55.0 735.0 399.0
5498.0 7480.0 3658.0 10769.0 1169.0 100.0 7848.0 2750.0 1461.0 14881.0 2502.5 28.0 5082.0 11800.0 1054.0 50.0 306.0 1423.0 1477.0 5572.0 0.0 406.0 172.0 2624.0 1661.0 45.0 1759.0 71.0 703.0 409.0
5370.0 7098.0 3505.0 10294.0 1078.0 77.0 7454.0 2640.0 1382.0 14775.0 2271.0 21.0 4801.0 11627.0 901.0 42.0 253.0 1433.0 1391.0 5485.0 0.0 360.0 118.0 2568.0 1651.0 43.0 1776.0 53.0 809.0 367.0
5469.0 7651.0 3604.0 11568.0 1148.0 79.0 8311.0 2865.0 1433.0 16935.0 2654.5 16.0 5708.0 13349.0 924.0 48.0 260.0 1585.0 1716.0 6389.0 0.0 362.0 169.0 2839.0 1863.0 35.0 2072.0 64.0 799.0 399.0
5519.0 7671.0 3581.0 11297.0 1176.0 89.0 8170.0 2789.0 1289.0 15980.0 2518.0 12.0 5610.0 12359.0 923.0 70.0 288.0 1576.0 1539.0 5639.0 0.0 524.0 124.0 2450.0 1927.0 36.0 1791.0 52.0 694.0 300.0
5420.0 7311.0 3609.0 10733.0 1217.0 78.0 7991.0 2859.0 1522.0 15281.0 2760.0 33.0 5213.0 12061.0 1103.0 76.0 286.0 1733.0 1595.0 6465.0 0.0 408.0 176.0 2913.0 1845.0 34.0 2222.0 68.0 949.0 468.0
5361.0 6969.0 3425.0 10173.0 969.0 70.0 7083.0 2402.0 1299.0 14328.0 2225.5 10.0 4478.0 11282.0 775.0 41.0 253.0 1164.0 1254.0 5112.0 0.0 332.0 73.0 2225.0 1468.0 19.0 1523.0 41.0 655.0 339.0
5446.0 7463.0 3505.0 10911.0 1189.0 85.0 7768.0 2594.0 1291.0 15188.0 2500.5 31.0 4918.0 12046.0 972.0 61.0 288.0 1474.0 1487.0 5488.0 0.0 416.0 156.0 2369.0 1509.0 35.0 1641.0 47.0 625.0 309.0
5393.0 7290.0 3665.0 10928.0 1169.0 131.0 7945.0 2903.0 1573.0 15660.0 2646.5 22.0 4993.0 12868.0 1051.0 68.0 403.0 1443.0 1678.0 6634.0 0.0 606.0 190.0 2849.0 1723.0 92.0 2188.0 115.0 915.0 461.0
5420.0 7445.0 3483.0 11146.0 1161.0 103.0 7908.0 2660.0 1273.0 15752.0 2616.0 19.0 5443.0 12579.0 968.0 61.0 331.0 1576.0 1472.0 5811.0 0.0 524.0 125.0 2396.0 1851.0 44.0 1693.0 78.0 674.0 300.0
5258.0 6965.0 3231.0 10056.0 1107.0 91.0 7166.0 2359.0 1087.0 14083.0 2335.5 22.0 4889.0 10828.0 945.0 64.0 286.0 1414.0 1446.0 4986.0 0.0 436.0 140.0 2116.0 1532.0 40.0 1435.0 52.0 520.0 225.0
5353.0 7367.0 3461.0 11042.0 1177.0 81.0 7895.0 2701.0 1266.0 16015.0 2590.5 31.0 5679.0 12463.0 939.0 63.0 295.0 1611.0 1502.0 5777.0 0.0 396.0 138.0 2450.0 1849.0 29.0 1749.0 69.0 676.0 294.0
5410.0 7440.0 3441.0 11065.0 1222.0 99.0 7708.0 2651.0 1287.0 16188.0 2692.0 25.0 5301.0 12059.0 1005.0 52.0 316.0 1632.0 1476.0 5531.0 0.0 454.0 128.0 2315.0 1752.0 43.0 1738.0 53.0 745.0 391.0
5492.0 7776.0 3662.0 11611.0 1197.0 100.0 8471.0 3009.0 1517.0 16302.0 2561.0 22.0 5600.0 12839.0 933.0 57.0 334.0 1636.0 1666.0 6369.0 0.0 530.0 144.0 2830.0 1954.0 42.0 2390.0 80.0 916.0 465.0
5378.0 7232.0 3476.0 10402.0 1082.0 72.0 7681.0 2580.0 1332.0 14207.0 2348.5 25.0 5126.0 11434.0 959.0 43.0 246.0 1455.0 1470.0 5415.0 0.0 376.0 138.0 2579.0 1683.0 23.0 1750.0 52.0 615.0 352.0
5318.0 7096.0 3380.0 10477.0 1105.0 87.0 7456.0 2450.0 1220.0 14407.0 2446.0 25.0 4855.0 11640.0 958.0 52.0 318.0 1408.0 1498.0 5346.0 0.0 486.0 121.0 2349.0 1518.0 36.0 1594.0 41.0 575.0 257.0
5410.0 7427.0 3586.0 11150.0 1128.0 79.0 8168.0 2722.0 1457.0 16173.0 2519.0 15.0 5682.0 12791.0 954.0 53.0 252.0 1507.0 1630.0 6008.0 0.0 370.0 116.0 2851.0 1750.0 21.0 1944.0 42.0 772.0 407.0
5288.0 7164.0 3334.0 10624.0 1072.0 75.0 7321.0 2551.0 1329.0 14909.0 2409.5 22.0 4902.0 11724.0 810.0 44.0 246.0 1288.0 1335.0 5584.0 0.0 330.0 104.0 2486.0 1629.0 17.0 1714.0 53.0 788.0 411.0
5460.0 7300.0 3821.0 10804.0 1079.0 71.0 8325.0 3038.0 1666.0 15403.0 2446.5 23.0 5716.0 12511.0 926.0 50.0 282.0 1650.0 1672.0 6250.0 0.0 402.0 133.0 3055.0 2130.0 18.0 2366.0 61.0 985.0 476.0
5277.0 6907.0 3254.0 9974.0 1022.0 74.0 6858.0 2335.0 1095.0 14115.0 2205.0 25.0 4471.0 10498.0 767.0 37.0 238.0 1262.0 1160.0 4707.0 0.0 306.0 109.0 1915.0 1409.0 27.0 1421.0 38.0 511.0 214.0
5424.0 7570.0 3476.0 11659.0 1255.0 103.0 8137.0 2564.0 1338.0 17531.0 2851.0 25.0 5770.0 13391.0 1087.0 64.0 361.0 1567.0 1735.0 5864.0 0.0 504.0 143.0 2802.0 1559.0 59.0 1712.0 45.0 642.0 353.0
5423.0 7302.0 3358.0 10722.0 1112.0 83.0 7210.0 2279.0 1162.0 14874.0 2469.0 20.0 4643.0 11277.0 807.0 54.0 287.0 1223.0 1234.0 4792.0 0.0 354.0 104.0 2122.0 1303.0 27.0 1286.0 38.0 474.0 256.0
5365.0 7480.0 3377.0 11522.0 1264.0 91.0 7782.0 2566.0 1239.0 17139.0 2924.5 33.0 5595.0 12737.0 1107.0 69.0 350.0 1544.0 1517.0 5888.0 0.0 480.0 156.0 2416.0 1664.0 41.0 1639.0 51.0 611.0 299.0
5291.0 7021.0 3315.0 10008.0 1109.0 80.0 7056.0 2450.0 1206.0 13697.0 2308.0 16.0 4583.0 10466.0 908.0 41.0 281.0 1400.0 1289.0 4977.0 0.0 358.0 140.0 2013.0 1407.0 38.0 1599.0 35.0 580.0 305.0
5352.0 7145.0 3309.0 10643.0 1097.0 59.0 7274.0 2400.0 1144.0 15082.0 2437.5 17.0 5073.0 12142.0 879.0 42.0 210.0 1429.0 1487.0 5256.0 0.0 264.0 125.0 2104.0 1556.0 16.0 1412.0 34.0 518.0 259.0
5461.0 7530.0 3638.0 11375.0 1220.0 69.0 8242.0 2727.0 1463.0 16088.0 2650.0 30.0 5545.0 13306.0 1042.0 56.0 232.0 1534.0 1662.0 6050.0 0.0 332.0 161.0 2791.0 1725.0 20.0 1766.0 32.0 754.0 417.0
5438.0 7323.0 3688.0 10908.0 1133.0 72.0 8095.0 2744.0 1522.0 15699.0 2573.0 25.0 5309.0 12899.0 1000.0 68.0 264.0 1534.0 1654.0 6039.0 0.0 336.0 130.0 2788.0 1761.0 23.0 2001.0 38.0 706.0 471.0
5384.0 7081.0 3631.0 9998.0 1036.0 69.0 7588.0 2889.0 1574.0 13281.0 2218.5 11.0 4731.0 11147.0 855.0 33.0 209.0 1426.0 1564.0 5735.0 0.0 298.0 164.0 2614.0 2034.0 26.0 2092.0 49.0 1002.0 515.0
5351.0 7158.0 3425.0 10611.0 1180.0 102.0 7370.0 2604.0 1301.0 15610.0 2624.0 29.0 5003.0 12122.0 941.0 43.0 328.0 1580.0 1382.0 5598.0 0.0 414.0 144.0 2386.0 1673.0 66.0 1683.0 73.0 676.0 339.0
5409.0 7255.0 3617.0 10558.0 1118.0 76.0 7795.0 2736.0 1484.0 14677.0 2408.5 16.0 5254.0 11965.0 915.0 48.0 243.0 1590.0 1457.0 5526.0 0.0 362.0 167.0 2697.0 1720.0 29.0 1831.0 41.0 811.0 428.0
5432.0 7204.0 3589.0 10030.0 1141.0 64.0 7224.0 2639.0 1418.0 13531.0 2232.0 17.0 4301.0 10413.0 933.0 59.0 199.0 1347.0 1206.0 4894.0 0.0 280.0 125.0 2098.0 1457.0 17.0 1664.0 48.0 712.0 404.0
5301.0 6925.0 3228.0 9644.0 1059.0 78.0 6734.0 2206.0 1108.0 13364.0 2122.0 28.0 4247.0 9656.0 821.0 36.0 264.0 1236.0 1136.0 4394.0 0.0 388.0 97.0 1927.0 1181.0 24.0 1336.0 28.0 467.0 243.0
5394.0 7249.0 3512.0 10667.0 1113.0 69.0 7527.0 2668.0 1400.0 15234.0 2495.0 17.0 4989.0 11726.0 978.0 49.0 221.0 1469.0 1366.0 5363.0 0.0 314.0 132.0 2516.0 1598.0 26.0 1827.0 65.0 795.0 378.0
5400.0 7319.0 3582.0 10924.0 1091.0 100.0 7783.0 2879.0 1401.0 15498.0 2406.5 17.0 4986.0 12098.0 805.0 55.0 318.0 1482.0 1462.0 6028.0 0.0 506.0 130.0 2505.0 1932.0 49.0 1984.0 70.0 817.0 339.0
5394.0 7401.0 3461.0 10936.0 1174.0 90.0 7823.0 2688.0 1296.0 15621.0 2607.0 26.0 5470.0 12088.0 988.0 52.0 296.0 1544.0 1553.0 5808.0 0.0 444.0 129.0 2503.0 1808.0 41.0 1849.0 60.0 676.0 338.0
5398.0 7282.0 3548.0 10929.0 1219.0 107.0 7777.0 2661.0 1416.0 16094.0 2790.5 22.0 5232.0 12585.0 1087.0 49.0 453.0 1639.0 1434.0 5747.0 0.0 548.0 136.0 2557.0 1730.0 46.0 1756.0 73.0 738.0 440.0
5212.0 6937.0 3199.0 10078.0 1049.0 96.0 7090.0 2410.0 1152.0 14294.0 2296.0 24.0 4523.0 10768.0 807.0 59.0 325.0 1347.0 1400.0 5245.0 0.0 466.0 105.0 2238.0 1608.0 42.0 1663.0 73.0 612.0 293.0
5458.0 7445.0 3690.0 10986.0 1247.0 99.0 7985.0 2815.0 1573.0 15126.0 2721.0 36.0 5190.0 12264.0 1105.0 48.0 348.0 1649.0 1469.0 5698.0 0.0 470.0 137.0 2804.0 1782.0 56.0 1840.0 81.0 858.0 489.0
5569.0 7835.0 3865.0 11799.0 1242.0 111.0 8851.0 3108.0 1665.0 16899.0 2752.0 23.0 6033.0 13798.0 1101.0 47.0 337.0 1777.0 1751.0 6743.0 0.0 558.0 140.0 3133.0 2047.0 54.0 2304.0 80.0 891.0 540.0
5318.0 7159.0 3262.0 10613.0 1124.0 82.0 7233.0 2378.0 1086.0 15231.0 2522.0 19.0 4903.0 11166.0 874.0 69.0 289.0 1319.0 1330.0 5201.0 0.0 408.0 125.0 2024.0 1505.0 26.0 1433.0 61.0 496.0 225.0
5466.0 7439.0 3590.0 10980.0 1274.0 83.0 7774.0 2582.0 1515.0 15304.0 2834.0 32.0 5027.0 12147.0 1138.0 54.0 240.0 1497.0 1451.0 5489.0 0.0 416.0 137.0 2646.0 1519.0 32.0 1731.0 52.0 766.0 538.0
5434.0 7536.0 3610.0 11289.0 1265.0 84.0 8204.0 2894.0 1497.0 16185.0 2793.5 21.0 5497.0 13283.0 1115.0 51.0 288.0 1664.0 1646.0 6327.0 0.0 410.0 182.0 2892.0 1903.0 35.0 2155.0 57.0 885.0 468.0
5335.0 7217.0 3335.0 10443.0 1111.0 95.0 7393.0 2505.0 1158.0 14317.0 2331.0 22.0 4782.0 11166.0 886.0 44.0 295.0 1401.0 1395.0 5320.0 0.0 470.0 132.0 2107.0 1592.0 41.0 1568.0 54.0 618.0 244.0
5375.0 7151.0 3531.0 10487.0 1057.0 56.0 7678.0 2546.0 1376.0 14592.0 2366.5 13.0 4811.0 11791.0 891.0 43.0 186.0 1282.0 1497.0 5656.0 0.0 316.0 108.0 2603.0 1604.0 17.0 1720.0 22.0 683.0 362.0
5298.0 6918.0 3450.0 9825.0 940.0 66.0 7313.0 2415.0 1440.0 13656.0 1985.5 16.0 4600.0 10940.0 704.0 44.0 192.0 1210.0 1415.0 4943.0 0.0 296.0 86.0 2605.0 1514.0 20.0 1651.0 43.0 688.0 426.0
5396.0 7369.0 3451.0 11275.0 1142.0 88.0 7714.0 2596.0 1248.0 17188.0 2690.0 20.0 5634.0 13035.0 911.0 59.0 237.0 1545.0 1523.0 5711.0 0.0 430.0 116.0 2409.0 1617.0 36.0 1583.0 52.0 624.0 283.0
5386.0 7066.0 3519.0 9934.0 1021.0 70.0 7315.0 2586.0 1367.0 13349.0 2088.0 14.0 4625.0 10894.0 806.0 58.0 207.0 1389.0 1296.0 5107.0 0.0 342.0 112.0 2316.0 1465.0 27.0 1673.0 50.0 731.0 335.0
5338.0 7307.0 3427.0 10480.0 1151.0 77.0 7649.0 2633.0 1296.0 14599.0 2438.5 17.0 5242.0 11265.0 902.0 50.0 259.0 1552.0 1449.0 5248.0 0.0 422.0 113.0 2328.0 1742.0 25.0 1681.0 58.0 735.0 329.0
5270.0 7017.0 3199.0 9858.0 1047.0 75.0 6842.0 2228.0 1138.0 13580.0 2150.0 22.0 4258.0 9853.0 764.0 34.0 255.0 1172.0 1165.0 4482.0 0.0 314.0 96.0 1987.0 1242.0 20.0 1351.0 30.0 528.0 301.0
5416.0 7278.0 3525.0 10521.0 1096.0 76.0 7595.0 2676.0 1368.0 14666.0 2329.0 12.0 5113.0 11330.0 864.0 35.0 253.0 1552.0 1311.0 5408.0 0.0 406.0 158.0 2478.0 1625.0 32.0 1855.0 57.0 752.0 340.0
5401.0 7341.0 3600.0 10826.0 1187.0 91.0 7874.0 2791.0 1526.0 15787.0 2579.0 28.0 5034.0 11997.0 984.0 42.0 320.0 1575.0 1481.0 5951.0 0.0 380.0 163.0 2771.0 1733.0 38.0 2082.0 60.0 870.0 511.0
5486.0 7760.0 3771.0 11867.0 1251.0 86.0 8742.0 3197.0 1745.0 17461.0 2851.5 25.0 6199.0 14039.0 1123.0 56.0 249.0 1931.0 1755.0 6934.0 0.0 398.0 199.0 3292.0 2168.0 35.0 2730.0 68.0 1183.0 655.0
5432.0 7375.0 3649.0 11079.0 1141.0 85.0 8249.0 2850.0 1502.0 15543.0 2544.0 39.0 5610.0 12917.0 1051.0 49.0 304.0 1755.0 1804.0 6322.0 0.0 444.0 143.0 2992.0 1913.0 50.0 2009.0 57.0 828.0 432.0
5432.0 7650.0 3548.0 11900.0 1261.0 97.0 8430.0 2743.0 1350.0 17771.0 2945.5 28.0 6171.0 14123.0 1081.0 48.0 330.0 1807.0 1504.0 6111.0 0.0 530.0 111.0 2906.0 1950.0 31.0 1878.0 72.0 703.0 336.0
5522.0 7829.0 3652.0 12380.0 1236.0 76.0 8474.0 2914.0 1481.0 19237.0 3092.0 22.0 6249.0 14579.0 975.0 69.0 307.0 1653.0 1616.0 6813.0 0.0 430.0 150.0 2862.0 2030.0 33.0 2007.0 63.0 845.0 455.0
5408.0 7625.0 3455.0 11562.0 1327.0 125.0 8154.0 2729.0 1219.0 17079.0 2985.0 20.0 6013.0 13323.0 1137.0 63.0 443.0 1856.0 1672.0 6052.0 0.0 546.0 175.0 2471.0 1851.0 60.0 1770.0 71.0 602.0 243.0
5462.0 7636.0 3665.0 11870.0 1261.0 102.0 8770.0 2912.0 1442.0 17652.0 3095.5 27.0 6300.0 14642.0 1232.0 60.0 364.0 1827.0 1971.0 6893.0 0.0 588.0 181.0 3071.0 1992.0 55.0 2148.0 80.0 724.0 355.0
5425.0 7321.0 3632.0 10796.0 1085.0 83.0 7902.0 2704.0 1439.0 14922.0 2426.0 13.0 5150.0 12383.0 917.0 54.0 289.0 1332.0 1662.0 5718.0 0.0 378.0 114.0 2537.0 1657.0 28.0 1808.0 50.0 717.0 375.0
5388.0 7070.0 3519.0 10064.0 1052.0 81.0 7432.0 2605.0 1371.0 13850.0 2203.0 20.0 4757.0 11377.0 849.0 42.0 240.0 1465.0 1370.0 5228.0 0.0 364.0 129.0 2501.0 1676.0 31.0 1691.0 36.0 744.0 355.0
5488.0 7732.0 3673.0 11836.0 1284.0 63.0 8622.0 2906.0 1492.0 17019.0 2914.0 28.0 6141.0 13849.0 1115.0 51.0 231.0 1787.0 1689.0 6468.0 0.0 332.0 167.0 3089.0 1907.0 20.0 1988.0 50.0 845.0 454.0
5323.0 7159.0 3417.0 10674.0 1108.0 85.0 7516.0 2551.0 1288.0 14984.0 2486.5 26.0 4938.0 12124.0 946.0 61.0 295.0 1330.0 1377.0 5275.0 0.0 420.0 126.0 2405.0 1688.0 37.0 1672.0 45.0 642.0 328.0
5420.0 7314.0 3464.0 10518.0 1059.0 97.0 7590.0 2665.0 1304.0 14451.0 2228.0 14.0 4940.0 11311.0 853.0 34.0 286.0 1432.0 1428.0 5519.0 0.0 472.0 129.0 2491.0 1764.0 44.0 1833.0 63.0 741.0 320.0
5371.0 7357.0 3427.0 10718.0 1193.0 90.0 7565.0 2661.0 1294.0 15306.0 2510.5 22.0 5043.0 11193.0 1031.0 49.0 304.0 1560.0 1384.0 5457.0 0.0 428.0 150.0 2353.0 1580.0 42.0 1822.0 72.0 763.0 337.0
5419.0 7478.0 3531.0 11360.0 1216.0 79.0 7832.0 2791.0 1399.0 16593.0 2787.5 19.0 5329.0 12924.0 1005.0 51.0 267.0 1603.0 1586.0 6291.0 0.0 382.0 164.0 2637.0 1736.0 24.0 1853.0 38.0 794.0 386.0
5330.0 7163.0 3448.0 10197.0 1068.0 58.0 7567.0 2617.0 1431.0 13964.0 2172.0 21.0 4727.0 11092.0 857.0 46.0 164.0 1464.0 1386.0 5484.0 0.0 268.0 160.0 2693.0 1571.0 12.0 1917.0 46.0 785.0 463.0
5433.0 7395.0 3614.0 11017.0 1112.0 72.0 8010.0 2802.0 1475.0 15898.0 2394.0 12.0 5412.0 12378.0 871.0 45.0 286.0 1600.0 1576.0 6030.0 0.0 380.0 142.0 2883.0 1894.0 32.0 1926.0 44.0 817.0 423.0
5359.0 7436.0 3330.0 11204.0 1186.0 89.0 7848.0 2480.0 1139.0 15873.0 2648.0 24.0 5591.0 12282.0 991.0 62.0 315.0 1486.0 1591.0 5795.0 0.0 450.0 128.0 2416.0 1591.0 35.0 1582.0 60.0 536.0 230.0
5321.0 7116.0 3287.0 10238.0 1153.0 65.0 7040.0 2343.0 1093.0 13862.0 2459.0 25.0 4700.0 10555.0 873.0 38.0 202.0 1374.0 1272.0 4792.0 0.0 270.0 103.0 1866.0 1373.0 14.0 1292.0 48.0 495.0 207.0
5451.0 7424.0 3633.0 10946.0 1169.0 79.0 7932.0 2699.0 1556.0 14825.0 2590.0 14.0 5344.0 12204.0 1027.0 60.0 233.0 1530.0 1455.0 5599.0 0.0 430.0 150.0 2751.0 1691.0 38.0 1948.0 61.0 831.0 484.0
5330.0 7399.0 3370.0 10756.0 1285.0 98.0 7906.0 2748.0 1207.0 14728.0 2799.0 42.0 5378.0 11398.0 1196.0 58.0 391.0 1752.0 1579.0 5878.0 0.0 480.0 188.0 2469.0 1896.0 47.0 1961.0 76.0 690.0 262.0
5278.0 7232.0 3268.0 10720.0 1192.0 80.0 7421.0 2520.0 1089.0 15295.0 2724.0 34.0 5055.0 11506.0 1013.0 58.0 304.0 1429.0 1448.0 5638.0 0.0 350.0 153.0 2064.0 1536.0 39.0 1552.0 53.0 544.0 206.0
5439.0 7349.0 3628.0 10786.0 1088.0 87.0 7932.0 2734.0 1550.0 15818.0 2322.0 19.0 5219.0 12213.0 908.0 48.0 280.0 1407.0 1697.0 5689.0 0.0 420.0 166.0 2862.0 1642.0 35.0 2120.0 84.0 855.0 482.0
5394.0 7220.0 3561.0 10289.0 1132.0 59.0 8028.0 2693.0 1358.0 14280.0 2347.5 11.0 5096.0 11648.0 1073.0 43.0 218.0 1576.0 1788.0 5550.0 0.0 248.0 123.0 2669.0 1746.0 22.0 1963.0 43.0 663.0 309.0
5313.0 7150.0 3224.0 10327.0 1192.0 85.0 6911.0 2337.0 1099.0 14413.0 2550.5 26.0 4389.0 10382.0 935.0 57.0 265.0 1378.0 1198.0 4679.0 0.0 474.0 141.0 1826.0 1299.0 29.0 1359.0 34.0 546.0 248.0
5452.0 7600.0 3582.0 11913.0 1299.0 80.0 8274.0 2750.0 1347.0 18138.0 3091.5 23.0 6132.0 14118.0 1211.0 68.0 317.0 1799.0 1720.0 6282.0 0.0 472.0 156.0 2640.0 1822.0 25.0 1823.0 48.0 645.0 314.0
5246.0 7079.0 3116.0 10281.0 1116.0 82.0 6903.0 2207.0 1051.0 14519.0 2451.0 13.0 4586.0 10358.0 902.0 65.0 249.0 1259.0 1255.0 4542.0 0.0 410.0 92.0 1941.0 1294.0 19.0 1283.0 44.0 491.0 229.0
5407.0 7393.0 3533.0 11106.0 1144.0 63.0 8000.0 2684.0 1364.0 16156.0 2621.5 24.0 5500.0 12559.0 967.0 43.0 226.0 1519.0 1632.0 6128.0 0.0 306.0 107.0 2608.0 1780.0 15.0 1835.0 38.0 689.0 354.0
5217.0 6711.0 3177.0 9440.0 957.0 69.0 6489.0 2165.0 1142.0 12492.0 2074.5 10.0 4022.0 9520.0 716.0 53.0 181.0 1096.0 1120.0 4267.0 0.0 292.0 79.0 1951.0 1217.0 29.0 1316.0 23.0 531.0 271.0
5434.0 7496.0 3722.0 11606.0 1251.0 76.0 8672.0 2938.0 1627.0 17138.0 3114.5 24.0 6201.0 15089.0 1372.0 62.0 258.0 2005.0 2010.0 6733.0 0.0 448.0 173.0 3349.0 2185.0 32.0 2234.0 64.0 951.0 503.0
5456.0 7456.0 3641.0 11222.0 1204.0 90.0 8181.0 2864.0 1413.0 15779.0 2711.5 23.0 5566.0 12898.0 1095.0 64.0 314.0 1677.0 1715.0 6288.0 0.0 536.0 141.0 2719.0 1969.0 36.0 2049.0 71.0 788.0 368.0
5455.0 7701.0 3598.0 11632.0 1297.0 92.0 8409.0 2957.0 1348.0 16711.0 2897.0 21.0 5954.0 13243.0 1178.0 34.0 327.0 1824.0 1665.0 6369.0 0.0 414.0 151.0 2666.0 2012.0 27.0 2068.0 72.0 773.0 293.0
5306.0 7063.0 3290.0 10232.0 1110.0 101.0 7253.0 2426.0 1199.0 14270.0 2407.5 31.0 4806.0 10921.0 943.0 47.0 317.0 1460.0 1306.0 4922.0 0.0 474.0 107.0 2357.0 1451.0 40.0 1680.0 57.0 613.0 306.0
5475.0 7646.0 3526.0 11626.0 1221.0 64.0 8067.0 2706.0 1265.0 17429.0 2859.0 27.0 5500.0 13051.0 976.0 55.0 225.0 1608.0 1532.0 5905.0 0.0 294.0 141.0 2402.0 1753.0 18.0 1721.0 39.0 619.0 278.0
5362.0 7270.0 3534.0 10643.0 1126.0 65.0 7833.0 2685.0 1459.0 14911.0 2388.0 11.0 5198.0 12003.0 938.0 33.0 217.0 1536.0 1486.0 5666.0 0.0 288.0 119.0 2721.0 1710.0 22.0 1867.0 39.0 806.0 434.0
5284.0 7113.0 3362.0 10585.0 1043.0 81.0 7593.0 2476.0 1315.0 14630.0 2329.0 18.0 5120.0 11997.0 796.0 27.0 301.0 1311.0 1614.0 5458.0 0.0 386.0 98.0 2627.0 1666.0 30.0 1738.0 51.0 686.0 360.0
5194.0 6852.0 3028.0 9627.0 1002.0 90.0 6446.0 2129.0 958.0 12881.0 2103.5 14.0 4043.0 9640.0 759.0 43.0 279.0 1041.0 1016.0 4142.0 0.0 362.0 94.0 1779.0 1189.0 48.0 1157.0 60.0 441.0 186.0
5534.0 7625.0 3799.0 11165.0 1220.0 86.0 8442.0 2964.0 1592.0 15296.0 2640.5 15.0 5267.0 12744.0 1108.0 45.0 285.0 1645.0 1783.0 6327.0 0.0 384.0 133.0 2980.0 1892.0 32.0 2104.0 75.0 909.0 471.0
5548.0 8131.0 3850.0 12661.0 1287.0 88.0 9278.0 3340.0 1717.0 18479.0 2912.0 22.0 6697.0 15189.0 1123.0 59.0 278.0 1888.0 1796.0 7627.0 0.0 498.0 206.0 3345.0 2292.0 42.0 2655.0 100.0 1086.0 574.0
5505.0 7636.0 3785.0 11657.0 1191.0 77.0 8444.0 3186.0 1708.0 17084.0 2755.0 14.0 5672.0 13597.0 1038.0 78.0 254.0 1733.0 1648.0 6923.0 0.0 432.0 181.0 3112.0 2198.0 35.0 2558.0 62.0 1190.0 638.0
5245.0 7031.0 3133.0 10073.0 1104.0 79.0 7000.0 2242.0 1016.0 14186.0 2261.5 24.0 4774.0 10490.0 892.0 37.0 277.0 1278.0 1386.0 4708.0 0.0 372.0 97.0 1970.0 1270.0 29.0 1380.0 36.0 462.0 190.0
5320.0 7290.0 3330.0 11167.0 1103.0 79.0 7612.0 2516.0 1260.0 16881.0 2520.5 19.0 5484.0 12604.0 865.0 39.0 253.0 1410.0 1473.0 5980.0 0.0 368.0 144.0 2486.0 1612.0 31.0 1638.0 42.0 694.0 357.0
5470.0 7752.0 3716.0 11888.0 1185.0 79.0 8719.0 3162.0 1653.0 17203.0 2683.5 25.0 6132.0 13866.0 952.0 52.0 298.0 1725.0 1792.0 7048.0 0.0 406.0 134.0 3046.0 2338.0 30.0 2582.0 67.0 1121.0 604.0
5423.0 7464.0 3659.0 11461.0 1200.0 74.0 8245.0 2793.0 1583.0 16799.0 2905.0 14.0 5908.0 13599.0 1097.0 54.0 271.0 1615.0 1634.0 6185.0 0.0 378.0 138.0 2870.0 1709.0 42.0 2106.0 45.0 849.0 521.0
5517.0 7835.0 3654.0 12083.0 1330.0 95.0 8620.0 2945.0 1479.0 17640.0 3051.5 27.0 5911.0 14020.0 1235.0 70.0 331.0 1777.0 1786.0 6442.0 0.0 472.0 141.0 2938.0 2076.0 47.0 2069.0 52.0 920.0 463.0
5191.0 6681.0 3160.0 9412.0 944.0 78.0 6690.0 2222.0 1114.0 12797.0 1903.0 9.0 4245.0 10143.0 813.0 55.0 220.0 1145.0 1276.0 4501.0 0.0 400.0 85.0 2138.0 1355.0 31.0 1360.0 49.0 538.0 277.0
5314.0 7403.0 3331.0 11069.0 1233.0 94.0 7863.0 2553.0 1258.0 16100.0 2721.0 23.0 5714.0 12072.0 1055.0 61.0 375.0 1686.0 1484.0 5568.0 0.0 432.0 126.0 2704.0 1752.0 33.0 1772.0 49.0 623.0 341.0
5316.0 7330.0 3323.0 10962.0 1127.0 70.0 7781.0 2520.0 1170.0 15423.0 2491.0 19.0 5440.0 12119.0 934.0 35.0 218.0 1469.0 1537.0 5568.0 0.0 356.0 124.0 2401.0 1536.0 22.0 1729.0 48.0 611.0 270.0
5437.0 7272.0 3723.0 10367.0 1054.0 81.0 7656.0 2806.0 1775.0 14158.0 2215.0 23.0 4758.0 11156.0 781.0 42.0 271.0 1350.0 1324.0 5309.0 0.0 302.0 105.0 2854.0 1708.0 27.0 1974.0 59.0 1018.0 818.0
5351.0 7104.0 3405.0 10038.0 1089.0 81.0 7417.0 2449.0 1240.0 13933.0 2284.5 13.0 4963.0 10954.0 909.0 29.0 255.0 1374.0 1564.0 4815.0 0.0 402.0 127.0 2292.0 1443.0 29.0 1584.0 42.0 549.0 278.0
5262.0 6961.0 3269.0 10020.0 1056.0 94.0 7035.0 2324.0 1168.0 13842.0 2219.0 16.0 4553.0 10672.0 862.0 58.0 318.0 1281.0 1376.0 4885.0 0.0 380.0 109.0 2108.0 1323.0 57.0 1475.0 60.0 566.0 256.0
5247.0 6739.0 3320.0 9281.0 977.0 60.0 6825.0 2374.0 1268.0 11799.0 2041.5 9.0 4051.0 9532.0 811.0 43.0 188.0 1221.0 1201.0 4710.0 0.0 310.0 126.0 2140.0 1381.0 18.0 1643.0 49.0 603.0 326.0
5448.0 7284.0 3687.0 10808.0 1136.0 52.0 7860.0 2820.0 1504.0 15328.0 2497.0 11.0 4984.0 12581.0 991.0 70.0 163.0 1510.0 1498.0 5948.0 0.0 280.0 163.0 2681.0 1811.0 17.0 2015.0 27.0 855.0 413.0
5357.0 7171.0 3357.0 10311.0 1112.0 76.0 7157.0 2387.0 1235.0 14292.0 2371.5 27.0 4464.0 10803.0 895.0 38.0 244.0 1331.0 1326.0 4722.0 0.0 450.0 96.0 2007.0 1335.0 23.0 1491.0 49.0 607.0 336.0
5324.0 7030.0 3305.0 9750.0 1019.0 61.0 7035.0 2430.0 1163.0 13075.0 1987.5 16.0 4282.0 9890.0 754.0 34.0 177.0 1271.0 1260.0 4719.0 0.0 272.0 126.0 2087.0 1384.0 22.0 1549.0 42.0 614.0 243.0
5380.0 7025.0 3525.0 10262.0 941.0 76.0 7250.0 2525.0 1440.0 14121.0 2019.5 9.0 4714.0 11509.0 684.0 39.0 220.0 1207.0 1263.0 5305.0 0.0 350.0 110.0 2252.0 1476.0 27.0 1687.0 48.0 683.0 444.0
5409.0 7432.0 3420.0 10892.0 1188.0 82.0 7650.0 2630.0 1184.0 15798.0 2553.0 25.0 4957.0 11763.0 983.0 44.0 261.0 1550.0 1481.0 5480.0 0.0 424.0 119.0 2215.0 1709.0 22.0 1562.0 58.0 615.0 245.0
5498.0 7285.0 3713.0 10660.0 1109.0 62.0 7749.0 2726.0 1518.0 14926.0 2342.5 18.0 4852.0 12449.0 915.0 68.0 209.0 1450.0 1468.0 5525.0 0.0 290.0 154.0 2475.0 1640.0 22.0 1810.0 41.0 764.0 463.0
5309.0 7221.0 3387.0 10766.0 1179.0 61.0 7688.0 2425.0 1414.0 15524.0 2592.0 25.0 5163.0 12259.0 1044.0 52.0 196.0 1520.0 1581.0 5392.0 0.0 336.0 136.0 2869.0 1536.0 20.0 1588.0 35.0 621.0 503.0
5265.0 7095.0 3182.0 10496.0 1156.0 84.0 7112.0 2273.0 1111.0 14866.0 2625.5 24.0 4771.0 11242.0 918.0 41.0 327.0 1344.0 1317.0 4960.0 0.0 378.0 101.0 2082.0 1407.0 28.0 1497.0 42.0 498.0 259.0
5442.0 7348.0 3493.0 10712.0 1139.0 56.0 7512.0 2517.0 1223.0 15390.0 2458.5 34.0 4577.0 11478.0 903.0 62.0 198.0 1388.0 1381.0 5189.0 0.0 278.0 96.0 2157.0 1555.0 12.0 1403.0 35.0 549.0 257.0
5431.0 7366.0 3649.0 11077.0 1267.0 94.0 7833.0 2750.0 1541.0 16185.0 2866.5 39.0 5083.0 12538.0 1052.0 61.0 356.0 1669.0 1384.0 5806.0 0.0 452.0 159.0 2782.0 1557.0 38.0 1950.0 64.0 801.0 463.0
5448.0 7413.0 3582.0 10873.0 1151.0 60.0 8027.0 2758.0 1413.0 15697.0 2540.0 25.0 5449.0 12153.0 1003.0 46.0 206.0 1684.0 1691.0 5776.0 0.0 260.0 150.0 2674.0 1754.0 20.0 2072.0 37.0 782.0 394.0
5333.0 7128.0 3410.0 10476.0 1111.0 72.0 7423.0 2532.0 1252.0 15240.0 2480.5 19.0 5261.0 11420.0 984.0 57.0 230.0 1403.0 1360.0 5341.0 0.0 376.0 155.0 2197.0 1574.0 23.0 1698.0 40.0 614.0 292.0
5348.0 7386.0 3351.0 10889.0 1217.0 61.0 7980.0 2574.0 1169.0 15351.0 2626.0 24.0 5832.0 12015.0 1035.0 50.0 198.0 1706.0 1670.0 5440.0 0.0 386.0 141.0 2545.0 1796.0 24.0 1697.0 42.0 592.0 248.0
5367.0 7330.0 3455.0 11194.0 1241.0 99.0 7824.0 2589.0 1299.0 16208.0 2915.5 20.0 5271.0 12745.0 1103.0 83.0 364.0 1587.0 1573.0 5907.0 0.0 504.0 151.0 2517.0 1653.0 36.0 1733.0 76.0 634.0 309.0
5232.0 6942.0 3134.0 9697.0 1024.0 73.0 6894.0 2223.0 1101.0 13071.0 2011.5 9.0 4302.0 10020.0 784.0 42.0 229.0 1256.0 1240.0 4368.0 0.0 346.0 105.0 1926.0 1312.0 15.0 1427.0 39.0 519.0 281.0
5339.0 7341.0 3459.0 11424.0 1172.0 69.0 8089.0 2853.0 1349.0 18093.0 2941.0 15.0 5959.0 13631.0 1080.0 79.0 249.0 1714.0 1779.0 7073.0 0.0 372.0 198.0 2860.0 2037.0 26.0 2128.0 46.0 849.0 346.0
5435.0 7591.0 3668.0 11374.0 1183.0 85.0 8340.0 2967.0 1491.0 15756.0 2679.0 27.0 5860.0 12738.0 957.0 58.0 303.0 1679.0 1664.0 6319.0 0.0 426.0 151.0 2852.0 1933.0 23.0 2027.0 70.0 861.0 408.0
5320.0 7070.0 3217.0 10194.0 1070.0 79.0 6999.0 2146.0 1057.0 14147.0 2326.5 17.0 4570.0 10713.0 838.0 48.0 252.0 1185.0 1238.0 4436.0 0.0 424.0 102.0 1893.0 1244.0 25.0 1257.0 30.0 400.0 214.0
5352.0 7504.0 3304.0 11343.0 1341.0 98.0 7572.0 2559.0 1169.0 16072.0 3014.5 28.0 5205.0 11941.0 1119.0 65.0 353.0 1569.0 1330.0 5620.0 0.0 408.0 151.0 2259.0 1608.0 49.0 1642.0 67.0 570.0 253.0
5374.0 7371.0 3476.0 10877.0 1174.0 89.0 8016.0 2560.0 1357.0 15380.0 2521.0 14.0 5512.0 12255.0 1027.0 52.0 260.0 1468.0 1822.0 5888.0 0.0 404.0 117.0 2782.0 1527.0 27.0 1801.0 36.0 651.0 376.0
5383.0 7370.0 3414.0 11128.0 1176.0 88.0 7708.0 2490.0 1288.0 16037.0 2666.0 22.0 5120.0 12908.0 938.0 40.0 334.0 1447.0 1453.0 5502.0 0.0 456.0 117.0 2486.0 1476.0 31.0 1675.0 34.0 605.0 329.0
5515.0 7671.0 3749.0 11477.0 1225.0 98.0 8200.0 2994.0 1484.0 16352.0 2602.5 23.0 5446.0 13046.0 986.0 50.0 352.0 1642.0 1502.0 6200.0 0.0 362.0 143.0 2590.0 1870.0 38.0 1939.0 98.0 828.0 347.0
5441.0 7243.0 3682.0 10511.0 1047.0 53.0 7967.0 2775.0 1498.0 14856.0 2188.0 15.0 5203.0 12112.0 875.0 46.0 169.0 1547.0 1695.0 5983.0 0.0 238.0 157.0 2811.0 1918.0 15.0 2046.0 40.0 805.0 378.0
5366.0 7107.0 3549.0 10231.0 1052.0 69.0 7702.0 2681.0 1440.0 14450.0 2326.5 15.0 5244.0 11498.0 904.0 56.0 217.0 1553.0 1460.0 5674.0 0.0 302.0 149.0 2699.0 1663.0 25.0 1945.0 40.0 769.0 410.0
5339.0 7333.0 3297.0 11095.0 1202.0 91.0 7545.0 2539.0 1187.0 16575.0 2690.5 18.0 5398.0 12108.0 1040.0 56.0 344.0 1528.0 1384.0 5865.0 0.0 474.0 148.0 2512.0 1698.0 61.0 1753.0 48.0 661.0 276.0
5444.0 7636.0 3642.0 11476.0 1164.0 86.0 8751.0 2860.0 1530.0 16305.0 2619.0 19.0 6176.0 13763.0 1010.0 49.0 290.0 1729.0 2080.0 6199.0 0.0 396.0 123.0 3363.0 2065.0 32.0 2138.0 61.0 872.0 473.0
5451.0 7446.0 3707.0 11143.0 1117.0 92.0 8344.0 2924.0 1596.0 16057.0 2515.0 27.0 5795.0 13781.0 934.0 42.0 308.0 1622.0 1785.0 6345.0 0.0 480.0 153.0 3133.0 2067.0 33.0 2260.0 68.0 940.0 487.0
5363.0 7278.0 3543.0 10564.0 1218.0 74.0 8135.0 2867.0 1522.0 14610.0 2703.5 30.0 5830.0 12292.0 1303.0 68.0 234.0 2045.0 1883.0 6324.0 0.0 362.0 198.0 3327.0 2141.0 24.0 2478.0 57.0 896.0 537.0
5368.0 7507.0 3458.0 11188.0 1197.0 74.0 7948.0 2867.0 1324.0 16339.0 2582.0 24.0 5440.0 12397.0 885.0 40.0 260.0 1702.0 1467.0 6194.0 0.0 396.0 190.0 2544.0 1977.0 18.0 1974.0 52.0 879.0 349.0
5310.0 7127.0 3351.0 10785.0 1135.0 81.0 7539.0 2568.0 1262.0 15977.0 2653.5 15.0 5427.0 12869.0 981.0 48.0 260.0 1607.0 1541.0 5785.0 0.0 446.0 132.0 2569.0 1685.0 28.0 1749.0 62.0 708.0 300.0
5549.0 7531.0 3757.0 10880.0 1099.0 68.0 7989.0 2802.0 1481.0 15017.0 2335.5 17.0 5239.0 12015.0 844.0 43.0 212.0 1481.0 1465.0 5403.0 0.0 286.0 107.0 2583.0 1764.0 23.0 1759.0 38.0 747.0 358.0
5413.0 7438.0 3571.0 11305.0 1238.0 71.0 7965.0 2753.0 1504.0 16394.0 2830.5 27.0 5380.0 13114.0 1148.0 57.0 277.0 1618.0 1462.0 6128.0 0.0 332.0 152.0 2721.0 1881.0 26.0 1885.0 48.0 876.0 471.0
5266.0 7224.0 3326.0 10556.0 1108.0 87.0 7593.0 2512.0 1270.0 14265.0 2318.5 15.0 5125.0 11745.0 917.0 36.0 306.0 1418.0 1484.0 5500.0 0.0 428.0 104.0 2479.0 1608.0 47.0 1641.0 57.0 616.0 365.0
5314.0 7192.0 3402.0 10434.0 1037.0 94.0 7558.0 2531.0 1336.0 14309.0 2165.0 15.0 5130.0 11476.0 715.0 35.0 283.0 1320.0 1579.0 5487.0 0.0 402.0 134.0 2491.0 1454.0 33.0 1858.0 50.0 646.0 404.0
5458.0 7559.0 3727.0 11271.0 1275.0 74.0 8408.0 2936.0 1561.0 16400.0 2789.0 24.0 5856.0 13102.0 1107.0 40.0 295.0 1874.0 1616.0 6159.0 0.0 372.0 168.0 2881.0 1990.0 20.0 2145.0 44.0 802.0 445.0
5403.0 7271.0 3456.0 10587.0 1090.0 71.0 7532.0 2605.0 1291.0 14609.0 2277.5 40.0 4897.0 11320.0 915.0 35.0 237.0 1426.0 1425.0 5643.0 0.0 324.0 142.0 2391.0 1472.0 25.0 1743.0 48.0 658.0 312.0
5352.0 7012.0 3495.0 9828.0 1041.0 74.0 7350.0 2577.0 1369.0 13141.0 2181.0 21.0 4823.0 10806.0 906.0 35.0 207.0 1405.0 1345.0 5114.0 0.0 328.0 102.0 2508.0 1621.0 38.0 1785.0 39.0 722.0 382.0
5311.0 6993.0 3315.0 9657.0 1052.0 80.0 6899.0 2352.0 1230.0 12966.0 2078.0 18.0 4076.0 9782.0 844.0 41.0 262.0 1220.0 1278.0 4509.0 0.0 320.0 125.0 1976.0 1195.0 23.0 1496.0 49.0 633.0 315.0
5369.0 7231.0 3441.0 10514.0 1175.0 80.0 7612.0 2518.0 1276.0 14579.0 2483.5 14.0 4999.0 11552.0 1005.0 45.0 240.0 1603.0 1571.0 5428.0 0.0 412.0 116.0 2304.0 1563.0 29.0 1593.0 51.0 605.0 318.0
5468.0 7593.0 3684.0 11348.0 1259.0 74.0 8384.0 2819.0 1560.0 16625.0 2737.0 42.0 5814.0 13098.0 1125.0 69.0 238.0 1774.0 1721.0 6021.0 0.0 328.0 164.0 3030.0 1706.0 21.0 1971.0 57.0 825.0 484.0
5439.0 7615.0 3573.0 11409.0 1232.0 94.0 8252.0 2879.0 1525.0 16126.0 2759.0 19.0 5707.0 12749.0 1084.0 71.0 289.0 1780.0 1561.0 6167.0 0.0 478.0 131.0 3018.0 1935.0 42.0 2210.0 66.0 913.0 548.0
5466.0 7591.0 3651.0 11359.0 1171.0 78.0 8176.0 2929.0 1503.0 16413.0 2595.0 18.0 5661.0 12634.0 958.0 54.0 254.0 1620.0 1566.0 6177.0 0.0 406.0 156.0 2696.0 1947.0 29.0 2127.0 74.0 806.0 449.0
5388.0 7509.0 3532.0 11453.0 1248.0 81.0 8275.0 2727.0 1425.0 16969.0 2846.5 22.0 5797.0 13474.0 1092.0 31.0 305.0 1723.0 1771.0 6228.0 0.0 384.0 149.0 2811.0 1780.0 27.0 1955.0 58.0 739.0 420.0
5287.0 7141.0 3184.0 10550.0 1021.0 73.0 7046.0 2365.0 1063.0 14960.0 2329.5 17.0 4858.0 10932.0 799.0 57.0 236.0 1180.0 1292.0 5011.0 0.0 338.0 108.0 1859.0 1439.0 24.0 1381.0 50.0 582.0 249.0
5381.0 7391.0 3437.0 10945.0 1187.0 95.0 7572.0 2700.0 1284.0 15855.0 2698.0 16.0 5100.0 11724.0 949.0 52.0 337.0 1464.0 1318.0 5429.0 0.0 440.0 158.0 2253.0 1791.0 34.0 1844.0 53.0 768.0 317.0
5405.0 7380.0 3469.0 11000.0 1091.0 75.0 7931.0 2597.0 1273.0 16060.0 2491.5 21.0 5483.0 12262.0 931.0 55.0 274.0 1474.0 1643.0 5647.0 0.0 474.0 134.0 2599.0 1590.0 35.0 1731.0 37.0 602.0 288.0
5444.0 7305.0 3616.0 10593.0 1143.0 87.0 7690.0 2782.0 1476.0 14679.0 2431.5 20.0 4923.0 11457.0 906.0 56.0 296.0 1566.0 1419.0 5860.0 0.0 470.0 202.0 2573.0 1658.0 67.0 1991.0 50.0 839.0 439.0
5224.0 6873.0 3172.0 9606.0 1045.0 65.0 6666.0 2213.0 1091.0 12867.0 2185.5 18.0 4109.0 9519.0 769.0 25.0 184.0 1179.0 1145.0 4399.0 0.0 256.0 108.0 1876.0 1313.0 18.0 1262.0 40.0 472.0 236.0
5367.0 7273.0 3338.0 10719.0 1144.0 94.0 7462.0 2387.0 1101.0 15187.0 2494.5 13.0 5201.0 11354.0 879.0 63.0 309.0 1422.0 1444.0 5033.0 0.0 426.0 101.0 2115.0 1498.0 24.0 1442.0 34.0 469.0 197.0
5299.0 7072.0 3469.0 10350.0 1072.0 88.0 7925.0 2511.0 1530.0 14371.0 2346.0 30.0 5309.0 12155.0 932.0 50.0 305.0 1435.0 1827.0 5341.0 0.0 434.0 94.0 3278.0 1827.0 39.0 1985.0 43.0 751.0 615.0
5516.0 7915.0 3740.0 12596.0 1323.0 86.0 9232.0 3131.0 1552.0 19099.0 3086.5 22.0 7079.0 15838.0 1165.0 73.0 320.0 2066.0 2043.0 7594.0 0.0 542.0 185.0 3490.0 2526.0 45.0 2512.0 71.0 931.0 453.0
5314.0 6974.0 3427.0 9777.0 1039.0 69.0 7109.0 2464.0 1336.0 12946.0 2154.5 10.0 4213.0 10488.0 817.0 26.0 243.0 1295.0 1180.0 4765.0 0.0 228.0 114.0 2307.0 1401.0 21.0 1566.0 54.0 665.0 395.0
5383.0 7448.0 3434.0 11142.0 1208.0 84.0 7970.0 2710.0 1267.0 15698.0 2639.0 24.0 5435.0 12479.0 1071.0 62.0 301.0 1695.0 1668.0 5950.0 0.0 376.0 160.0 2512.0 1799.0 32.0 1875.0 59.0 723.0 309.0
5382.0 7329.0 3498.0 11045.0 1158.0 87.0 7865.0 2750.0 1324.0 16260.0 2634.0 15.0 5465.0 12756.0 949.0 52.0 301.0 1624.0 1581.0 6262.0 0.0 426.0 165.0 2475.0 1866.0 49.0 1984.0 53.0 703.0 343.0
5366.0 7201.0 3489.0 10552.0 1051.0 74.0 7634.0 2701.0 1320.0 14820.0 2353.5 10.0 5233.0 11379.0 812.0 51.0 223.0 1533.0 1470.0 5716.0 0.0 350.0 114.0 2385.0 1710.0 32.0 1875.0 51.0 725.0 328.0
5443.0 7561.0 3694.0 11462.0 1173.0 67.0 8729.0 3030.0 1632.0 16625.0 2754.5 15.0 6315.0 14170.0 1031.0 73.0 238.0 1928.0 1859.0 6901.0 0.0 342.0 164.0 3414.0 2295.0 30.0 2411.0 78.0 1086.0 594.0
5400.0 7272.0 3464.0 10871.0 1103.0 79.0 7630.0 2503.0 1319.0 15621.0 2416.0 21.0 5220.0 11885.0 879.0 47.0 276.0 1336.0 1620.0 5623.0 0.0 348.0 97.0 2481.0 1597.0 28.0 1664.0 60.0 645.0 347.0
5444.0 7172.0 3682.0 10141.0 924.0 73.0 7697.0 2773.0 1529.0 13702.0 1961.0 8.0 4924.0 11317.0 681.0 55.0 215.0 1219.0 1515.0 5503.0 0.0 382.0 105.0 2699.0 1811.0 26.0 1921.0 51.0 807.0 443.0
5504.0 7413.0 3782.0 10797.0 1126.0 66.0 8338.0 2895.0 1613.0 14859.0 2323.0 20.0 5519.0 12509.0 1017.0 41.0 210.0 1756.0 1744.0 6117.0 0.0 342.0 123.0 2973.0 1925.0 36.0 2341.0 53.0 815.0 503.0
5372.0 7439.0 3651.0 11589.0 1247.0 71.0 8657.0 2866.0 1625.0 17577.0 2923.5 33.0 6467.0 14997.0 1182.0 66.0 268.0 1787.0 1942.0 6734.0 0.0 374.0 140.0 3320.0 1980.0 29.0 2449.0 39.0 862.0 569.0
5354.0 7210.0 3353.0 10789.0 1055.0 60.0 7270.0 2400.0 1168.0 15405.0 2332.0 17.0 4752.0 11549.0 750.0 38.0 206.0 1290.0 1366.0 5406.0 0.0 256.0 118.0 2056.0 1430.0 18.0 1404.0 37.0 548.0 261.0
5304.0 6986.0 3459.0 10166.0 944.0 75.0 7387.0 2568.0 1356.0 14120.0 2076.0 11.0 4844.0 11313.0 711.0 43.0 223.0 1281.0 1420.0 5444.0 0.0 334.0 90.0 2370.0 1620.0 30.0 1735.0 71.0 698.0 337.0
5418.0 7401.0 3719.0 11496.0 1204.0 86.0 8650.0 2997.0 1649.0 17712.0 2929.0 33.0 6661.0 15057.0 1175.0 63.0 354.0 1930.0 1862.0 7023.0 0.0 420.0 168.0 3571.0 2097.0 38.0 2531.0 63.0 992.0 545.0
5243.0 7137.0 3257.0 10687.0 1187.0 61.0 7503.0 2405.0 1151.0 15656.0 2623.0 24.0 5337.0 11738.0 995.0 62.0 226.0 1559.0 1528.0 5370.0 0.0 302.0 109.0 2245.0 1575.0 14.0 1534.0 45.0 573.0 251.0
5320.0 7132.0 3332.0 10515.0 1076.0 71.0 7297.0 2478.0 1161.0 14405.0 2385.5 11.0 4863.0 11515.0 847.0 52.0 242.0 1404.0 1266.0 5202.0 0.0 368.0 106.0 2119.0 1646.0 25.0 1465.0 38.0 578.0 237.0
5382.0 7609.0 3483.0 11577.0 1293.0 103.0 8242.0 2864.0 1327.0 17217.0 2924.5 18.0 5733.0 13022.0 1194.0 46.0 395.0 1703.0 1630.0 6717.0 0.0 476.0 156.0 2727.0 2021.0 32.0 2086.0 63.0 788.0 317.0
5448.0 7473.0 3649.0 11457.0 1135.0 85.0 8340.0 2783.0 1424.0 17103.0 2702.0 18.0 6054.0 13840.0 1007.0 58.0 328.0 1753.0 1700.0 6236.0 0.0 476.0 124.0 2763.0 1886.0 29.0 1861.0 60.0 713.0 352.0
5444.0 7486.0 3588.0 10959.0 1152.0 96.0 8042.0 2790.0 1499.0 15309.0 2568.0 21.0 5333.0 12036.0 957.0 67.0 302.0 1498.0 1549.0 5757.0 0.0 490.0 143.0 2890.0 1845.0 46.0 2048.0 93.0 819.0 518.0
5491.0 7694.0 3756.0 11288.0 1316.0 90.0 8734.0 3134.0 1567.0 15669.0 2919.5 39.0 5924.0 12709.0 1258.0 70.0 322.0 2015.0 1822.0 6676.0 0.0 476.0 197.0 3141.0 2173.0 36.0 2418.0 78.0 991.0 440.0
5249.0 6787.0 3208.0 9621.0 1090.0 82.0 6730.0 2279.0 1186.0 13091.0 2298.5 23.0 4379.0 10239.0 948.0 39.0 312.0 1299.0 1238.0 4648.0 0.0 364.0 134.0 2077.0 1390.0 26.0 1498.0 52.0 624.0 354.0
5346.0 7317.0 3434.0 10956.0 1149.0 89.0 7740.0 2627.0 1280.0 15901.0 2563.0 13.0 5450.0 12074.0 899.0 48.0 316.0 1609.0 1573.0 5748.0 0.0 478.0 115.0 2386.0 1698.0 28.0 1764.0 52.0 691.0 327.0
5408.0 7312.0 3483.0 10522.0 1139.0 80.0 7620.0 2578.0 1305.0 14811.0 2361.5 18.0 4914.0 11172.0 969.0 75.0 249.0 1454.0 1405.0 5266.0 0.0 432.0 112.0 2374.0 1575.0 35.0 1760.0 52.0 621.0 317.0
5347.0 7193.0 3462.0 10571.0 1184.0 87.0 7639.0 2619.0 1356.0 14888.0 2605.0 21.0 5205.0 12076.0 1044.0 40.0 337.0 1578.0 1639.0 5614.0 0.0 332.0 158.0 2543.0 1635.0 37.0 1890.0 51.0 707.0 362.0
5298.0 6827.0 3356.0 9445.0 926.0 54.0 6911.0 2333.0 1270.0 12745.0 1888.5 20.0 4220.0 9945.0 725.0 41.0 153.0 1106.0 1227.0 4614.0 0.0 266.0 110.0 2128.0 1250.0 13.0 1517.0 32.0 600.0 330.0
5373.0 7428.0 3366.0 11043.0 1230.0 76.0 7718.0 2569.0 1155.0 15318.0 2761.0 18.0 5182.0 12104.0 1061.0 74.0 246.0 1548.0 1477.0 5454.0 0.0 370.0 138.0 2207.0 1749.0 28.0 1596.0 54.0 586.0 232.0
5410.0 7338.0 3556.0 11078.0 1137.0 81.0 7865.0 2638.0 1406.0 15894.0 2622.0 18.0 5332.0 12549.0 916.0 61.0 273.0 1477.0 1548.0 5922.0 0.0 400.0 108.0 2614.0 1629.0 23.0 1899.0 47.0 658.0 373.0
5322.0 7156.0 3399.0 10658.0 1036.0 63.0 7445.0 2522.0 1285.0 15502.0 2431.5 12.0 5220.0 11889.0 792.0 56.0 200.0 1364.0 1432.0 5343.0 0.0 274.0 128.0 2306.0 1497.0 24.0 1710.0 38.0 633.0 310.0
5477.0 7616.0 3585.0 11615.0 1230.0 105.0 8047.0 2790.0 1410.0 16749.0 2815.0 26.0 5546.0 13142.0 992.0 65.0 380.0 1567.0 1546.0 6359.0 0.0 542.0 150.0 2743.0 1690.0 46.0 1916.0 49.0 732.0 399.0
5378.0 7312.0 3585.0 10817.0 1167.0 79.0 8070.0 2782.0 1423.0 15248.0 2549.0 20.0 5391.0 12603.0 1083.0 27.0 284.0 1668.0 1711.0 6136.0 0.0 366.0 152.0 2692.0 1827.0 41.0 2047.0 53.0 734.0 366.0
5484.0 7579.0 3630.0 11274.0 1218.0 79.0 8270.0 2836.0 1358.0 15921.0 2671.0 22.0 5379.0 12789.0 1070.0 65.0 264.0 1650.0 1691.0 5950.0 0.0 406.0 155.0 2625.0 1904.0 25.0 1885.0 54.0 713.0 316.0
5338.0 7320.0 3486.0 10799.0 1113.0 71.0 7813.0 2834.0 1421.0 15100.0 2369.5 10.0 5274.0 12239.0 906.0 40.0 217.0 1634.0 1472.0 5946.0 0.0 342.0 136.0 2582.0 1847.0 21.0 2206.0 79.0 864.0 436.0
5414.0 7297.0 3529.0 10670.0 1103.0 89.0 7545.0 2600.0 1402.0 15208.0 2346.0 16.0 5058.0 11789.0 852.0 47.0 257.0 1328.0 1470.0 5146.0 0.0 398.0 155.0 2358.0 1515.0 34.0 1656.0 69.0 762.0 387.0
5403.0 7433.0 3427.0 10944.0 1175.0 69.0 7703.0 2538.0 1278.0 15886.0 2570.0 26.0 5234.0 12008.0 925.0 50.0 237.0 1482.0 1456.0 5424.0 0.0 302.0 113.0 2391.0 1555.0 18.0 1655.0 29.0 625.0 306.0
5445.0 7109.0 3639.0 10057.0 1068.0 59.0 7443.0 2667.0 1502.0 13632.0 2334.0 17.0 4654.0 11243.0 912.0 35.0 245.0 1375.0 1363.0 5350.0 0.0 300.0 160.0 2533.0 1463.0 23.0 1931.0 35.0 798.0 447.0
5263.0 7006.0 3323.0 10383.0 1035.0 71.0 7297.0 2504.0 1174.0 15256.0 2359.5 24.0 5089.0 11636.0 795.0 30.0 248.0 1350.0 1394.0 5329.0 0.0 332.0 120.0 2235.0 1665.0 27.0 1600.0 53.0 613.0 232.0
5464.0 7277.0 3806.0 10398.0 1095.0 80.0 8211.0 2943.0 1786.0 13955.0 2291.5 22.0 5243.0 12772.0 968.0 34.0 246.0 1605.0 1806.0 6117.0 0.0 312.0 143.0 3356.0 1794.0 41.0 2462.0 87.0 967.0 682.0
5357.0 7236.0 3537.0 10583.0 1194.0 94.0 7538.0 2633.0 1616.0 15283.0 2687.5 23.0 4939.0 11125.0 1056.0 63.0 336.0 1475.0 1375.0 5083.0 0.0 510.0 111.0 2699.0 1508.0 40.0 1954.0 57.0 913.0 696.0
5273.0 7013.0 3256.0 10064.0 1083.0 69.0 7190.0 2271.0 1197.0 14079.0 2294.5 20.0 4833.0 10949.0 892.0 51.0 223.0 1246.0 1399.0 4817.0 0.0 328.0 131.0 2221.0 1404.0 27.0 1501.0 37.0 514.0 337.0
5358.0 7170.0 3503.0 10360.0 1110.0 73.0 7846.0 2664.0 1492.0 14231.0 2239.0 10.0 5065.0 11823.0 1089.0 30.0 237.0 1441.0 1649.0 5830.0 0.0 306.0 153.0 3014.0 1784.0 27.0 2127.0 38.0 823.0 523.0
5388.0 7105.0 3487.0 10437.0 1075.0 75.0 7316.0 2501.0 1337.0 14493.0 2375.5 22.0 5092.0 11255.0 844.0 46.0 272.0 1470.0 1416.0 5199.0 0.0 396.0 132.0 2254.0 1574.0 15.0 1513.0 58.0 627.0 361.0
5450.0 7597.0 3677.0 11323.0 1245.0 88.0 8752.0 3040.0 1561.0 16174.0 2748.0 14.0 6173.0 14393.0 1137.0 57.0 327.0 1893.0 2175.0 6958.0 0.0 452.0 177.0 3458.0 2356.0 50.0 2487.0 61.0 968.0 459.0
5378.0 7210.0 3447.0 10198.0 1186.0 82.0 7570.0 2554.0 1355.0 13970.0 2442.5 35.0 4904.0 10883.0 1012.0 40.0 289.0 1561.0 1430.0 5024.0 0.0 338.0 128.0 2431.0 1597.0 42.0 1901.0 61.0 760.0 426.0
5407.0 7105.0 3587.0 10317.0 1033.0 73.0 7583.0 2655.0 1394.0 14577.0 2197.0 21.0 4883.0 11972.0 842.0 29.0 227.0 1378.0 1454.0 5557.0 0.0 350.0 155.0 2437.0 1581.0 39.0 1821.0 43.0 711.0 341.0
5320.0 7028.0 3459.0 10168.0 1008.0 83.0 7329.0 2579.0 1384.0 14251.0 2175.0 11.0 4716.0 11290.0 814.0 67.0 288.0 1305.0 1426.0 5327.0 0.0 418.0 92.0 2383.0 1636.0 28.0 1652.0 68.0 757.0 381.0
5513.0 7571.0 3695.0 11263.0 1146.0 66.0 8379.0 2815.0 1456.0 15624.0 2548.5 16.0 5598.0 12933.0 952.0 55.0 252.0 1607.0 1738.0 5921.0 0.0 322.0 118.0 2931.0 1966.0 21.0 1897.0 55.0 774.0 371.0
5378.0 7432.0 3398.0 11084.0 1264.0 76.0 7630.0 2565.0 1205.0 16244.0 2755.5 33.0 5303.0 12022.0 1044.0 60.0 280.0 1574.0 1469.0 5478.0 0.0 362.0 165.0 2165.0 1547.0 21.0 1574.0 44.0 595.0 262.0
5368.0 7300.0 3396.0 10586.0 1181.0 82.0 7660.0 2497.0 1238.0 14747.0 2426.5 16.0 5246.0 11207.0 971.0 25.0 280.0 1436.0 1481.0 5283.0 0.0 354.0 149.0 2417.0 1510.0 23.0 1619.0 42.0 592.0 310.0
5408.0 7219.0 3535.0 10575.0 1111.0 83.0 7663.0 2586.0 1444.0 14667.0 2427.5 12.0 4913.0 11758.0 1000.0 38.0 271.0 1517.0 1384.0 5362.0 0.0 428.0 134.0 2630.0 1614.0 27.0 1765.0 65.0 777.0 458.0
5335.0 7234.0 3407.0 10875.0 1116.0 77.0 7662.0 2512.0 1244.0 15327.0 2504.5 17.0 5157.0 12090.0 971.0 45.0 293.0 1371.0 1534.0 5824.0 0.0 398.0 127.0 2490.0 1682.0 28.0 1678.0 43.0 597.0 287.0
5351.0 7175.0 3409.0 10656.0 1096.0 66.0 7402.0 2476.0 1324.0 15152.0 2595.0 27.0 4883.0 12034.0 912.0 49.0 217.0 1382.0 1332.0 5196.0 0.0 316.0 117.0 2411.0 1576.0 23.0 1585.0 48.0 680.0 390.0
5366.0 7164.0 3443.0 10500.0 1108.0 80.0 7525.0 2600.0 1363.0 14708.0 2451.0 23.0 4922.0 11284.0 990.0 40.0 268.0 1461.0 1433.0 5544.0 0.0 440.0 139.0 2657.0 1639.0 43.0 1901.0 55.0 739.0 398.0
5491.0 7556.0 3657.0 11125.0 1176.0 72.0 8154.0 2724.0 1505.0 15563.0 2573.0 14.0 5131.0 12404.0 1039.0 54.0 225.0 1534.0 1753.0 5795.0 0.0 346.0 108.0 2931.0 1638.0 10.0 1790.0 48.0 846.0 461.0
5333.0 7025.0 3434.0 10060.0 1045.0 72.0 7163.0 2531.0 1263.0 13985.0 2243.0 16.0 4510.0 10865.0 791.0 42.0 245.0 1335.0 1211.0 4997.0 0.0 314.0 125.0 2113.0 1492.0 25.0 1557.0 47.0 642.0 299.0
5262.0 7271.0 3236.0 11009.0 1297.0 90.0 7596.0 2524.0 1142.0 15986.0 2909.0 31.0 5550.0 11808.0 1100.0 62.0 349.0 1750.0 1482.0 5583.0 0.0 452.0 148.0 2299.0 1726.0 37.0 1645.0 32.0 637.0 280.0
5319.0 7040.0 3410.0 10224.0 1141.0 93.0 7113.0 2461.0 1364.0 14266.0 2478.0 21.0 4530.0 10994.0 885.0 57.0 305.0 1433.0 1326.0 4990.0 0.0 420.0 123.0 2255.0 1417.0 37.0 1611.0 55.0 673.0 437.0
5433.0 7272.0 3623.0 10609.0 1071.0 69.0 7758.0 2689.0 1401.0 14807.0 2283.0 20.0 4865.0 11905.0 897.0 58.0 243.0 1378.0 1560.0 5689.0 0.0 398.0 101.0 2451.0 1720.0 22.0 1762.0 52.0 678.0 344.0
5397.0 7504.0 3557.0 11374.0 1294.0 93.0 8247.0 2793.0 1410.0 16316.0 2904.5 27.0 5679.0 12821.0 1196.0 66.0 364.0 1789.0 1702.0 6490.0 0.0 470.0 133.0 2754.0 1849.0 36.0 2065.0 87.0 789.0 406.0
5467.0 7581.0 3682.0 11592.0 1189.0 113.0 8514.0 2859.0 1486.0 16672.0 2677.0 21.0 6040.0 14064.0 1066.0 34.0 417.0 1653.0 1879.0 6577.0 0.0 664.0 155.0 2909.0 1893.0 59.0 2102.0 67.0 732.0 381.0
5467.0 7424.0 3600.0 11172.0 1096.0 73.0 7970.0 2685.0 1397.0 16034.0 2497.5 20.0 5430.0 12938.0 886.0 43.0 238.0 1457.0 1464.0 5849.0 0.0 356.0 128.0 2681.0 1675.0 35.0 1877.0 55.0 685.0 379.0
5381.0 7761.0 3458.0 12308.0 1336.0 111.0 8304.0 2886.0 1315.0 19191.0 3184.0 23.0 6010.0 14150.0 1103.0 94.0 397.0 1820.0 1529.0 6793.0 0.0 576.0 165.0 2710.0 1992.0 49.0 2030.0 94.0 819.0 335.0
5521.0 7860.0 3696.0 12091.0 1271.0 91.0 8835.0 2986.0 1465.0 18139.0 2958.0 24.0 6222.0 14158.0 1119.0 67.0 308.0 1824.0 1828.0 6585.0 0.0 542.0 131.0 2964.0 2155.0 34.0 2237.0 69.0 826.0 377.0
5345.0 7436.0 3353.0 11094.0 1169.0 87.0 7809.0 2659.0 1241.0 15804.0 2507.0 19.0 5107.0 12404.0 945.0 66.0 294.0 1533.0 1505.0 5902.0 0.0 452.0 153.0 2486.0 1744.0 29.0 1887.0 56.0 688.0 331.0
5246.0 6899.0 3292.0 10240.0 1095.0 91.0 7125.0 2388.0 1209.0 14207.0 2504.0 32.0 4942.0 11393.0 868.0 45.0 299.0 1316.0 1370.0 5094.0 0.0 374.0 130.0 2123.0 1519.0 43.0 1585.0 59.0 554.0 303.0
5398.0 7144.0 3538.0 10054.0 1083.0 79.0 7475.0 2567.0 1455.0 13880.0 2237.5 22.0 4508.0 10860.0 911.0 51.0 222.0 1401.0 1301.0 5027.0 0.0 400.0 108.0 2779.0 1572.0 31.0 1732.0 47.0 711.0 485.0
5246.0 7028.0 3100.0 10232.0 1095.0 75.0 6899.0 2087.0 1020.0 14322.0 2343.0 18.0 4566.0 10477.0 928.0 51.0 241.0 1297.0 1258.0 4556.0 0.0 394.0 90.0 1951.0 1235.0 20.0 1194.0 33.0 403.0 229.0
5489.0 7566.0 3669.0 11163.0 1187.0 100.0 8240.0 2895.0 1433.0 16195.0 2595.0 24.0 5518.0 12644.0 956.0 61.0 300.0 1722.0 1624.0 6098.0 0.0 420.0 141.0 2646.0 1951.0 45.0 2078.0 81.0 756.0 366.0
5203.0 7077.0 3061.0 10651.0 1175.0 69.0 7161.0 2215.0 1007.0 14947.0 2725.0 25.0 5331.0 11516.0 974.0 39.0 244.0 1406.0 1370.0 5125.0 0.0 338.0 138.0 2278.0 1496.0 23.0 1383.0 25.0 471.0 216.0
5369.0 7238.0 3561.0 10366.0 1131.0 112.0 7646.0 2868.0 1420.0 14044.0 2302.0 25.0 4789.0 11456.0 960.0 33.0 347.0 1545.0 1429.0 5931.0 0.0 400.0 169.0 2592.0 1792.0 66.0 2025.0 82.0 870.0 374.0
5590.0 7780.0 3970.0 12001.0 1254.0 98.0 8886.0 3317.0 1746.0 17973.0 2809.5 20.0 6241.0 14427.0 1014.0 67.0 352.0 1965.0 1687.0 7165.0 0.0 506.0 186.0 3219.0 2346.0 38.0 2557.0 74.0 1092.0 523.0
5379.0 7388.0 3531.0 10788.0 1196.0 89.0 8096.0 2784.0 1470.0 14677.0 2538.5 20.0 5428.0 12147.0 1038.0 43.0 323.0 1749.0 1753.0 5862.0 0.0 406.0 171.0 2960.0 1821.0 45.0 2089.0 70.0 909.0 448.0
5261.0 6933.0 3266.0 10050.0 987.0 60.0 7099.0 2378.0 1144.0 13838.0 2068.0 15.0 4640.0 10734.0 791.0 33.0 205.0 1170.0 1355.0 5017.0 0.0 254.0 124.0 2123.0 1465.0 23.0 1558.0 39.0 534.0 261.0
5396.0 7108.0 3509.0 10329.0 1022.0 60.0 7533.0 2459.0 1427.0 13997.0 2266.0 12.0 4871.0 11710.0 834.0 34.0 221.0 1317.0 1419.0 5315.0 0.0 264.0 116.0 2684.0 1375.0 21.0 1789.0 19.0 682.0 427.0
5398.0 7395.0 3449.0 10951.0 1188.0 71.0 7723.0 2628.0 1218.0 15665.0 2624.5 19.0 5180.0 11753.0 959.0 50.0 209.0 1506.0 1417.0 5660.0 0.0 304.0 139.0 2228.0 1666.0 30.0 1710.0 48.0 606.0 246.0
5343.0 7105.0 3442.0 10130.0 1083.0 75.0 7386.0 2524.0 1226.0 13877.0 2197.0 20.0 4694.0 10706.0 887.0 46.0 241.0 1379.0 1453.0 5046.0 0.0 294.0 130.0 2112.0 1529.0 30.0 1536.0 60.0 584.0 241.0
5405.0 7232.0 3554.0 10633.0 1060.0 82.0 7717.0 2579.0 1427.0 14676.0 2319.5 24.0 5059.0 12355.0 861.0 55.0 291.0 1369.0 1526.0 5531.0 0.0 370.0 94.0 2582.0 1628.0 41.0 1776.0 39.0 696.0 398.0
5435.0 7490.0 3645.0 11227.0 1170.0 85.0 8313.0 2849.0 1449.0 15971.0 2665.5 22.0 5927.0 13423.0 1018.0 51.0 301.0 1715.0 1652.0 6168.0 0.0 464.0 126.0 2954.0 1999.0 38.0 1939.0 54.0 796.0 382.0
5471.0 7515.0 3575.0 11251.0 1130.0 76.0 8086.0 2760.0 1331.0 16255.0 2510.5 15.0 5514.0 12647.0 919.0 44.0 259.0 1541.0 1656.0 6013.0 0.0 350.0 144.0 2742.0 1797.0 30.0 1801.0 45.0 713.0 328.0
5440.0 7303.0 3626.0 10910.0 1157.0 73.0 7749.0 2701.0 1522.0 16044.0 2700.0 32.0 5305.0 12676.0 954.0 73.0 266.0 1577.0 1329.0 5678.0 0.0 418.0 154.0 2709.0 1763.0 23.0 1829.0 51.0 850.0 477.0
5324.0 7099.0 3466.0 10492.0 1105.0 72.0 7523.0 2787.0 1489.0 14934.0 2402.5 17.0 5023.0 11585.0 932.0 63.0 260.0 1539.0 1483.0 6077.0 0.0 362.0 164.0 2858.0 1837.0 27.0 2155.0 60.0 976.0 559.0
5426.0 7156.0 3765.0 10308.0 1125.0 85.0 7961.0 2849.0 1644.0 14010.0 2402.5 18.0 5147.0 12123.0 1038.0 36.0 263.0 1638.0 1560.0 5964.0 0.0 398.0 154.0 2900.0 1816.0 30.0 2052.0 75.0 840.0 538.0
5272.0 7070.0 3248.0 10592.0 1118.0 81.0 7246.0 2325.0 1127.0 15655.0 2564.5 20.0 4980.0 11406.0 878.0 81.0 293.0 1364.0 1440.0 5284.0 0.0 402.0 155.0 2171.0 1397.0 23.0 1476.0 34.0 496.0 254.0
5359.0 7211.0 3472.0 10621.0 1164.0 98.0 7723.0 2561.0 1423.0 15059.0 2634.5 36.0 5231.0 11973.0 996.0 58.0 357.0 1524.0 1573.0 5423.0 0.0 470.0 152.0 2731.0 1520.0 37.0 2007.0 59.0 707.0 478.0
5237.0 7133.0 3185.0 10601.0 1188.0 96.0 7222.0 2418.0 1117.0 15389.0 2615.0 24.0 4778.0 11483.0 1016.0 54.0 329.0 1499.0 1364.0 5220.0 0.0 382.0 145.0 2173.0 1540.0 42.0 1540.0 64.0 638.0 233.0
5330.0 7341.0 3507.0 10909.0 1229.0 80.0 7670.0 2739.0 1535.0 15576.0 2704.0 40.0 5069.0 12104.0 1077.0 78.0 268.0 1550.0 1312.0 5634.0 0.0 322.0 187.0 2656.0 1621.0 31.0 1998.0 62.0 930.0 523.0
5333.0 7270.0 3320.0 10674.0 1202.0 98.0 7549.0 2417.0 1157.0 15165.0 2688.5 12.0 5198.0 11552.0 1011.0 50.0 310.0 1531.0 1437.0 5209.0 0.0 474.0 124.0 2269.0 1499.0 33.0 1490.0 49.0 536.0 257.0
5397.0 7187.0 3601.0 10506.0 1142.0 87.0 7917.0 2608.0 1461.0 14189.0 2447.5 26.0 5134.0 12308.0 1085.0 74.0 301.0 1522.0 1629.0 5724.0 0.0 546.0 137.0 2869.0 1561.0 59.0 1815.0 49.0 674.0 418.0
5319.0 7217.0 3352.0 10441.0 1158.0 79.0 7529.0 2645.0 1219.0 14637.0 2390.5 25.0 4887.0 11530.0 963.0 70.0 263.0 1500.0 1513.0 5683.0 0.0 282.0 123.0 2252.0 1763.0 38.0 1816.0 51.0 726.0 289.0
5371.0 6998.0 3595.0 9912.0 1051.0 79.0 7391.0 2614.0 1491.0 13786.0 2267.0 17.0 4672.0 10751.0 857.0 32.0 265.0 1355.0 1436.0 5224.0 0.0 300.0 119.0 2425.0 1599.0 29.0 1781.0 61.0 763.0 438.0
5321.0 7084.0 3376.0 10260.0 1038.0 69.0 7466.0 2526.0 1257.0 13987.0 2273.0 17.0 4889.0 11751.0 865.0 39.0 230.0 1404.0 1521.0 5361.0 0.0 342.0 76.0 2440.0 1666.0 22.0 1695.0 47.0 697.0 316.0
5343.0 7165.0 3399.0 10625.0 1148.0 82.0 7281.0 2469.0 1278.0 15195.0 2548.5 26.0 4897.0 11381.0 907.0 79.0 287.0 1421.0 1318.0 5382.0 0.0 452.0 117.0 2121.0 1444.0 30.0 1582.0 51.0 659.0 317.0
5405.0 7184.0 3437.0 10332.0 1053.0 63.0 7446.0 2544.0 1294.0 14165.0 2198.5 16.0 4796.0 11509.0 854.0 45.0 173.0 1440.0 1318.0 5299.0 0.0 346.0 125.0 2562.0 1665.0 29.0 1827.0 32.0 678.0 351.0
5425.0 7295.0 3490.0 11011.0 1157.0 87.0 7434.0 2567.0 1286.0 16098.0 2568.0 22.0 5082.0 12141.0 892.0 43.0 309.0 1475.0 1295.0 5481.0 0.0 344.0 102.0 2151.0 1548.0 28.0 1616.0 42.0 600.0 305.0
5417.0 7650.0 3495.0 12008.0 1286.0 88.0 8654.0 2821.0 1304.0 18095.0 2999.0 24.0 6270.0 14757.0 1199.0 62.0 339.0 1937.0 2000.0 7118.0 0.0 444.0 148.0 2999.0 2059.0 45.0 2289.0 59.0 678.0 331.0
5343.0 7059.0 3384.0 9952.0 1108.0 71.0 7123.0 2534.0 1204.0 13420.0 2256.0 12.0 4260.0 10314.0 886.0 52.0 232.0 1433.0 1335.0 5103.0 0.0 338.0 151.0 2000.0 1425.0 22.0 1623.0 43.0 614.0 267.0
5424.0 7275.0 3653.0 10789.0 1133.0 68.0 7904.0 2899.0 1673.0 15347.0 2617.5 24.0 5451.0 13126.0 984.0 72.0 227.0 1701.0 1599.0 6060.0 0.0 360.0 133.0 3076.0 1921.0 22.0 2289.0 75.0 1164.0 658.0
5447.0 7229.0 3569.0 10269.0 1073.0 71.0 7226.0 2509.0 1374.0 14165.0 2185.5 16.0 4415.0 10771.0 866.0 51.0 204.0 1289.0 1249.0 4842.0 0.0 308.0 121.0 2228.0 1295.0 31.0 1527.0 41.0 616.0 339.0
5437.0 7446.0 3662.0 10976.0 1109.0 74.0 8161.0 2827.0 1558.0 15754.0 2433.5 18.0 5633.0 12415.0 914.0 37.0 241.0 1512.0 1784.0 6025.0 0.0 382.0 127.0 2925.0 1746.0 31.0 2043.0 44.0 905.0 486.0
5266.0 6996.0 3312.0 10038.0 1067.0 77.0 7154.0 2435.0 1250.0 13790.0 2373.0 24.0 4536.0 10528.0 852.0 41.0 257.0 1358.0 1390.0 5080.0 0.0 342.0 112.0 2286.0 1456.0 25.0 1614.0 42.0 628.0 335.0
5369.0 7389.0 3409.0 10974.0 1148.0 82.0 7603.0 2599.0 1228.0 15438.0 2485.0 17.0 5212.0 11732.0 863.0 54.0 294.0 1404.0 1425.0 5449.0 0.0 406.0 138.0 2277.0 1592.0 27.0 1628.0 36.0 636.0 261.0
5449.0 7324.0 3711.0 10558.0 1138.0 81.0 7969.0 2950.0 1653.0 14550.0 2340.0 15.0 4976.0 11725.0 938.0 27.0 265.0 1625.0 1435.0 5837.0 0.0 342.0 197.0 2788.0 1786.0 41.0 2427.0 67.0 1066.0 595.0
5410.0 7393.0 3575.0 10817.0 1132.0 90.0 8009.0 2793.0 1375.0 14998.0 2477.0 21.0 5383.0 12136.0 961.0 60.0 284.0 1476.0 1640.0 5695.0 0.0 446.0 119.0 2642.0 1926.0 43.0 1913.0 58.0 723.0 333.0
5360.0 7371.0 3343.0 11136.0 1254.0 110.0 7686.0 2468.0 1196.0 16951.0 2899.5 27.0 5394.0 12652.0 1134.0 64.0 423.0 1532.0 1549.0 5378.0 0.0 512.0 128.0 2357.0 1550.0 56.0 1635.0 58.0 594.0 265.0
5331.0 7155.0 3349.0 10469.0 1020.0 75.0 7583.0 2494.0 1180.0 14629.0 2220.5 19.0 5048.0 11346.0 812.0 34.0 222.0 1487.0 1608.0 5354.0 0.0 352.0 85.0 2322.0 1653.0 18.0 1634.0 50.0 575.0 263.0
5323.0 7210.0 3397.0 10572.0 1138.0 103.0 7548.0 2586.0 1269.0 15012.0 2466.0 19.0 5060.0 11694.0 935.0 65.0 358.0 1497.0 1357.0 5363.0 0.0 552.0 100.0 2335.0 1705.0 59.0 1759.0 79.0 637.0 341.0
5288.0 6852.0 3396.0 9594.0 980.0 66.0 7130.0 2407.0 1392.0 13230.0 2059.5 22.0 4636.0 10583.0 723.0 47.0 189.0 1312.0 1330.0 4581.0 0.0 332.0 88.0 2498.0 1457.0 20.0 1711.0 32.0 708.0 453.0
5358.0 7120.0 3498.0 10322.0 1075.0 99.0 7392.0 2617.0 1329.0 14665.0 2354.5 22.0 4836.0 11174.0 901.0 53.0 299.0 1377.0 1359.0 5290.0 0.0 400.0 123.0 2289.0 1550.0 43.0 1630.0 69.0 694.0 316.0
5365.0 7350.0 3468.0 11033.0 1187.0 99.0 7857.0 2648.0 1404.0 15870.0 2683.5 33.0 5429.0 12498.0 1013.0 48.0 383.0 1507.0 1591.0 5950.0 0.0 412.0 181.0 2795.0 1725.0 53.0 1908.0 61.0 713.0 451.0
5467.0 7483.0 3521.0 11221.0 1151.0 86.0 7727.0 2689.0 1230.0 16325.0 2549.5 35.0 5252.0 12324.0 955.0 33.0 286.0 1442.0 1441.0 5789.0 0.0 384.0 121.0 2163.0 1705.0 30.0 1690.0 56.0 625.0 257.0
5311.0 7370.0 3252.0 11303.0 1193.0 93.0 7435.0 2486.0 1150.0 17300.0 2873.0 23.0 5235.0 12362.0 894.0 62.0 364.0 1471.0 1369.0 5510.0 0.0 504.0 120.0 2236.0 1659.0 32.0 1527.0 53.0 606.0 276.0
5191.0 6603.0 3075.0 9007.0 937.0 65.0 6341.0 2043.0 993.0 12004.0 1889.0 18.0 3949.0 8885.0 746.0 43.0 199.0 1074.0 1170.0 3951.0 0.0 246.0 73.0 1695.0 1231.0 17.0 1194.0 29.0 388.0 208.0
5395.0 7447.0 3378.0 11210.0 1189.0 81.0 7830.0 2459.0 1147.0 16430.0 2645.0 21.0 5615.0 12535.0 1004.0 53.0 234.0 1544.0 1638.0 5429.0 0.0 386.0 103.0 2348.0 1541.0 29.0 1464.0 46.0 538.0 217.0
5293.0 6980.0 3272.0 10175.0 1073.0 63.0 7014.0 2348.0 1133.0 14170.0 2437.5 17.0 4637.0 10720.0 834.0 52.0 227.0 1393.0 1310.0 4815.0 0.0 334.0 90.0 2053.0 1453.0 16.0 1374.0 37.0 561.0 237.0
5512.0 7603.0 3843.0 11267.0 1184.0 86.0 8425.0 3170.0 1741.0 15730.0 2630.0 19.0 5670.0 12784.0 974.0 56.0 301.0 1743.0 1634.0 6674.0 0.0 406.0 149.0 3169.0 2113.0 30.0 2406.0 59.0 1096.0 632.0
5242.0 7043.0 3226.0 10264.0 1113.0 90.0 7058.0 2332.0 1173.0 14791.0 2401.0 27.0 4809.0 10788.0 865.0 53.0 294.0 1320.0 1301.0 5000.0 0.0 408.0 131.0 2140.0 1349.0 33.0 1478.0 46.0 531.0 303.0
5357.0 7310.0 3378.0 11018.0 1100.0 56.0 7695.0 2505.0 1191.0 16101.0 2502.5 24.0 5298.0 12319.0 912.0 55.0 190.0 1409.0 1450.0 5511.0 0.0 294.0 114.0 2244.0 1589.0 28.0 1663.0 38.0 520.0 277.0
5343.0 6986.0 3398.0 10209.0 1022.0 96.0 7096.0 2350.0 1376.0 14000.0 2324.0 16.0 4530.0 11067.0 822.0 58.0 294.0 1215.0 1288.0 4957.0 0.0 528.0 107.0 2430.0 1406.0 55.0 1485.0 61.0 605.0 539.0
5446.0 7447.0 3654.0 11212.0 1138.0 90.0 8129.0 2828.0 1568.0 15922.0 2605.0 15.0 5313.0 12768.0 953.0 56.0 315.0 1516.0 1655.0 6283.0 0.0 414.0 128.0 3010.0 1847.0 48.0 2110.0 64.0 853.0 488.0
5389.0 7341.0 3401.0 10836.0 1123.0 81.0 7409.0 2497.0 1263.0 15795.0 2532.0 16.0 4876.0 11470.0 839.0 47.0 271.0 1414.0 1317.0 5197.0 0.0 384.0 97.0 2301.0 1457.0 27.0 1634.0 43.0 614.0 307.0
5425.0 7516.0 3565.0 11427.0 1234.0 99.0 8232.0 2880.0 1335.0 16249.0 2748.5 20.0 5726.0 13092.0 1072.0 81.0 385.0 1565.0 1693.0 6500.0 0.0 596.0 148.0 2835.0 2105.0 45.0 1961.0 73.0 820.0 320.0
5357.0 7279.0 3520.0 10630.0 1087.0 77.0 7804.0 2723.0 1534.0 14538.0 2323.5 13.0 5204.0 11797.0 860.0 49.0 256.0 1410.0 1603.0 5963.0 0.0 334.0 153.0 2889.0 1615.0 32.0 2039.0 32.0 875.0 524.0
5291.0 6892.0 3344.0 9566.0 952.0 75.0 6958.0 2384.0 1328.0 12620.0 1932.0 17.0 4250.0 10041.0 726.0 38.0 230.0 1144.0 1336.0 4736.0 0.0 320.0 125.0 2226.0 1383.0 25.0 1597.0 33.0 664.0 407.0
5448.0 7557.0 3648.0 11311.0 1121.0 88.0 8442.0 2891.0 1517.0 16024.0 2457.5 19.0 5808.0 13207.0 928.0 72.0 278.0 1650.0 1786.0 6288.0 0.0 482.0 90.0 3122.0 2117.0 35.0 2237.0 58.0 847.0 463.0
5323.0 7049.0 3365.0 10030.0 1043.0 69.0 7103.0 2453.0 1226.0 13613.0 2166.5 22.0 4579.0 10479.0 786.0 34.0 232.0 1376.0 1261.0 4970.0 0.0 314.0 108.0 2224.0 1440.0 22.0 1430.0 59.0 640.0 288.0
5393.0 7282.0 3437.0 10599.0 1083.0 86.0 7679.0 2521.0 1271.0 14579.0 2288.0 15.0 5119.0 11661.0 846.0 45.0 275.0 1400.0 1510.0 5407.0 0.0 420.0 117.0 2457.0 1536.0 42.0 1653.0 47.0 587.0 319.0
5289.0 7174.0 3256.0 10566.0 1132.0 72.0 7414.0 2391.0 1224.0 15609.0 2539.0 22.0 5248.0 11640.0 916.0 35.0 218.0 1397.0 1502.0 5326.0 0.0 330.0 122.0 2607.0 1524.0 24.0 1624.0 33.0 646.0 346.0
5311.0 6921.0 3408.0 9836.0 1065.0 90.0 7133.0 2346.0 1302.0 13355.0 2339.5 17.0 4616.0 10760.0 895.0 47.0 303.0 1269.0 1341.0 4492.0 0.0 430.0 101.0 2216.0 1350.0 42.0 1551.0 43.0 570.0 357.0
5545.0 7685.0 3925.0 11750.0 1159.0 87.0 8972.0 3176.0 1695.0 17206.0 2616.5 12.0 5813.0 14757.0 1123.0 53.0 250.0 1825.0 1872.0 7171.0 0.0 506.0 152.0 3341.0 2253.0 53.0 2481.0 98.0 935.0 470.0
5384.0 7291.0 3552.0 10817.0 1141.0 74.0 7919.0 2764.0 1476.0 15597.0 2539.5 19.0 5466.0 12080.0 1039.0 45.0 243.0 1638.0 1589.0 5962.0 0.0 382.0 128.0 2758.0 1894.0 36.0 2037.0 69.0 865.0 473.0
5360.0 7284.0 3365.0 10551.0 1204.0 76.0 7587.0 2413.0 1242.0 14895.0 2486.0 31.0 4885.0 11212.0 1078.0 58.0 279.0 1498.0 1427.0 5025.0 0.0 372.0 152.0 2438.0 1461.0 34.0 1550.0 43.0 558.0 320.0
5519.0 7734.0 3779.0 11738.0 1255.0 66.0 8915.0 2959.0 1595.0 17063.0 2786.5 25.0 6307.0 13979.0 1095.0 50.0 265.0 1870.0 1976.0 6760.0 0.0 376.0 147.0 3407.0 2104.0 22.0 2303.0 53.0 849.0 477.0
5312.0 6893.0 3468.0 9605.0 988.0 77.0 7387.0 2529.0 1351.0 12683.0 1954.5 13.0 4401.0 10711.0 837.0 56.0 229.0 1339.0 1441.0 5122.0 0.0 370.0 113.0 2575.0 1657.0 34.0 1727.0 57.0 671.0 343.0
5295.0 7093.0 3283.0 10425.0 978.0 65.0 7197.0 2493.0 1206.0 14764.0 2164.5 10.0 4926.0 11356.0 667.0 44.0 191.0 1351.0 1363.0 5313.0 0.0 342.0 89.0 2177.0 1623.0 19.0 1654.0 50.0 686.0 301.0
5402.0 7374.0 3518.0 11032.0 1144.0 83.0 7800.0 2631.0 1397.0 15507.0 2615.5 21.0 5410.0 12192.0 912.0 49.0 308.0 1494.0 1453.0 5851.0 0.0 438.0 138.0 2560.0 1630.0 33.0 1873.0 64.0 692.0 406.0
5400.0 7421.0 3509.0 11246.0 1129.0 62.0 7962.0 2683.0 1296.0 16644.0 2500.5 26.0 5470.0 12834.0 956.0 41.0 210.0 1523.0 1607.0 6326.0 0.0 300.0 170.0 2467.0 1543.0 22.0 1918.0 28.0 620.0 294.0
5431.0 7428.0 3518.0 11004.0 1171.0 77.0 7827.0 2693.0 1277.0 15660.0 2562.0 16.0 5375.0 12232.0 947.0 48.0 254.0 1657.0 1485.0 5770.0 0.0 362.0 135.0 2391.0 1707.0 24.0 1712.0 48.0 664.0 287.0
5307.0 7001.0 3433.0 10094.0 1085.0 82.0 7338.0 2608.0 1333.0 14253.0 2239.5 17.0 4809.0 11144.0 907.0 36.0 280.0 1478.0 1387.0 5444.0 0.0 354.0 166.0 2444.0 1731.0 32.0 1885.0 66.0 721.0 347.0
5365.0 7324.0 3367.0 10378.0 1145.0 100.0 7391.0 2677.0 1171.0 14093.0 2268.5 21.0 4633.0 10651.0 935.0 49.0 279.0 1511.0 1332.0 5258.0 0.0 442.0 124.0 2141.0 1636.0 46.0 1733.0 69.0 670.0 242.0
5382.0 7285.0 3403.0 10904.0 1131.0 71.0 7671.0 2425.0 1259.0 15511.0 2596.0 26.0 5419.0 12135.0 923.0 50.0 261.0 1447.0 1500.0 5388.0 0.0 352.0 122.0 2418.0 1642.0 30.0 1603.0 41.0 560.0 308.0
5431.0 7309.0 3541.0 10737.0 1187.0 89.0 7666.0 2547.0 1371.0 14905.0 2544.0 19.0 5191.0 11563.0 974.0 51.0 311.0 1544.0 1518.0 5405.0 0.0 366.0 134.0 2438.0 1630.0 40.0 1619.0 56.0 596.0 379.0
5265.0 6780.0 3250.0 9648.0 1011.0 71.0 6593.0 2258.0 1208.0 13111.0 2163.0 13.0 4119.0 10091.0 764.0 34.0 209.0 1237.0 1160.0 4433.0 0.0 258.0 93.0 1992.0 1207.0 21.0 1425.0 40.0 576.0 319.0
5451.0 7177.0 3692.0 10211.0 1104.0 72.0 7569.0 2761.0 1562.0 14170.0 2253.0 19.0 4569.0 11090.0 917.0 53.0 270.0 1391.0 1355.0 5446.0 0.0 318.0 139.0 2477.0 1577.0 27.0 2048.0 45.0 839.0 526.0
5319.0 7136.0 3426.0 10503.0 1076.0 103.0 7536.0 2629.0 1351.0 14725.0 2366.5 14.0 4858.0 12333.0 908.0 35.0 350.0 1401.0 1457.0 5935.0 0.0 462.0 156.0 2464.0 1620.0 65.0 1942.0 76.0 743.0 371.0
5362.0 7223.0 3560.0 10637.0 1159.0 74.0 7891.0 2759.0 1480.0 14299.0 2562.0 22.0 5359.0 12421.0 1060.0 45.0 251.0 1682.0 1617.0 5953.0 0.0 382.0 130.0 2792.0 1947.0 16.0 2014.0 59.0 833.0 413.0
5316.0 7256.0 3343.0 10740.0 1177.0 87.0 7730.0 2566.0 1188.0 14709.0 2570.5 30.0 5193.0 11843.0 1003.0 71.0 328.0 1511.0 1615.0 5698.0 0.0 470.0 151.0 2411.0 1807.0 38.0 1708.0 64.0 631.0 272.0
5363.0 7271.0 3403.0 10416.0 1086.0 75.0 7425.0 2498.0 1246.0 14400.0 2278.0 25.0 4793.0 11181.0 826.0 50.0 263.0 1356.0 1290.0 4790.0 0.0 358.0 103.0 2274.0 1566.0 20.0 1473.0 53.0 637.0 294.0
5390.0 7191.0 3534.0 10360.0 1055.0 65.0 7658.0 2515.0 1396.0 14223.0 2201.5 22.0 4896.0 11659.0 872.0 42.0 240.0 1303.0 1551.0 5257.0 0.0 270.0 101.0 2621.0 1458.0 22.0 1741.0 36.0 618.0 374.0
5436.0 7637.0 3632.0 11663.0 1232.0 104.0 8349.0 2927.0 1537.0 17072.0 2819.0 22.0 5848.0 13250.0 1098.0 53.0 370.0 1742.0 1711.0 6202.0 0.0 492.0 126.0 2934.0 2027.0 49.0 2228.0 67.0 931.0 484.0
5387.0 7380.0 3518.0 10897.0 1204.0 84.0 8069.0 2822.0 1508.0 15790.0 2683.5 20.0 5573.0 12708.0 1069.0 46.0 272.0 1764.0 1623.0 5843.0 0.0 398.0 183.0 3000.0 1950.0 47.0 2361.0 56.0 900.0 523.0
5559.0 7821.0 3929.0 12301.0 1271.0 79.0 9053.0 3169.0 1778.0 18323.0 2977.5 19.0 6331.0 15102.0 1160.0 61.0 305.0 1896.0 1874.0 7541.0 0.0 358.0 194.0 3322.0 2103.0 30.0 2563.0 54.0 1032.0 646.0
5322.0 7244.0 3315.0 10543.0 1119.0 95.0 7478.0 2520.0 1141.0 14566.0 2397.5 25.0 5099.0 11326.0 943.0 59.0 295.0 1481.0 1401.0 5092.0 0.0 474.0 124.0 2229.0 1642.0 52.0 1582.0 47.0 535.0 235.0
5254.0 6852.0 3343.0 9886.0 1023.0 66.0 6940.0 2357.0 1343.0 13677.0 2191.5 19.0 4317.0 10871.0 773.0 39.0 252.0 1250.0 1207.0 4827.0 0.0 304.0 119.0 2387.0 1385.0 36.0 1506.0 32.0 694.0 433.0
5542.0 7967.0 3810.0 12319.0 1413.0 116.0 9091.0 3196.0 1644.0 18543.0 3165.0 46.0 6525.0 14856.0 1290.0 97.0 417.0 2041.0 1771.0 7088.0 0.0 614.0 223.0 3364.0 2340.0 76.0 2500.0 81.0 954.0 493.0
5321.0 7195.0 3325.0 10370.0 1102.0 71.0 7481.0 2528.0 1131.0 14293.0 2289.0 17.0 5086.0 10967.0 937.0 31.0 247.0 1478.0 1474.0 5439.0 0.0 356.0 127.0 2166.0 1575.0 19.0 1626.0 38.0 572.0 226.0
5308.0 7174.0 3289.0 10759.0 1134.0 87.0 7349.0 2529.0 1123.0 15608.0 2509.5 19.0 4968.0 11436.0 975.0 32.0 293.0 1356.0 1390.0 5761.0 0.0 366.0 147.0 2140.0 1600.0 49.0 1557.0 51.0 630.0 237.0
5322.0 7267.0 3330.0 10759.0 1155.0 79.0 7634.0 2567.0 1237.0 14919.0 2512.5 19.0 5252.0 11882.0 969.0 34.0 284.0 1593.0 1616.0 5562.0 0.0 344.0 120.0 2459.0 1791.0 27.0 1675.0 57.0 685.0 298.0
5451.0 7557.0 3614.0 11311.0 1227.0 83.0 8285.0 2805.0 1481.0 16225.0 2746.5 9.0 5517.0 13038.0 1077.0 43.0 308.0 1719.0 1634.0 6132.0 0.0 428.0 164.0 2924.0 1849.0 33.0 2023.0 59.0 791.0 447.0
5451.0 7355.0 3519.0 10465.0 1129.0 69.0 7660.0 2622.0 1298.0 14555.0 2267.0 31.0 4886.0 11019.0 960.0 38.0 245.0 1444.0 1398.0 5235.0 0.0 342.0 152.0 2350.0 1638.0 30.0 1700.0 31.0 658.0 309.0
5376.0 7229.0 3406.0 11001.0 1138.0 87.0 7496.0 2408.0 1260.0 16204.0 2635.5 11.0 5130.0 12416.0 897.0 62.0 267.0 1389.0 1569.0 5601.0 0.0 368.0 136.0 2345.0 1451.0 29.0 1516.0 42.0 551.0 303.0
5361.0 7356.0 3453.0 11006.0 1121.0 96.0 7856.0 2625.0 1376.0 16067.0 2516.5 18.0 5588.0 12788.0 965.0 51.0 293.0 1506.0 1529.0 5750.0 0.0 508.0 136.0 2623.0 1641.0 39.0 1982.0 46.0 697.0 387.0
5410.0 7455.0 3590.0 10967.0 1253.0 99.0 8148.0 2926.0 1457.0 15612.0 2690.5 25.0 5734.0 12294.0 1140.0 62.0 310.0 1810.0 1666.0 6217.0 0.0 460.0 195.0 2665.0 2095.0 40.0 2215.0 73.0 926.0 391.0
5372.0 7247.0 3454.0 10925.0 1144.0 83.0 7760.0 2534.0 1290.0 15683.0 2687.5 27.0 5625.0 12544.0 1013.0 47.0 285.0 1654.0 1610.0 5699.0 0.0 372.0 140.0 2449.0 1734.0 37.0 1701.0 54.0 591.0 310.0
5433.0 7548.0 3615.0 11281.0 1119.0 82.0 8328.0 2925.0 1398.0 16609.0 2527.0 18.0 5793.0 12954.0 902.0 62.0 265.0 1718.0 1701.0 6306.0 0.0 416.0 162.0 2760.0 2030.0 31.0 1997.0 75.0 791.0 338.0
5484.0 7518.0 3770.0 11439.0 1240.0 94.0 8499.0 2901.0 1604.0 16812.0 2809.0 29.0 5818.0 13902.0 1114.0 63.0 349.0 1782.0 1671.0 6340.0 0.0 548.0 166.0 3248.0 1919.0 36.0 2281.0 61.0 820.0 516.0
5450.0 7638.0 3628.0 11494.0 1241.0 82.0 8422.0 2833.0 1530.0 16854.0 2789.0 27.0 6005.0 13297.0 1079.0 73.0 286.0 1758.0 1688.0 6237.0 0.0 402.0 160.0 3005.0 1885.0 35.0 2129.0 44.0 819.0 504.0
5349.0 7359.0 3500.0 11084.0 1238.0 94.0 8093.0 2692.0 1394.0 16212.0 2881.5 35.0 5615.0 12796.0 1160.0 82.0 357.0 1676.0 1711.0 6215.0 0.0 480.0 156.0 2833.0 1815.0 23.0 1853.0 65.0 780.0 406.0
5434.0 7484.0 3747.0 11151.0 1135.0 96.0 8490.0 3090.0 1651.0 15719.0 2556.0 19.0 5889.0 13753.0 953.0 58.0 315.0 1798.0 1914.0 6819.0 0.0 482.0 175.0 3062.0 2223.0 55.0 2481.0 58.0 1009.0 543.0
5325.0 7087.0 3425.0 10373.0 1084.0 84.0 7574.0 2540.0 1304.0 14507.0 2350.5 9.0 5123.0 12000.0 870.0 31.0 266.0 1484.0 1565.0 5480.0 0.0 348.0 129.0 2541.0 1610.0 35.0 1757.0 48.0 652.0 339.0
5467.0 7587.0 3642.0 11676.0 1221.0 66.0 8521.0 2875.0 1470.0 17650.0 2860.5 37.0 6343.0 13973.0 1214.0 43.0 250.0 1778.0 1830.0 6788.0 0.0 292.0 159.0 3051.0 1833.0 25.0 2248.0 50.0 800.0 439.0
5382.0 7139.0 3527.0 10402.0 1077.0 84.0 7424.0 2692.0 1379.0 14250.0 2332.5 18.0 4766.0 11626.0 827.0 59.0 270.0 1365.0 1414.0 5561.0 0.0 396.0 160.0 2367.0 1635.0 30.0 1860.0 50.0 768.0 382.0
5385.0 7366.0 3508.0 10922.0 1242.0 74.0 8062.0 2743.0 1333.0 15370.0 2721.0 24.0 5730.0 12527.0 1103.0 54.0 281.0 1797.0 1626.0 5902.0 0.0 438.0 172.0 2672.0 1786.0 34.0 1975.0 59.0 738.0 321.0
5390.0 7070.0 3537.0 10121.0 1107.0 81.0 7239.0 2538.0 1408.0 14318.0 2340.5 37.0 4521.0 10859.0 908.0 43.0 270.0 1303.0 1285.0 5083.0 0.0 290.0 123.0 2382.0 1419.0 36.0 1613.0 43.0 713.0 375.0
5392.0 7191.0 3513.0 10613.0 1110.0 71.0 7609.0 2648.0 1348.0 15672.0 2443.0 27.0 4913.0 12093.0 986.0 44.0 269.0 1387.0 1436.0 5987.0 0.0 286.0 156.0 2442.0 1644.0 30.0 1879.0 69.0 684.0 342.0
5358.0 7195.0 3462.0 10268.0 1097.0 78.0 7645.0 2614.0 1325.0 14103.0 2304.0 22.0 5153.0 11424.0 851.0 39.0 240.0 1492.0 1510.0 5234.0 0.0 334.0 123.0 2550.0 1646.0 31.0 1766.0 32.0 668.0 382.0
5357.0 7040.0 3558.0 9931.0 1012.0 71.0 7410.0 2634.0 1504.0 13639.0 2180.5 19.0 4699.0 10942.0 794.0 36.0 244.0 1403.0 1367.0 5052.0 0.0 370.0 126.0 2475.0 1599.0 23.0 1878.0 43.0 790.0 493.0
5427.0 7529.0 3606.0 11499.0 1263.0 97.0 8358.0 2826.0 1507.0 17022.0 2845.0 39.0 5976.0 14066.0 1117.0 65.0 317.0 1838.0 1819.0 6524.0 0.0 476.0 171.0 2994.0 1920.0 32.0 2161.0 57.0 802.0 484.0
5448.0 7572.0 3612.0 11673.0 1327.0 125.0 8449.0 2796.0 1488.0 17087.0 3071.0 41.0 6214.0 13651.0 1222.0 48.0 449.0 1852.0 1835.0 6618.0 0.0 644.0 213.0 3052.0 1877.0 95.0 2162.0 77.0 748.0 511.0
5413.0 7286.0 3520.0 10995.0 1089.0 76.0 7939.0 2633.0 1353.0 16113.0 2482.5 10.0 5310.0 12996.0 988.0 64.0 246.0 1494.0 1728.0 6172.0 0.0 456.0 111.0 2764.0 1722.0 32.0 1864.0 45.0 684.0 337.0
5404.0 7277.0 3600.0 11000.0 1128.0 67.0 8129.0 2719.0 1533.0 16092.0 2606.0 13.0 5395.0 13014.0 1053.0 67.0 223.0 1608.0 1783.0 6189.0 0.0 322.0 118.0 3131.0 1673.0 29.0 2220.0 39.0 856.0 491.0
5286.0 7175.0 3232.0 10560.0 1241.0 74.0 7182.0 2429.0 1130.0 15227.0 2664.5 21.0 4867.0 11022.0 1013.0 72.0 264.0 1464.0 1277.0 5124.0 0.0 328.0 148.0 2073.0 1539.0 20.0 1529.0 41.0 577.0 259.0
5375.0 7578.0 3477.0 11619.0 1297.0 87.0 8298.0 2763.0 1347.0 17732.0 3002.5 25.0 6003.0 13574.0 1084.0 79.0 310.0 1806.0 1743.0 6566.0 0.0 506.0 165.0 2715.0 1885.0 43.0 2003.0 62.0 795.0 352.0
5430.0 7356.0 3558.0 10650.0 1096.0 79.0 7913.0 2617.0 1383.0 14623.0 2293.0 22.0 5202.0 11802.0 918.0 32.0 234.0 1451.0 1539.0 5398.0 0.0 426.0 105.0 2636.0 1658.0 21.0 1805.0 51.0 701.0 360.0
5447.0 7441.0 3534.0 11225.0 1145.0 83.0 7880.0 2600.0 1353.0 16755.0 2615.0 17.0 5366.0 12671.0 875.0 54.0 269.0 1524.0 1542.0 5798.0 0.0 372.0 107.0 2530.0 1604.0 31.0 1795.0 38.0 676.0 342.0
5450.0 7499.0 3545.0 11012.0 1174.0 91.0 7736.0 2737.0 1338.0 15511.0 2531.5 22.0 5005.0 11971.0 939.0 58.0 275.0 1502.0 1353.0 5766.0 0.0 516.0 151.0 2389.0 1504.0 41.0 1773.0 59.0 727.0 340.0
5476.0 7641.0 3739.0 11198.0 1322.0 96.0 8400.0 3075.0 1601.0 15418.0 2749.5 37.0 5402.0 12226.0 1177.0 49.0 341.0 1726.0 1689.0 6386.0 0.0 432.0 203.0 2967.0 2045.0 41.0 2393.0 62.0 920.0 540.0
5408.0 7281.0 3591.0 10431.0 1173.0 108.0 7989.0 2856.0 1332.0 14203.0 2532.5 23.0 5205.0 11521.0 1072.0 54.0 361.0 1674.0 1657.0 5800.0 0.0 530.0 184.0 2663.0 1933.0 76.0 1943.0 92.0 755.0 275.0
5305.0 7152.0 3324.0 10180.0 1052.0 79.0 7311.0 2487.0 1275.0 14001.0 2136.0 15.0 4698.0 10576.0 840.0 36.0 271.0 1283.0 1333.0 5120.0 0.0 402.0 108.0 2391.0 1431.0 23.0 1602.0 49.0 770.0 450.0
5460.0 7617.0 3638.0 11507.0 1257.0 79.0 8530.0 2859.0 1443.0 16513.0 2773.0 28.0 6179.0 13642.0 1151.0 70.0 262.0 1877.0 1769.0 6494.0 0.0 450.0 176.0 2982.0 2104.0 24.0 2029.0 50.0 790.0 365.0
5490.0 7729.0 3630.0 11856.0 1306.0 79.0 8386.0 2821.0 1405.0 17401.0 2885.5 22.0 5795.0 13396.0 1119.0 57.0 251.0 1769.0 1664.0 6212.0 0.0 484.0 151.0 2694.0 1822.0 28.0 1923.0 43.0 698.0 356.0
5372.0 6984.0 3597.0 9839.0 982.0 58.0 7286.0 2600.0 1490.0 13396.0 2046.0 9.0 4540.0 10672.0 755.0 53.0 167.0 1327.0 1283.0 4933.0 0.0 246.0 102.0 2466.0 1440.0 17.0 1787.0 53.0 741.0 408.0
5347.0 7334.0 3519.0 10800.0 1220.0 72.0 8044.0 2762.0 1438.0 15242.0 2629.0 31.0 5326.0 12064.0 1107.0 50.0 277.0 1619.0 1653.0 6126.0 0.0 344.0 131.0 2709.0 1841.0 28.0 2147.0 46.0 827.0 425.0
5431.0 7366.0 3711.0 10640.0 1116.0 92.0 7897.0 3046.0 1577.0 15213.0 2323.0 15.0 5008.0 12315.0 892.0 26.0 273.0 1467.0 1440.0 5951.0 0.0 424.0 171.0 2698.0 1914.0 51.0 2242.0 72.0 964.0 470.0
5398.0 7440.0 3604.0 11366.0 1143.0 85.0 8109.0 2903.0 1500.0 16831.0 2676.0 15.0 5688.0 13477.0 894.0 50.0 301.0 1691.0 1646.0 6606.0 0.0 416.0 131.0 2824.0 1930.0 31.0 2177.0 63.0 889.0 451.0
5409.0 7301.0 3470.0 10562.0 1103.0 78.0 7536.0 2586.0 1310.0 14690.0 2344.0 15.0 4935.0 11198.0 881.0 53.0 282.0 1399.0 1558.0 5285.0 0.0 368.0 125.0 2406.0 1533.0 24.0 1664.0 48.0 662.0 333.0
5462.0 7341.0 3706.0 10825.0 1073.0 71.0 8042.0 2782.0 1525.0 15530.0 2476.0 10.0 5597.0 12368.0 880.0 58.0 240.0 1569.0 1672.0 5972.0 0.0 348.0 118.0 2791.0 1651.0 17.0 1987.0 49.0 759.0 453.0
5474.0 7710.0 3800.0 11656.0 1308.0 95.0 8761.0 3113.0 1741.0 16892.0 2882.0 37.0 6035.0 13516.0 1174.0 64.0 347.0 1805.0 1850.0 7073.0 0.0 508.0 170.0 3361.0 2083.0 31.0 2401.0 63.0 1057.0 670.0
5364.0 7156.0 3430.0 10486.0 1066.0 72.0 7639.0 2494.0 1258.0 14928.0 2380.0 13.0 4978.0 11926.0 867.0 48.0 266.0 1477.0 1687.0 5636.0 0.0 418.0 119.0 2343.0 1573.0 31.0 1636.0 43.0 594.0 321.0
5434.0 7643.0 3540.0 11593.0 1243.0 84.0 8248.0 2837.0 1352.0 16477.0 2763.0 20.0 5541.0 13309.0 1036.0 52.0 325.0 1688.0 1611.0 6201.0 0.0 522.0 147.0 2671.0 1894.0 31.0 1975.0 53.0 755.0 336.0
5466.0 7466.0 3701.0 10857.0 1131.0 72.0 8072.0 2754.0 1630.0 15385.0 2398.0 16.0 5430.0 12010.0 969.0 42.0 276.0 1478.0 1610.0 5710.0 0.0 310.0 110.0 2685.0 1596.0 27.0 1833.0 36.0 878.0 680.0
5300.0 7073.0 3406.0 10114.0 1044.0 75.0 7371.0 2568.0 1355.0 13777.0 2154.5 16.0 4777.0 10861.0 766.0 48.0 244.0 1421.0 1419.0 5061.0 0.0 372.0 104.0 2435.0 1607.0 22.0 1724.0 59.0 762.0 380.0
5251.0 7078.0 3125.0 10323.0 1087.0 80.0 6887.0 2274.0 1028.0 14448.0 2389.5 26.0 4497.0 10415.0 814.0 28.0 293.0 1246.0 1197.0 4830.0 0.0 340.0 104.0 1932.0 1373.0 23.0 1350.0 51.0 496.0 204.0
5276.0 7136.0 3264.0 10472.0 1177.0 71.0 7097.0 2392.0 1203.0 15012.0 2580.0 34.0 4740.0 10734.0 903.0 70.0 257.0 1334.0 1200.0 5024.0 0.0 292.0 141.0 2125.0 1370.0 24.0 1598.0 28.0 528.0 299.0
5374.0 7347.0 3460.0 10657.0 1257.0 100.0 7742.0 2738.0 1304.0 15262.0 2604.0 34.0 4986.0 11932.0 1210.0 58.0 328.0 1690.0 1502.0 5711.0 0.0 442.0 180.0 2447.0 1764.0 58.0 1845.0 75.0 737.0 327.0
5404.0 7473.0 3481.0 11330.0 1163.0 82.0 8169.0 2729.0 1276.0 16350.0 2614.0 11.0 5802.0 12951.0 1055.0 79.0 274.0 1712.0 1666.0 6190.0 0.0 376.0 127.0 2698.0 1959.0 27.0 1812.0 68.0 660.0 294.0
5380.0 7313.0 3499.0 10356.0 1069.0 106.0 7621.0 2699.0 1401.0 13970.0 2140.5 18.0 4752.0 10869.0 833.0 48.0 311.0 1405.0 1409.0 5343.0 0.0 468.0 136.0 2518.0 1645.0 78.0 1843.0 74.0 729.0 395.0
5317.0 7202.0 3395.0 10522.0 1077.0 66.0 7766.0 2641.0 1261.0 14791.0 2211.5 20.0 5352.0 11668.0 876.0 39.0 198.0 1508.0 1645.0 5713.0 0.0 330.0 140.0 2470.0 1712.0 23.0 1850.0 64.0 697.0 315.0
5310.0 7020.0 3292.0 10151.0 1141.0 50.0 7026.0 2282.0 1165.0 13976.0 2422.5 18.0 4436.0 10567.0 966.0 29.0 169.0 1357.0 1263.0 4891.0 0.0 194.0 111.0 2086.0 1340.0 12.0 1320.0 35.0 489.0 283.0
5559.0 7946.0 3786.0 12657.0 1352.0 81.0 8810.0 3059.0 1547.0 19841.0 3295.0 30.0 6529.0 14979.0 1216.0 64.0 304.0 1815.0 1761.0 7174.0 0.0 418.0 186.0 2874.0 1967.0 33.0 2212.0 44.0 820.0 446.0
5263.0 6756.0 3355.0 9508.0 912.0 68.0 6926.0 2334.0 1281.0 12937.0 1970.5 10.0 4247.0 10216.0 761.0 66.0 188.0 1161.0 1287.0 4709.0 0.0 410.0 86.0 2221.0 1338.0 20.0 1473.0 32.0 606.0 327.0
5377.0 7407.0 3530.0 11025.0 1176.0 87.0 8089.0 2853.0 1414.0 15708.0 2527.5 13.0 5575.0 12424.0 994.0 50.0 317.0 1710.0 1730.0 6281.0 0.0 484.0 150.0 2824.0 2025.0 35.0 2068.0 86.0 856.0 386.0
5339.0 7240.0 3375.0 10718.0 1074.0 76.0 7674.0 2493.0 1265.0 14866.0 2393.5 17.0 5413.0 11771.0 892.0 77.0 239.0 1434.0 1658.0 5442.0 0.0 422.0 127.0 2430.0 1606.0 31.0 1596.0 50.0 618.0 356.0
5379.0 7359.0 3461.0 11040.0 1096.0 70.0 7667.0 2558.0 1319.0 15949.0 2488.5 18.0 5372.0 12271.0 811.0 51.0 239.0 1465.0 1445.0 5527.0 0.0 308.0 101.0 2434.0 1582.0 19.0 1599.0 36.0 641.0 348.0
5369.0 7540.0 3495.0 11763.0 1286.0 73.0 8215.0 2804.0 1358.0 17730.0 3064.0 24.0 6053.0 13805.0 1172.0 83.0 279.0 1764.0 1646.0 6499.0 0.0 408.0 143.0 2839.0 2031.0 27.0 2009.0 37.0 746.0 346.0
5417.0 7284.0 3570.0 10656.0 1128.0 61.0 7800.0 2749.0 1334.0 14956.0 2446.0 24.0 5055.0 12206.0 946.0 42.0 197.0 1491.0 1599.0 5931.0 0.0 234.0 158.0 2493.0 1695.0 26.0 1780.0 35.0 706.0 309.0
5241.0 6793.0 3306.0 9744.0 985.0 54.0 7027.0 2375.0 1307.0 13867.0 2070.0 13.0 4592.0 10551.0 834.0 37.0 168.0 1338.0 1330.0 4923.0 0.0 306.0 89.0 2446.0 1517.0 14.0 1640.0 32.0 664.0 384.0
5311.0 7155.0 3344.0 10252.0 1095.0 77.0 7379.0 2599.0 1187.0 13520.0 2291.5 12.0 4691.0 10563.0 892.0 52.0 246.0 1508.0 1373.0 5191.0 0.0 368.0 133.0 2189.0 1740.0 22.0 1667.0 49.0 636.0 249.0
5288.0 7139.0 3260.0 10513.0 1157.0 80.0 6903.0 2292.0 1190.0 14896.0 2576.0 21.0 4494.0 10681.0 852.0 54.0 317.0 1211.0 1146.0 4821.0 0.0 372.0 102.0 1994.0 1205.0 29.0 1422.0 24.0 514.0 305.0
5277.0 7136.0 3225.0 10371.0 1074.0 70.0 7145.0 2292.0 1093.0 14315.0 2304.5 18.0 4857.0 10969.0 805.0 49.0 195.0 1245.0 1318.0 4895.0 0.0 360.0 107.0 2042.0 1309.0 22.0 1386.0 39.0 452.0 238.0
5307.0 7167.0 3329.0 10422.0 1155.0 87.0 7492.0 2414.0 1242.0 14270.0 2441.5 25.0 5003.0 11408.0 1030.0 70.0 251.0 1459.0 1465.0 5338.0 0.0 460.0 98.0 2378.0 1551.0 32.0 1584.0 51.0 544.0 313.0
5463.0 7509.0 3649.0 11148.0 1121.0 72.0 8061.0 2783.0 1544.0 15748.0 2441.5 31.0 5160.0 12598.0 861.0 39.0 261.0 1419.0 1555.0 6119.0 0.0 296.0 124.0 2769.0 1706.0 34.0 2015.0 32.0 831.0 484.0
5408.0 7232.0 3514.0 10384.0 994.0 69.0 7592.0 2693.0 1363.0 14505.0 2073.0 11.0 4849.0 11240.0 754.0 39.0 203.0 1376.0 1559.0 5601.0 0.0 304.0 128.0 2461.0 1717.0 21.0 1831.0 57.0 794.0 334.0
5322.0 7143.0 3413.0 10563.0 1107.0 96.0 7334.0 2538.0 1286.0 15448.0 2539.5 25.0 4864.0 11400.0 828.0 73.0 295.0 1322.0 1375.0 5570.0 0.0 454.0 138.0 2248.0 1498.0 62.0 1661.0 45.0 643.0 342.0
5406.0 7410.0 3621.0 11343.0 1214.0 68.0 7922.0 2806.0 1563.0 16575.0 2889.0 22.0 5405.0 13049.0 996.0 61.0 241.0 1694.0 1472.0 6241.0 0.0 340.0 156.0 2742.0 1733.0 25.0 1983.0 47.0 839.0 530.0
5390.0 7413.0 3532.0 10982.0 1154.0 81.0 7994.0 2763.0 1431.0 16174.0 2522.5 16.0 5661.0 12445.0 934.0 28.0 271.0 1641.0 1661.0 5611.0 0.0 334.0 117.0 2600.0 1887.0 36.0 1930.0 56.0 788.0 407.0
5370.0 7302.0 3537.0 10960.0 1154.0 87.0 8020.0 2719.0 1462.0 15850.0 2598.0 21.0 5452.0 13239.0 994.0 76.0 308.0 1473.0 1661.0 6281.0 0.0 464.0 171.0 2916.0 1733.0 47.0 2104.0 44.0 768.0 460.0
5287.0 6927.0 3333.0 9849.0 1076.0 73.0 7111.0 2463.0 1256.0 13288.0 2263.5 25.0 4442.0 10758.0 989.0 51.0 286.0 1342.0 1284.0 5091.0 0.0 344.0 146.0 2215.0 1570.0 33.0 1678.0 48.0 649.0 314.0
5251.0 6944.0 3219.0 9812.0 1046.0 66.0 7050.0 2388.0 1115.0 13167.0 2135.5 19.0 4469.0 10582.0 819.0 41.0 202.0 1326.0 1261.0 4753.0 0.0 334.0 106.0 2136.0 1549.0 14.0 1535.0 42.0 591.0 246.0
5370.0 7088.0 3392.0 10173.0 1006.0 60.0 7281.0 2397.0 1207.0 13972.0 2199.0 7.0 4553.0 10978.0 751.0 51.0 180.0 1264.0 1357.0 4908.0 0.0 240.0 91.0 2180.0 1483.0 22.0 1510.0 43.0 567.0 252.0
5377.0 7117.0 3418.0 10713.0 1115.0 71.0 7522.0 2486.0 1241.0 15634.0 2541.5 25.0 5152.0 12459.0 1033.0 70.0 248.0 1568.0 1606.0 5813.0 0.0 426.0 129.0 2462.0 1713.0 25.0 1725.0 56.0 580.0 288.0
5392.0 7095.0 3575.0 9873.0 1072.0 66.0 7536.0 2655.0 1443.0 12946.0 2122.5 31.0 4616.0 10828.0 908.0 42.0 220.0 1369.0 1505.0 5093.0 0.0 316.0 104.0 2467.0 1636.0 19.0 1811.0 47.0 768.0 407.0
5373.0 7157.0 3537.0 10128.0 1066.0 62.0 7505.0 2567.0 1442.0 13980.0 2155.0 15.0 4662.0 11084.0 855.0 38.0 200.0 1332.0 1469.0 5295.0 0.0 254.0 112.0 2573.0 1469.0 20.0 1807.0 40.0 697.0 456.0
5323.0 7326.0 3368.0 11290.0 1245.0 77.0 7774.0 2545.0 1271.0 17476.0 2928.0 28.0 5759.0 13292.0 1060.0 52.0 328.0 1584.0 1514.0 5959.0 0.0 418.0 134.0 2584.0 1754.0 31.0 1680.0 51.0 646.0 327.0
5311.0 7208.0 3401.0 10606.0 1108.0 84.0 7545.0 2603.0 1351.0 15206.0 2398.5 17.0 5060.0 11466.0 908.0 72.0 287.0 1400.0 1413.0 5415.0 0.0 398.0 110.0 2535.0 1662.0 35.0 1839.0 56.0 761.0 398.0
5383.0 7244.0 3425.0 10523.0 1161.0 89.0 7547.0 2617.0 1228.0 15168.0 2451.5 43.0 4810.0 11601.0 1021.0 48.0 297.0 1410.0 1534.0 5570.0 0.0 380.0 174.0 2133.0 1659.0 49.0 1728.0 47.0 670.0 260.0
5447.0 7797.0 3630.0 12221.0 1360.0 101.0 8612.0 3054.0 1582.0 18238.0 3225.5 33.0 6330.0 14143.0 1177.0 81.0 416.0 1878.0 1693.0 7019.0 0.0 496.0 244.0 3262.0 2001.0 47.0 2361.0 59.0 1026.0 582.0
5531.0 7897.0 3924.0 12349.0 1277.0 83.0 9492.0 3297.0 1852.0 19624.0 2983.0 20.0 7064.0 15918.0 1129.0 44.0 266.0 2155.0 2173.0 7432.0 0.0 436.0 156.0 3958.0 2439.0 30.0 2679.0 77.0 1230.0 659.0
5234.0 6980.0 3211.0 10192.0 1064.0 58.0 7136.0 2365.0 1107.0 14109.0 2319.5 23.0 4944.0 10935.0 864.0 44.0 198.0 1280.0 1452.0 5228.0 0.0 262.0 131.0 2187.0 1405.0 18.0 1529.0 32.0 515.0 233.0
5316.0 7127.0 3341.0 10572.0 1099.0 90.0 7345.0 2421.0 1264.0 14786.0 2462.5 24.0 5018.0 11582.0 863.0 33.0 283.0 1371.0 1342.0 5317.0 0.0 424.0 147.0 2393.0 1369.0 52.0 1722.0 38.0 565.0 364.0
5294.0 6980.0 3330.0 10002.0 1070.0 63.0 7007.0 2418.0 1151.0 13863.0 2158.0 20.0 4291.0 10798.0 877.0 42.0 203.0 1268.0 1238.0 4939.0 0.0 268.0 99.0 2081.0 1371.0 24.0 1442.0 48.0 556.0 227.0
5386.0 7220.0 3471.0 10600.0 1088.0 65.0 7751.0 2584.0 1297.0 15330.0 2460.5 12.0 5567.0 12027.0 969.0 57.0 206.0 1564.0 1667.0 5632.0 0.0 296.0 140.0 2466.0 1662.0 21.0 1700.0 55.0 663.0 324.0
5319.0 7039.0 3458.0 10036.0 1107.0 56.0 7376.0 2637.0 1424.0 13647.0 2345.0 19.0 4621.0 11191.0 977.0 35.0 173.0 1453.0 1282.0 5324.0 0.0 238.0 140.0 2665.0 1706.0 21.0 1991.0 42.0 820.0 419.0
5421.0 7159.0 3549.0 10169.0 1050.0 76.0 7490.0 2569.0 1360.0 14053.0 2208.5 26.0 4735.0 11049.0 872.0 59.0 237.0 1369.0 1407.0 5030.0 0.0 328.0 116.0 2345.0 1530.0 18.0 1679.0 54.0 673.0 343.0
5566.0 7963.0 3871.0 12134.0 1325.0 84.0 9195.0 3192.0 1683.0 17046.0 2960.0 39.0 6741.0 14439.0 1208.0 58.0 320.0 1968.0 2052.0 7056.0 0.0 438.0 181.0 3416.0 2203.0 39.0 2570.0 53.0 972.0 506.0
5290.0 7111.0 3411.0 10368.0 1056.0 75.0 7407.0 2636.0 1357.0 14817.0 2354.0 14.0 5028.0 11635.0 863.0 41.0 261.0 1448.0 1371.0 5565.0 0.0 410.0 157.0 2418.0 1603.0 24.0 1866.0 70.0 777.0 373.0
5405.0 7447.0 3512.0 11146.0 1177.0 82.0 7908.0 2719.0 1376.0 15928.0 2606.5 19.0 5570.0 12275.0 943.0 44.0 291.0 1631.0 1507.0 5929.0 0.0 398.0 140.0 2563.0 1748.0 21.0 1897.0 42.0 754.0 392.0
5332.0 7228.0 3374.0 10627.0 1190.0 86.0 7502.0 2467.0 1266.0 14676.0 2596.5 16.0 4746.0 11602.0 1060.0 47.0 290.0 1414.0 1362.0 5292.0 0.0 424.0 163.0 2363.0 1498.0 43.0 1656.0 37.0 573.0 334.0
5382.0 7361.0 3556.0 10633.0 1146.0 90.0 8033.0 2793.0 1476.0 14695.0 2443.5 24.0 5281.0 11820.0 968.0 37.0 314.0 1671.0 1572.0 5747.0 0.0 396.0 151.0 2864.0 1843.0 37.0 2135.0 70.0 848.0 443.0
5378.0 7258.0 3438.0 10633.0 1133.0 96.0 7465.0 2572.0 1243.0 14771.0 2468.0 22.0 4973.0 11672.0 936.0 33.0 320.0 1519.0 1379.0 5325.0 0.0 386.0 104.0 2194.0 1644.0 33.0 1585.0 65.0 592.0 292.0
5441.0 7311.0 3697.0 10670.0 1048.0 91.0 7922.0 2771.0 1594.0 14328.0 2277.0 6.0 5113.0 12070.0 873.0 83.0 270.0 1419.0 1577.0 5859.0 0.0 462.0 142.0 2786.0 1766.0 40.0 1885.0 65.0 824.0 485.0
5325.0 6991.0 3424.0 9754.0 1058.0 71.0 7307.0 2514.0 1325.0 12746.0 2069.5 21.0 4507.0 10442.0 902.0 41.0 208.0 1398.0 1363.0 4874.0 0.0 314.0 113.0 2399.0 1558.0 50.0 1713.0 59.0 677.0 356.0
5366.0 7364.0 3375.0 11108.0 1121.0 87.0 7903.0 2528.0 1214.0 16537.0 2561.0 22.0 5763.0 12621.0 931.0 72.0 287.0 1546.0 1588.0 5663.0 0.0 472.0 129.0 2545.0 1702.0 33.0 1709.0 50.0 593.0 287.0
5300.0 7161.0 3219.0 10376.0 1135.0 70.0 7296.0 2305.0 1051.0 14487.0 2463.5 24.0 5158.0 11015.0 919.0 37.0 239.0 1403.0 1430.0 4792.0 0.0 304.0 87.0 2070.0 1502.0 22.0 1331.0 41.0 459.0 202.0
5507.0 7727.0 3580.0 11892.0 1190.0 85.0 8485.0 2841.0 1247.0 18342.0 2726.5 22.0 6187.0 13959.0 963.0 60.0 285.0 1672.0 1862.0 6536.0 0.0 406.0 137.0 2519.0 1933.0 29.0 1830.0 48.0 642.0 246.0
5255.0 6755.0 3349.0 9197.0 919.0 68.0 6764.0 2352.0 1330.0 11682.0 1733.5 9.0 3943.0 9608.0 694.0 42.0 179.0 1140.0 1089.0 4443.0 0.0 338.0 94.0 2226.0 1327.0 23.0 1532.0 39.0 677.0 395.0
5375.0 7200.0 3519.0 10290.0 1121.0 71.0 7621.0 2565.0 1391.0 13604.0 2394.0 24.0 4764.0 11127.0 971.0 38.0 220.0 1449.0 1439.0 5157.0 0.0 320.0 132.0 2467.0 1510.0 26.0 1747.0 40.0 680.0 366.0
5494.0 7848.0 3783.0 12359.0 1359.0 84.0 9125.0 3252.0 1610.0 19799.0 3274.5 38.0 6924.0 15491.0 1353.0 70.0 367.0 2134.0 2030.0 7966.0 0.0 478.0 206.0 3398.0 2420.0 33.0 2679.0 68.0 1034.0 461.0
5329.0 7047.0 3429.0 10135.0 1086.0 63.0 7234.0 2521.0 1301.0 13876.0 2363.0 16.0 4397.0 10996.0 878.0 52.0 233.0 1331.0 1374.0 5122.0 0.0 266.0 127.0 2190.0 1516.0 19.0 1663.0 34.0 625.0 332.0
5441.0 7343.0 3732.0 10806.0 1151.0 85.0 7955.0 2840.0 1650.0 15184.0 2513.5 26.0 5045.0 12395.0 940.0 55.0 302.0 1527.0 1533.0 6034.0 0.0 390.0 198.0 2754.0 1696.0 47.0 1959.0 64.0 862.0 610.0
5507.0 7317.0 3833.0 10769.0 1038.0 85.0 7923.0 2875.0 1673.0 15260.0 2235.0 16.0 5205.0 12219.0 826.0 32.0 256.0 1369.0 1468.0 5862.0 0.0 350.0 143.0 2838.0 1635.0 35.0 1990.0 55.0 897.0 523.0
5417.0 7686.0 3450.0 11562.0 1330.0 98.0 8177.0 2873.0 1326.0 16514.0 2858.5 37.0 5739.0 12371.0 1172.0 64.0 355.0 1828.0 1589.0 6339.0 0.0 446.0 194.0 2656.0 1962.0 53.0 2292.0 59.0 815.0 364.0
5451.0 7461.0 3480.0 10752.0 1226.0 85.0 7502.0 2717.0 1245.0 14932.0 2577.5 30.0 4952.0 11137.0 968.0 50.0 280.0 1564.0 1245.0 5086.0 0.0 368.0 152.0 2108.0 1752.0 17.0 1716.0 60.0 696.0 314.0
5309.0 6982.0 3395.0 10471.0 1023.0 72.0 7243.0 2362.0 1367.0 14865.0 2419.0 16.0 4564.0 12162.0 773.0 63.0 252.0 1289.0 1328.0 5165.0 0.0 314.0 101.0 2561.0 1357.0 20.0 1599.0 33.0 661.0 451.0
5304.0 7095.0 3283.0 10289.0 1074.0 67.0 7338.0 2382.0 1152.0 14058.0 2270.0 30.0 4937.0 11127.0 941.0 43.0 233.0 1397.0 1477.0 5220.0 0.0 298.0 127.0 2294.0 1511.0 13.0 1461.0 43.0 592.0 249.0
5360.0 7132.0 3397.0 10436.0 1065.0 73.0 7384.0 2386.0 1233.0 14473.0 2248.5 17.0 4672.0 11456.0 1006.0 45.0 219.0 1272.0 1448.0 5095.0 0.0 358.0 106.0 2330.0 1465.0 29.0 1458.0 37.0 563.0 300.0
5377.0 7034.0 3591.0 9850.0 1017.0 85.0 7416.0 2701.0 1515.0 13415.0 2154.0 18.0 4583.0 10666.0 838.0 38.0 267.0 1388.0 1426.0 5079.0 0.0 384.0 107.0 2609.0 1786.0 37.0 1836.0 84.0 801.0 499.0
5357.0 7245.0 3495.0 10772.0 1061.0 82.0 7843.0 2686.0 1419.0 15599.0 2428.0 28.0 5474.0 12108.0 801.0 56.0 254.0 1481.0 1599.0 5739.0 0.0 476.0 120.0 2683.0 1809.0 31.0 1995.0 54.0 800.0 435.0
5363.0 7314.0 3426.0 11084.0 1131.0 60.0 7620.0 2601.0 1307.0 15809.0 2616.0 14.0 5087.0 12448.0 960.0 50.0 209.0 1339.0 1406.0 5908.0 0.0 304.0 94.0 2430.0 1746.0 12.0 1821.0 59.0 726.0 343.0
5309.0 6916.0 3381.0 9706.0 935.0 92.0 6988.0 2527.0 1312.0 13254.0 1951.5 8.0 4522.0 10165.0 654.0 52.0 244.0 1301.0 1203.0 4984.0 0.0 386.0 98.0 2183.0 1610.0 53.0 1726.0 94.0 774.0 359.0
5241.0 6948.0 3317.0 10309.0 1027.0 62.0 7379.0 2592.0 1272.0 14269.0 2297.5 8.0 4961.0 12027.0 854.0 57.0 195.0 1430.0 1519.0 5985.0 0.0 330.0 116.0 2470.0 1897.0 15.0 1924.0 55.0 748.0 326.0
5541.0 7729.0 3784.0 11681.0 1241.0 97.0 8488.0 3049.0 1558.0 16932.0 2755.0 22.0 5509.0 13686.0 1072.0 48.0 347.0 1585.0 1666.0 6679.0 0.0 458.0 154.0 2890.0 2136.0 39.0 2167.0 63.0 886.0 475.0
5402.0 7268.0 3623.0 10622.0 1114.0 74.0 7912.0 2746.0 1538.0 15003.0 2432.0 23.0 5099.0 12186.0 970.0 49.0 244.0 1424.0 1675.0 5857.0 0.0 328.0 106.0 2771.0 1740.0 43.0 2043.0 66.0 901.0 500.0
5387.0 7343.0 3494.0 11036.0 1148.0 80.0 8109.0 2715.0 1357.0 16199.0 2495.5 16.0 5690.0 13217.0 974.0 34.0 269.0 1796.0 1689.0 6010.0 0.0 424.0 163.0 2860.0 1987.0 34.0 2035.0 53.0 779.0 387.0
5440.0 7355.0 3592.0 10984.0 1118.0 66.0 7804.0 2671.0 1478.0 15743.0 2501.5 21.0 5254.0 12336.0 928.0 67.0 237.0 1479.0 1480.0 5608.0 0.0 316.0 151.0 2719.0 1577.0 24.0 1878.0 33.0 752.0 495.0
5504.0 7630.0 3823.0 11910.0 1282.0 74.0 8792.0 3026.0 1803.0 17890.0 3287.0 27.0 6413.0 15505.0 1337.0 87.0 319.0 1926.0 2094.0 7113.0 0.0 382.0 129.0 3790.0 1968.0 24.0 2481.0 55.0 1039.0 705.0
5294.0 7152.0 3229.0 10357.0 1080.0 73.0 7153.0 2434.0 1054.0 14352.0 2313.5 12.0 4654.0 10803.0 855.0 40.0 223.0 1314.0 1264.0 5030.0 0.0 340.0 112.0 1961.0 1608.0 12.0 1400.0 55.0 576.0 193.0
5389.0 7090.0 3560.0 10212.0 1067.0 84.0 7302.0 2578.0 1442.0 14437.0 2259.0 29.0 4777.0 11260.0 837.0 43.0 226.0 1321.0 1292.0 5113.0 0.0 350.0 147.0 2370.0 1528.0 41.0 1694.0 49.0 723.0 387.0
5415.0 7630.0 3486.0 11716.0 1273.0 86.0 8472.0 2851.0 1265.0 17437.0 2922.5 25.0 6133.0 13770.0 1117.0 70.0 328.0 1922.0 1837.0 6633.0 0.0 468.0 174.0 2800.0 2055.0 41.0 1983.0 63.0 750.0 276.0
5407.0 7188.0 3530.0 10294.0 1126.0 92.0 7561.0 2585.0 1454.0 14087.0 2358.0 16.0 4897.0 11151.0 993.0 54.0 284.0 1459.0 1479.0 5452.0 0.0 448.0 169.0 2616.0 1603.0 43.0 1968.0 55.0 707.0 463.0
5466.0 7476.0 3578.0 11271.0 1206.0 84.0 7998.0 2610.0 1381.0 16531.0 2730.0 39.0 5484.0 12962.0 1110.0 54.0 332.0 1705.0 1578.0 5649.0 0.0 412.0 130.0 2552.0 1566.0 25.0 1719.0 54.0 647.0 365.0
5360.0 7203.0 3360.0 10226.0 1142.0 88.0 7181.0 2439.0 1185.0 13911.0 2338.5 28.0 4550.0 10541.0 857.0 54.0 270.0 1367.0 1191.0 4699.0 0.0 376.0 139.0 2094.0 1412.0 29.0 1484.0 49.0 589.0 279.0
5334.0 7177.0 3427.0 10257.0 1134.0 76.0 7728.0 2510.0 1348.0 13801.0 2447.0 30.0 5006.0 11007.0 970.0 57.0 244.0 1484.0 1626.0 5095.0 0.0 384.0 87.0 2636.0 1618.0 32.0 1871.0 50.0 652.0 416.0
5390.0 7205.0 3617.0 10359.0 1115.0 67.0 8034.0 2629.0 1564.0 13866.0 2334.0 24.0 5509.0 12270.0 1043.0 48.0 191.0 1628.0 1725.0 5555.0 0.0 332.0 132.0 3037.0 1607.0 26.0 1891.0 38.0 771.0 511.0
5379.0 7482.0 3423.0 11377.0 1113.0 82.0 7791.0 2674.0 1274.0 16933.0 2519.5 20.0 5552.0 12289.0 857.0 45.0 271.0 1424.0 1429.0 5949.0 0.0 430.0 108.0 2318.0 1626.0 26.0 1809.0 44.0 681.0 313.0
5344.0 7138.0 3357.0 10433.0 1100.0 74.0 7158.0 2577.0 1297.0 14858.0 2441.0 20.0 4624.0 10951.0 800.0 48.0 278.0 1317.0 1345.0 5152.0 0.0 312.0 122.0 2181.0 1600.0 17.0 1931.0 53.0 806.0 410.0
5375.0 7312.0 3427.0 10793.0 1184.0 89.0 7524.0 2505.0 1326.0 15034.0 2656.0 27.0 4859.0 11622.0 983.0 45.0 330.0 1370.0 1466.0 5406.0 0.0 386.0 135.0 2462.0 1380.0 54.0 1616.0 50.0 682.0 337.0
5389.0 7361.0 3455.0 10974.0 1252.0 96.0 7622.0 2595.0 1301.0 15652.0 2759.5 25.0 5342.0 11803.0 1156.0 71.0 343.0 1636.0 1493.0 5513.0 0.0 438.0 130.0 2405.0 1592.0 47.0 1616.0 68.0 708.0 304.0
5321.0 7095.0 3385.0 10142.0 1132.0 77.0 7590.0 2366.0 1277.0 13543.0 2359.5 40.0 5166.0 11482.0 1075.0 37.0 196.0 1519.0 1560.0 4867.0 0.0 320.0 117.0 2525.0 1517.0 31.0 1558.0 33.0 597.0 339.0
5455.0 7546.0 3543.0 11119.0 1198.0 85.0 8062.0 2734.0 1329.0 15663.0 2576.0 19.0 5333.0 12219.0 1029.0 64.0 309.0 1587.0 1650.0 5760.0 0.0 456.0 166.0 2603.0 1747.0 30.0 1959.0 45.0 673.0 313.0
5283.0 7128.0 3271.0 10734.0 1105.0 79.0 7187.0 2359.0 1191.0 15524.0 2579.5 21.0 5182.0 11479.0 864.0 51.0 292.0 1393.0 1261.0 5320.0 0.0 366.0 118.0 2184.0 1365.0 27.0 1513.0 46.0 553.0 322.0
5527.0 7852.0 3628.0 12016.0 1355.0 89.0 8712.0 2889.0 1348.0 17993.0 3063.5 41.0 6231.0 14300.0 1292.0 53.0 327.0 1844.0 1852.0 6605.0 0.0 474.0 178.0 2866.0 1991.0 27.0 2008.0 54.0 745.0 306.0
5316.0 7136.0 3291.0 10320.0 1129.0 72.0 7166.0 2413.0 1175.0 14327.0 2437.0 28.0 4857.0 10886.0 872.0 48.0 244.0 1426.0 1348.0 5033.0 0.0 322.0 141.0 2060.0 1474.0 23.0 1434.0 47.0 553.0 300.0
5373.0 7520.0 3569.0 11398.0 1192.0 75.0 8609.0 2918.0 1474.0 16029.0 2635.5 26.0 6143.0 13953.0 1079.0 59.0 249.0 1812.0 1899.0 6854.0 0.0 446.0 160.0 3365.0 2045.0 36.0 2226.0 50.0 857.0 446.0
5414.0 7407.0 3554.0 11164.0 1165.0 82.0 8099.0 2830.0 1414.0 16252.0 2588.0 13.0 5660.0 13459.0 1020.0 61.0 282.0 1659.0 1697.0 6398.0 0.0 450.0 156.0 2783.0 1937.0 27.0 2203.0 64.0 831.0 392.0
