8294.0 125289.0 4894.0 1442832.0 5919320.0 22.0 481128.0 32291.0 4136.0 7084612.0 74195758.0 308619416.0 12184317.0 3708513.0 35490687.0 11.0 2646.0 3562808.0 350706.0 1052118.0 0.0 176.0 411091.0 612030.0 123652.0 8.0 108847.0 62.0 14771.0 3075.0
8402.0 86729.0 4993.0 1005810.0 1792599.0 24.0 309290.0 28434.0 4266.0 6090980.0 28703726.5 42402576.0 7226889.0 2599223.0 9904430.0 19.0 3834.0 1694623.0 193102.0 865850.0 0.0 360.0 326393.0 428608.0 84533.0 13.0 95482.0 84.0 11452.0 3242.0
8371.0 170988.0 5186.0 1797279.0 14572463.0 15.0 663277.0 32477.0 4428.0 8130491.0 131568352.0 1348760279.0 17315339.0 4408675.0 86546236.0 4.0 3012.0 5754550.0 496487.0 1282279.0 0.0 132.0 372133.0 836921.0 139211.0 5.0 104988.0 52.0 11805.0 3101.0
7974.0 74707.0 3738.0 796751.0 1628671.0 14.0 219296.0 13530.0 2215.0 4349089.0 24128838.5 39693470.0 5009195.0 1758518.0 7749228.0 5.0 1456.0 943559.0 126449.0 409004.0 0.0 86.0 68467.0 222971.0 37775.0 1.0 31665.0 27.0 4240.0 1053.0
8828.0 191448.0 6271.0 2418480.0 11680031.0 18.0 905889.0 56861.0 6769.0 12439152.0 141086154.0 752970024.0 30615462.0 6318838.0 83202267.0 22.0 3523.0 11622261.0 667788.0 2143938.0 0.0 234.0 955478.0 1575374.0 298620.0 10.0 265320.0 65.0 31168.0 6819.0
8288.0 101664.0 4676.0 1136920.0 3219302.0 12.0 354383.0 33835.0 3528.0 6009947.0 43070641.5 116945824.0 8154298.0 2729962.0 17800515.0 2.0 1342.0 2841192.0 222259.0 908912.0 0.0 92.0 718769.0 413055.0 89641.0 4.0 110886.0 21.0 9749.0 2186.0
8003.0 73402.0 4088.0 781061.0 1500317.0 14.0 224209.0 20150.0 2691.0 4454212.0 22441341.5 38513148.0 4292369.0 1919240.0 7546239.0 9.0 2207.0 1232650.0 130755.0 498979.0 0.0 108.0 161083.0 212468.0 54891.0 8.0 49025.0 35.0 6924.0 1395.0
9266.0 281286.0 7333.0 3211582.0 31350063.0 20.0 1386418.0 76124.0 8256.0 15254064.0 273740064.5 3704937903.0 41700172.0 8618993.0 226033055.0 12.0 4706.0 22272823.0 1135915.0 2816251.0 0.0 168.0 2112987.0 2407507.0 425560.0 11.0 358020.0 85.0 34834.0 8490.0
8563.0 200477.0 5299.0 2212310.0 16408565.0 13.0 797151.0 37064.0 4335.0 9630679.0 163054067.5 1320897287.0 26392034.0 5222931.0 97959584.0 7.0 2431.0 9288823.0 573049.0 1468897.0 0.0 90.0 538856.0 1026926.0 187173.0 3.0 128773.0 43.0 11974.0 2924.0
8513.0 160292.0 5272.0 2119183.0 7904118.0 22.0 660269.0 28942.0 5150.0 10998726.0 110368189.5 394273217.0 25870020.0 4953641.0 49053484.0 16.0 3580.0 4914178.0 454108.0 1539563.0 0.0 180.0 154139.0 1149039.0 149865.0 17.0 109998.0 91.0 17546.0 5003.0
7325.0 45793.0 2667.0 341255.0 626340.0 10.0 95861.0 6783.0 1150.0 1506445.0 7159505.5 10523623.0 1120910.0 639490.0 2247555.0 4.0 554.0 234036.0 44104.0 119460.0 0.0 40.0 17989.0 58322.0 12547.0 3.0 10217.0 16.0 1515.0 348.0
8694.0 309758.0 5437.0 2741501.0 45651645.0 11.0 1243413.0 48973.0 4542.0 10076438.0 307364472.5 6362614196.0 33446770.0 6110901.0 272823162.0 0.0 2369.0 19795628.0 920084.0 1658527.0 0.0 42.0 1274238.0 1509055.0 273441.0 3.0 175145.0 29.0 13629.0 3223.0
9143.0 206368.0 6600.0 2746387.0 13191786.0 22.0 951768.0 45318.0 6839.0 14267913.0 169906985.0 878936763.0 37156793.0 7061598.0 90942520.0 6.0 2245.0 9062874.0 750845.0 2359693.0 0.0 110.0 431420.0 1689355.0 238361.0 14.0 192709.0 68.0 27088.0 6859.0
8407.0 98881.0 5205.0 1199556.0 2622568.0 5.0 367252.0 24239.0 4512.0 6891225.0 41546247.5 76196923.0 9786491.0 3193640.0 15166790.0 2.0 435.0 1892368.0 253821.0 848920.0 0.0 32.0 122425.0 505830.0 85934.0 0.0 76732.0 14.0 11114.0 3276.0
9148.0 208376.0 7700.0 3263760.0 9663380.0 18.0 1065161.0 84923.0 11114.0 18309880.0 167470599.5 433380816.0 48262596.0 8298076.0 69488925.0 7.0 3356.0 9630810.0 766877.0 4231134.0 0.0 224.0 1785076.0 2644861.0 312699.0 9.0 429103.0 96.0 56958.0 17850.0
8573.0 183183.0 5261.0 1917838.0 16961960.0 17.0 742166.0 31893.0 4145.0 8785839.0 149201230.5 1733690838.0 17264975.0 4754531.0 109425330.0 8.0 3869.0 6641917.0 597977.0 1245563.0 0.0 194.0 354611.0 935235.0 151384.0 7.0 101380.0 49.0 10939.0 2683.0
8897.0 165370.0 5798.0 2093920.0 9415804.0 17.0 663471.0 35395.0 4880.0 11331812.0 120508986.0 611269319.0 20957147.0 5259520.0 59115811.0 15.0 3310.0 5382564.0 496983.0 1527014.0 0.0 162.0 412489.0 933116.0 143688.0 6.0 116855.0 64.0 12904.0 3516.0
8932.0 186112.0 6459.0 2562080.0 10627383.0 40.0 860271.0 49564.0 6915.0 14245408.0 145005185.0 669387786.0 31779587.0 6743765.0 73024588.0 19.0 6890.0 7958638.0 658393.0 2348533.0 0.0 404.0 552545.0 1582443.0 248587.0 27.0 207390.0 125.0 26438.0 7019.0
11346.0 3862798.0 10090.0 11184546.0 3328355418.0 14.0 13225100.0 181122.0 9945.0 17418990.0 6223608769.5 2.23973449008e+12 110778021.0 20213265.0 16543192392.0 13.0 5072.0 371305880.0 9223400.0 3127590.0 0.0 86.0 9913823.0 14068112.0 1694759.0 3.0 769567.0 51.0 47882.0 9440.0
8416.0 117371.0 5472.0 1569492.0 3540168.0 18.0 497635.0 39588.0 6012.0 8963305.0 58329632.5 110728585.0 16284025.0 3872541.0 22024678.0 11.0 3601.0 3636163.0 324243.0 1575584.0 0.0 262.0 537502.0 973653.0 146966.0 11.0 161838.0 91.0 20558.0 6995.0
8304.0 120259.0 4775.0 1570203.0 4185359.0 19.0 455290.0 26289.0 4286.0 8850933.0 65066679.0 155229004.0 15336103.0 3628878.0 24374169.0 3.0 2709.0 2731474.0 289838.0 1184205.0 0.0 150.0 178628.0 725635.0 102147.0 6.0 87382.0 58.0 13193.0 3681.0
7534.0 44594.0 3019.0 298242.0 522073.0 3.0 95876.0 7771.0 1588.0 1177204.0 5263613.5 8443364.0 1017304.0 515658.0 1887891.0 0.0 61.0 256426.0 40681.0 123138.0 0.0 10.0 23228.0 67116.0 14551.0 0.0 14009.0 10.0 2122.0 656.0
8944.0 505100.0 6082.0 3587591.0 124099025.0 5.0 1999484.0 64529.0 5082.0 11277688.0 600006279.0 27006032343.0 39374453.0 7727163.0 721137643.0 3.0 2083.0 33727695.0 1482099.0 2212611.0 0.0 28.0 1577983.0 2328380.0 400191.0 1.0 233745.0 10.0 21685.0 3498.0
9277.0 729958.0 6567.0 4468634.0 241789929.0 9.0 2747391.0 52021.0 6013.0 12928523.0 994005876.5 67210081573.0 47392007.0 9249824.0 1339319928.0 2.0 1751.0 33970963.0 2124257.0 2316453.0 0.0 42.0 614488.0 3244495.0 372682.0 0.0 183153.0 22.0 19318.0 5032.0
9554.0 867946.0 6883.0 5392063.0 280473938.0 26.0 3348429.0 70678.0 5910.0 13913978.0 1231861775.5 76068505677.0 103988250.0 10877113.0 1570376627.0 1.0 6566.0 64134401.0 2634808.0 2608827.0 0.0 144.0 3231450.0 3919042.0 423310.0 39.0 280968.0 93.0 15918.0 4097.0
9319.0 312239.0 7022.0 3918467.0 29063064.0 14.0 1463030.0 58868.0 7632.0 17487625.0 327664205.0 2570499839.0 67223390.0 9525393.0 198177802.0 1.0 2606.0 17566925.0 1128112.0 3322930.0 0.0 92.0 629818.0 2574709.0 392607.0 2.0 262868.0 39.0 35384.0 8165.0
7710.0 89127.0 3329.0 795877.0 4142273.0 8.0 266339.0 11504.0 1803.0 3265842.0 39383796.5 208181552.0 5134269.0 1646254.0 20598042.0 0.0 1226.0 1539061.0 164447.0 344268.0 0.0 44.0 55538.0 227557.0 44818.0 4.0 23993.0 25.0 2698.0 737.0
9751.0 634452.0 8240.0 5089334.0 147462909.0 40.0 2907703.0 99998.0 8842.0 17075746.0 847330517.0 29996123591.0 97057926.0 12410869.0 958285685.0 16.0 10836.0 61847882.0 2459829.0 3631708.0 0.0 450.0 4623705.0 4356969.0 609012.0 38.0 483998.0 161.0 36617.0 7986.0
8723.0 174684.0 5475.0 2038009.0 12482841.0 20.0 688042.0 30515.0 4595.0 9951827.0 136276447.0 998617838.0 20783164.0 5037680.0 76111308.0 8.0 2871.0 5282566.0 535259.0 1330036.0 0.0 150.0 226434.0 960015.0 126959.0 12.0 97192.0 49.0 11927.0 3428.0
9406.0 553866.0 7204.0 4134573.0 144574039.0 21.0 2337430.0 60267.0 7307.0 14522662.0 721043181.0 33441334798.0 49467081.0 9778242.0 891785701.0 19.0 4366.0 29370458.0 1954582.0 2637065.0 0.0 304.0 786534.0 3310247.0 407663.0 12.0 245482.0 89.0 28079.0 6491.0
8272.0 236554.0 4598.0 1985868.0 35560320.0 12.0 806314.0 17981.0 3627.0 7130701.0 230391195.5 5069662918.0 16901316.0 4059541.0 185735959.0 12.0 1778.0 4062917.0 606465.0 988917.0 0.0 120.0 65193.0 945714.0 65615.0 4.0 48428.0 43.0 7776.0 2480.0
9583.0 365447.0 8178.0 4100976.0 44050730.0 29.0 1785419.0 135839.0 9234.0 17951024.0 388338213.5 5111437838.0 61156804.0 10716141.0 297794223.0 22.0 4951.0 41027892.0 1354110.0 4025285.0 0.0 270.0 8446137.0 2970746.0 596566.0 17.0 640676.0 104.0 47288.0 9516.0
7747.0 78789.0 4009.0 764146.0 2642896.0 3.0 254947.0 16068.0 2981.0 3554520.0 30779694.5 103718052.0 4746584.0 1877119.0 13691817.0 3.0 205.0 1273514.0 163165.0 454589.0 0.0 24.0 71504.0 272617.0 51326.0 0.0 42825.0 6.0 6066.0 1807.0
8523.0 125574.0 5515.0 1651551.0 4410722.0 17.0 494913.0 32316.0 5236.0 9342818.0 69451937.0 165005143.0 15997829.0 4263828.0 26009044.0 8.0 3097.0 3302229.0 339129.0 1302357.0 0.0 198.0 269878.0 760350.0 119206.0 12.0 115230.0 57.0 15100.0 4412.0
7557.0 49974.0 2892.0 410807.0 727164.0 8.0 105552.0 7660.0 1290.0 1967098.0 9149192.5 12724180.0 1669286.0 702028.0 2574249.0 1.0 552.0 310492.0 45068.0 178935.0 0.0 40.0 38643.0 70888.0 13019.0 5.0 11813.0 2.0 1373.0 446.0
9476.0 478367.0 8307.0 4955025.0 72492070.0 14.0 2334507.0 93748.0 11287.0 18913143.0 584909288.0 10047677643.0 105905500.0 11902874.0 498915267.0 5.0 4943.0 38700537.0 1834218.0 4692117.0 0.0 94.0 1779646.0 4542656.0 627380.0 5.0 495340.0 57.0 64771.0 14392.0
9167.0 366628.0 6810.0 3635303.0 56641322.0 26.0 1635434.0 66542.0 6794.0 14593484.0 409114652.5 8615046045.0 52008593.0 8780602.0 363187652.0 6.0 7168.0 27634957.0 1241468.0 2737591.0 0.0 164.0 1435572.0 2406972.0 451121.0 14.0 285582.0 67.0 27461.0 6015.0
8442.0 469636.0 4754.0 2995663.0 117343805.0 4.0 1610476.0 34525.0 3292.0 8224670.0 535503990.5 25140655206.0 31427101.0 5697574.0 596944352.0 0.0 927.0 18258843.0 1149113.0 1304434.0 0.0 2.0 548878.0 1587819.0 199694.0 0.0 102051.0 6.0 8516.0 1764.0
8991.0 327872.0 6079.0 3277777.0 46111406.0 16.0 1398085.0 53783.0 5489.0 13402250.0 344580234.0 6459035977.0 45521028.0 7565527.0 289904867.0 7.0 2202.0 19590097.0 1044191.0 2356006.0 0.0 98.0 846667.0 1951904.0 352520.0 8.0 207908.0 49.0 20516.0 4446.0
8058.0 179681.0 3933.0 1591810.0 19874398.0 21.0 596181.0 16544.0 2504.0 6189211.0 142084374.5 2227614245.0 13411404.0 3232424.0 103531194.0 4.0 2270.0 3976763.0 416239.0 689919.0 0.0 118.0 91134.0 627861.0 70961.0 14.0 40622.0 64.0 5639.0 1236.0
8899.0 305987.0 5919.0 3271080.0 36105809.0 21.0 1281309.0 46630.0 5145.0 13090627.0 317042522.0 4074451012.0 49586664.0 7432560.0 222006434.0 11.0 6263.0 16871867.0 967882.0 2194974.0 0.0 108.0 775884.0 1803374.0 276963.0 8.0 176687.0 74.0 17347.0 4033.0
7423.0 58514.0 2840.0 416737.0 2293493.0 7.0 145752.0 6354.0 1388.0 1527565.0 18011608.5 117901355.0 1538047.0 814355.0 10677747.0 0.0 913.0 480916.0 87996.0 110092.0 0.0 38.0 16350.0 116487.0 12300.0 2.0 9387.0 8.0 1408.0 575.0
9161.0 258553.0 7025.0 2874678.0 28277901.0 19.0 1200926.0 51396.0 8206.0 12914002.0 256176377.0 3288015559.0 37315730.0 7558929.0 195531108.0 7.0 1671.0 10154767.0 1039598.0 2475088.0 0.0 146.0 517615.0 2180697.0 258343.0 14.0 218900.0 59.0 31791.0 9380.0
8331.0 275002.0 4444.0 2087269.0 48550498.0 4.0 937439.0 21547.0 2843.0 6940792.0 277420577.5 7778195716.0 15281572.0 4231663.0 255720591.0 3.0 1044.0 7432889.0 696019.0 871803.0 0.0 26.0 209397.0 921533.0 100233.0 1.0 56897.0 6.0 5299.0 1360.0
8895.0 262167.0 6504.0 2933286.0 25003725.0 9.0 1188954.0 54823.0 6848.0 12692090.0 242755435.0 2284201459.0 42222171.0 7367968.0 167803944.0 13.0 1369.0 15922202.0 926091.0 2358422.0 0.0 98.0 841975.0 1870869.0 331880.0 7.0 230176.0 51.0 26132.0 6393.0
9730.0 618250.0 8163.0 5545758.0 142800356.0 13.0 2860528.0 100286.0 9495.0 20327395.0 832375507.5 31242099978.0 102664834.0 12680497.0 937791173.0 7.0 4093.0 51751193.0 2211779.0 4619665.0 0.0 70.0 2132147.0 4715586.0 762587.0 0.0 484839.0 47.0 52373.0 11048.0
8185.0 133021.0 4343.0 1474578.0 7600929.0 18.0 468671.0 21162.0 3061.0 6878869.0 84357495.0 466914099.0 13344975.0 3338060.0 41519934.0 7.0 2772.0 3800770.0 319679.0 825180.0 0.0 124.0 197689.0 523662.0 90801.0 7.0 61068.0 59.0 6988.0 1733.0
7795.0 70957.0 3687.0 676447.0 1999744.0 8.0 202454.0 15937.0 2309.0 3285843.0 24042283.0 74715166.0 3613146.0 1467453.0 9703721.0 14.0 1005.0 852013.0 115472.0 413299.0 0.0 110.0 100443.0 195251.0 35337.0 3.0 34007.0 17.0 4799.0 1113.0
9553.0 526711.0 7623.0 4692189.0 106938430.0 13.0 2374605.0 77903.0 8672.0 17183007.0 685431432.0 19889045959.0 79817089.0 11112923.0 693224648.0 13.0 3474.0 38162587.0 1952650.0 3437019.0 0.0 142.0 1748476.0 3866299.0 501214.0 5.0 349873.0 45.0 36973.0 9964.0
9065.0 275593.0 6110.0 2876249.0 32662717.0 12.0 1193365.0 45046.0 5182.0 12043083.0 281529970.5 3711224112.0 36659422.0 7060429.0 214853191.0 10.0 2561.0 15686858.0 1006165.0 1814276.0 0.0 62.0 1020282.0 1609051.0 232088.0 6.0 171522.0 38.0 14174.0 3627.0
9012.0 202538.0 7196.0 2694418.0 12293591.0 17.0 1008085.0 64568.0 9430.0 13694130.0 161777842.5 763514621.0 36396764.0 7283804.0 89355469.0 5.0 2624.0 10256953.0 798638.0 2862122.0 0.0 178.0 1156056.0 2143230.0 293173.0 9.0 309843.0 88.0 38184.0 13073.0
7855.0 80900.0 3491.0 826217.0 2597485.0 18.0 233178.0 11675.0 1930.0 4037893.0 32442450.0 100670446.0 4973869.0 1775324.0 12645665.0 2.0 1728.0 1032599.0 139814.0 376556.0 0.0 88.0 46560.0 209917.0 36377.0 4.0 24066.0 32.0 3024.0 876.0
10557.0 814278.0 11129.0 7097525.0 212618130.0 30.0 4391117.0 158605.0 16591.0 27355733.0 1171859020.0 51724200285.0 162830642.0 18881448.0 1601030219.0 23.0 9870.0 95983690.0 3871732.0 6737892.0 0.0 338.0 3861713.0 8860760.0 1361563.0 22.0 944069.0 161.0 109966.0 23454.0
9648.0 448347.0 8829.0 5212092.0 53428960.0 20.0 2266579.0 191021.0 11532.0 21512981.0 522462293.0 5731653355.0 104026424.0 12612932.0 377510352.0 19.0 4274.0 43030179.0 1659469.0 6174080.0 0.0 176.0 12400623.0 4274555.0 817695.0 6.0 961419.0 95.0 81356.0 14551.0
7709.0 62580.0 3723.0 518205.0 1407136.0 5.0 175419.0 15594.0 2455.0 2251872.0 16052762.0 39148982.0 2178006.0 1258538.0 6610002.0 0.0 495.0 901627.0 100680.0 249677.0 0.0 30.0 120066.0 145629.0 36008.0 2.0 37681.0 7.0 4929.0 1336.0
8446.0 103720.0 4638.0 1171414.0 4048073.0 17.0 343024.0 19912.0 3178.0 6363782.0 51693180.5 202940884.0 8159856.0 2788620.0 21687747.0 7.0 2019.0 1983693.0 222468.0 705005.0 0.0 124.0 144157.0 379766.0 66458.0 3.0 51380.0 46.0 6564.0 1741.0
8424.0 128801.0 5476.0 1750080.0 4431505.0 17.0 536511.0 43138.0 5636.0 9879655.0 71931376.0 156268811.0 17830253.0 4418468.0 27512381.0 4.0 2260.0 4210607.0 357398.0 1637906.0 0.0 118.0 682070.0 941429.0 152045.0 12.0 165530.0 54.0 20907.0 5590.0
8599.0 154090.0 5150.0 1917810.0 7845361.0 16.0 584310.0 29008.0 3932.0 9792035.0 104598910.0 397295687.0 19782513.0 4549141.0 45619306.0 3.0 2246.0 4770039.0 399890.0 1279983.0 0.0 138.0 261278.0 758793.0 132069.0 3.0 91013.0 43.0 10290.0 2568.0
9019.0 350140.0 6188.0 3477804.0 52277729.0 11.0 1479266.0 48962.0 5603.0 13694495.0 386963068.5 7686388823.0 52105991.0 7854785.0 324376104.0 7.0 2189.0 17720547.0 1144792.0 2407824.0 0.0 82.0 616604.0 2119097.0 294263.0 3.0 193160.0 44.0 22642.0 4592.0
10018.0 1104086.0 8893.0 6340018.0 425272690.0 15.0 4819815.0 172814.0 9730.0 18140936.0 1516007433.5 139635295707.0 80319812.0 14367466.0 2645456120.0 0.0 5609.0 145351753.0 3719284.0 4170911.0 0.0 150.0 10653420.0 6520494.0 1210722.0 8.0 767691.0 82.0 55683.0 9733.0
11314.0 2202918.0 12536.0 10225993.0 1291653432.0 19.0 9814239.0 250214.0 18606.0 26604190.0 3476568302.5 625203747886.0 193630224.0 23303464.0 8052144205.0 18.0 4433.0 313620012.0 7567155.0 7093049.0 0.0 298.0 11378051.0 16219072.0 2438047.0 18.0 1462324.0 159.0 138722.0 28677.0
10402.0 939000.0 10410.0 7186253.0 276295046.0 16.0 4765846.0 156781.0 14558.0 23816606.0 1350386679.5 73493095076.0 172267398.0 17893455.0 1959971988.0 14.0 3375.0 120921352.0 4037663.0 5778427.0 0.0 94.0 5071639.0 8715048.0 1351664.0 5.0 909156.0 69.0 83728.0 19551.0
8307.0 114025.0 4607.0 1180885.0 6171205.0 24.0 392809.0 19738.0 3490.0 5667053.0 63936896.5 399920140.0 8594669.0 2859709.0 34996954.0 7.0 3964.0 2182813.0 289989.0 713167.0 0.0 200.0 102528.0 424350.0 63557.0 14.0 54164.0 57.0 8445.0 2515.0
8705.0 363260.0 5389.0 2654724.0 75805308.0 23.0 1373547.0 35749.0 4185.0 8531474.0 397948467.5 14114263806.0 23087770.0 5755335.0 430138813.0 6.0 4146.0 16076454.0 1043722.0 1377700.0 0.0 126.0 418338.0 1515780.0 220729.0 25.0 115068.0 46.0 12529.0 2705.0
9808.0 389051.0 9169.0 4447592.0 53991012.0 35.0 2143212.0 105985.0 12349.0 20938327.0 445146850.5 7736651083.0 70511802.0 12695584.0 432966473.0 6.0 8632.0 36762908.0 1894060.0 4445405.0 0.0 368.0 2132685.0 4303344.0 773737.0 24.0 558705.0 178.0 65570.0 15914.0
9131.0 166176.0 6768.0 2379365.0 6983574.0 20.0 776976.0 53379.0 7254.0 14268300.0 111433058.5 315822413.0 27785634.0 6571615.0 49405801.0 10.0 3984.0 7119345.0 586258.0 2349964.0 0.0 254.0 650433.0 1420329.0 254238.0 8.0 219188.0 126.0 29203.0 7383.0
8041.0 70153.0 3859.0 697944.0 1394667.0 19.0 195063.0 11774.0 2332.0 3964860.0 19184856.0 36457520.0 3601239.0 1563033.0 6560540.0 10.0 2496.0 679436.0 113345.0 317341.0 0.0 150.0 37152.0 179644.0 31111.0 7.0 23916.0 27.0 3439.0 1102.0
11099.0 1986468.0 11851.0 9496433.0 1105659427.0 14.0 8618320.0 224656.0 17453.0 25378403.0 3164202047.0 506940789245.0 146110062.0 21525472.0 6767645300.0 4.0 5668.0 265719878.0 6858810.0 6285042.0 0.0 74.0 15226871.0 14136264.0 1808747.0 2.0 1182966.0 46.0 98883.0 26451.0
9059.0 468454.0 6438.0 4002291.0 76728912.0 6.0 2034964.0 110842.0 6076.0 13134652.0 498462424.5 11010729322.0 80417630.0 8676795.0 461520405.0 10.0 1142.0 56003629.0 1362483.0 2899263.0 0.0 42.0 5972981.0 2715806.0 600769.0 2.0 482589.0 19.0 33607.0 4802.0
9118.0 330005.0 6277.0 3273992.0 52865012.0 36.0 1381110.0 37155.0 6383.0 13787577.0 377407119.5 8410976144.0 41776757.0 7624444.0 323904380.0 26.0 6804.0 11135187.0 1138790.0 2117027.0 0.0 352.0 229538.0 2223806.0 199799.0 26.0 147827.0 132.0 21709.0 6703.0
8425.0 99314.0 5185.0 1105797.0 3231952.0 16.0 375958.0 28232.0 4548.0 6050320.0 43240851.5 139044942.0 7868578.0 3029133.0 20484908.0 11.0 2435.0 2264962.0 263603.0 832704.0 0.0 164.0 173197.0 494724.0 101012.0 7.0 90390.0 30.0 14593.0 3572.0
9386.0 225540.0 8115.0 3304619.0 12569887.0 15.0 1187547.0 86469.0 11215.0 17966518.0 188254186.5 702708041.0 49344808.0 9026592.0 94503913.0 5.0 1898.0 15037671.0 847823.0 3984383.0 0.0 126.0 1408178.0 2643000.0 480218.0 9.0 434254.0 63.0 62851.0 15362.0
8686.0 147021.0 5685.0 2013186.0 6122436.0 22.0 611534.0 37587.0 5064.0 11358807.0 94997223.0 263953591.0 21398766.0 5179388.0 38227587.0 8.0 3580.0 4779490.0 438293.0 1663362.0 0.0 200.0 378766.0 955039.0 176126.0 8.0 132144.0 80.0 15622.0 4052.0
10049.0 1710453.0 7450.0 7163450.0 948301735.0 6.0 5850258.0 82178.0 6123.0 14617796.0 2675488189.5 418061220571.0 85823119.0 13034581.0 4751649077.0 10.0 2631.0 101254336.0 4247098.0 2661745.0 0.0 52.0 2600657.0 5963816.0 612361.0 1.0 290378.0 25.0 22589.0 4053.0
7788.0 59375.0 3477.0 539660.0 979270.0 4.0 158126.0 9326.0 1943.0 2716228.0 13144045.5 20088876.0 2761934.0 1183995.0 4430032.0 0.0 458.0 511181.0 87196.0 225248.0 0.0 34.0 21715.0 138069.0 23978.0 1.0 17573.0 9.0 2696.0 798.0
8357.0 90245.0 4759.0 1056026.0 1935579.0 24.0 292345.0 20138.0 3658.0 6452293.0 32225252.5 43607904.0 6921938.0 2622867.0 9671385.0 30.0 3496.0 1203440.0 179525.0 651881.0 0.0 236.0 90265.0 332319.0 59339.0 10.0 51759.0 68.0 8826.0 2420.0
9241.0 868147.0 6392.0 4944699.0 311032426.0 12.0 3168618.0 66251.0 5406.0 13053273.0 1180000712.0 93403632627.0 64820496.0 9637868.0 1648955054.0 5.0 2293.0 50271651.0 2314943.0 2497300.0 0.0 60.0 1532177.0 3542931.0 459851.0 5.0 242576.0 31.0 22007.0 3956.0
9806.0 547705.0 9333.0 5346666.0 86360784.0 21.0 2863507.0 261238.0 12072.0 20176220.0 624906540.0 12340924652.0 100796269.0 13685987.0 611846342.0 7.0 5105.0 92982376.0 2131247.0 5691906.0 0.0 220.0 22339530.0 4823646.0 1104107.0 13.0 1371104.0 118.0 113931.0 13144.0
8668.0 156933.0 5548.0 1994547.0 7385909.0 24.0 624640.0 39548.0 5365.0 10118434.0 103227101.0 334795825.0 22564564.0 4636618.0 42632923.0 10.0 4341.0 5248063.0 411211.0 1658750.0 0.0 192.0 720454.0 1043169.0 141488.0 17.0 147039.0 59.0 16803.0 5251.0
7922.0 76213.0 3988.0 750720.0 1868760.0 10.0 218410.0 14761.0 2897.0 3607083.0 24978183.0 50811312.0 4610586.0 1643635.0 8292268.0 0.0 1082.0 1013361.0 111109.0 383869.0 0.0 70.0 61537.0 232351.0 39657.0 3.0 36280.0 18.0 6443.0 1865.0
8167.0 92854.0 4387.0 1073449.0 2508054.0 8.0 285574.0 17859.0 3083.0 5852011.0 38009756.0 74173699.0 7910393.0 2294498.0 11908815.0 8.0 772.0 1317226.0 161780.0 644951.0 0.0 58.0 87017.0 323474.0 50725.0 0.0 44679.0 17.0 6457.0 1744.0
8490.0 359729.0 4673.0 2821757.0 65121665.0 13.0 1254874.0 36323.0 3163.0 9074248.0 375685278.0 10736984829.0 34700266.0 5525129.0 336979580.0 6.0 2883.0 17617938.0 846849.0 1383201.0 0.0 56.0 872091.0 1251669.0 197437.0 5.0 114631.0 9.0 8493.0 1751.0
8567.0 137325.0 5818.0 1805920.0 5557636.0 19.0 587143.0 35002.0 6109.0 9981288.0 83112016.5 240444308.0 18927259.0 4920002.0 35553377.0 20.0 2564.0 4094252.0 443627.0 1518777.0 0.0 118.0 225789.0 987071.0 151562.0 5.0 130851.0 72.0 20855.0 5621.0
8976.0 421849.0 5919.0 3434754.0 77877856.0 18.0 1689700.0 47468.0 4639.0 11220355.0 482607554.5 12610729795.0 53822174.0 7572885.0 460179071.0 8.0 3903.0 25547026.0 1332091.0 1975476.0 0.0 88.0 1271045.0 1951384.0 281843.0 6.0 172617.0 40.0 13294.0 2706.0
7831.0 73854.0 3560.0 783812.0 1623583.0 7.0 207398.0 13049.0 2106.0 4247309.0 24112967.0 42709604.0 4671969.0 1640011.0 7533255.0 5.0 763.0 827200.0 112264.0 396954.0 0.0 32.0 60620.0 201642.0 35426.0 2.0 28439.0 20.0 3817.0 973.0
8860.0 248964.0 6072.0 2531375.0 30148578.0 22.0 1113545.0 47737.0 5646.0 10970230.0 231604096.5 3821060819.0 28832737.0 6411593.0 204398355.0 7.0 2673.0 14145598.0 902963.0 1792383.0 0.0 148.0 703302.0 1640827.0 286449.0 7.0 186187.0 75.0 20121.0 4646.0
8765.0 165053.0 6269.0 2141295.0 8852256.0 48.0 727345.0 46300.0 6956.0 11857289.0 116279324.0 523731912.0 24559947.0 5634515.0 58328250.0 20.0 9057.0 5691490.0 554587.0 1988022.0 0.0 574.0 612087.0 1315741.0 185258.0 36.0 190732.0 229.0 24699.0 7262.0
8357.0 150122.0 4783.0 1601681.0 10572902.0 25.0 573868.0 22848.0 3599.0 7285596.0 103981488.5 829338994.0 14497507.0 3884111.0 65253161.0 3.0 4486.0 4314024.0 442040.0 904160.0 0.0 242.0 148105.0 693131.0 109511.0 18.0 66460.0 58.0 8155.0 2294.0
9427.0 466144.0 6986.0 4443887.0 76024890.0 22.0 1937526.0 78762.0 6634.0 16134102.0 566949910.5 10899416290.0 84129862.0 9879401.0 445111399.0 4.0 7273.0 39451334.0 1386472.0 3326568.0 0.0 162.0 2894495.0 2695758.0 433705.0 7.0 324993.0 66.0 26437.0 5461.0
8330.0 129347.0 4726.0 1432582.0 6914929.0 7.0 456583.0 21257.0 3471.0 6758713.0 80231211.0 397778553.0 12071344.0 3422697.0 38413834.0 4.0 1265.0 2912503.0 319017.0 819113.0 0.0 58.0 134472.0 525457.0 89243.0 1.0 60665.0 20.0 7986.0 2041.0
7891.0 117199.0 3628.0 1117111.0 7862804.0 14.0 352322.0 10962.0 2152.0 4593335.0 71784927.5 566763324.0 8189433.0 2284622.0 37914243.0 2.0 1750.0 1480395.0 233745.0 471872.0 0.0 56.0 34412.0 334575.0 31637.0 3.0 23184.0 25.0 3047.0 1076.0
9219.0 318349.0 6872.0 3439816.0 39637333.0 18.0 1441646.0 49284.0 7182.0 14449476.0 349312926.5 4716871916.0 51813314.0 8574490.0 266800419.0 14.0 4227.0 16624306.0 1214414.0 2565880.0 0.0 178.0 589575.0 2345437.0 303623.0 3.0 207198.0 66.0 24688.0 6747.0
9480.0 452306.0 7889.0 5090879.0 58003010.0 17.0 2177818.0 110674.0 9770.0 19954837.0 529131472.5 6935563559.0 112254137.0 11478736.0 389108414.0 2.0 4512.0 43449964.0 1534619.0 4850222.0 0.0 100.0 3144867.0 4090208.0 655818.0 12.0 546572.0 87.0 60200.0 11574.0
8544.0 124429.0 5105.0 1530219.0 4800476.0 13.0 483514.0 36943.0 4338.0 8364875.0 66507573.5 197515512.0 14739138.0 3673602.0 28463145.0 7.0 2319.0 4290823.0 306975.0 1259569.0 0.0 74.0 590294.0 695209.0 129684.0 2.0 140744.0 24.0 15268.0 3541.0
7991.0 60223.0 3734.0 506046.0 1024097.0 8.0 148645.0 10569.0 2020.0 2396422.0 12701754.0 21562612.0 2194532.0 1021350.0 4165367.0 7.0 391.0 510185.0 71357.0 220068.0 0.0 14.0 34321.0 115221.0 23631.0 2.0 18781.0 8.0 2942.0 772.0
9408.0 471634.0 7672.0 4599848.0 69436146.0 8.0 2214639.0 122094.0 8681.0 16851959.0 532436568.0 9054206988.0 103143371.0 10466259.0 450609638.0 8.0 1584.0 52261943.0 1562714.0 4240606.0 0.0 48.0 4318181.0 3650805.0 651376.0 2.0 575976.0 27.0 67739.0 8937.0
8010.0 154698.0 3787.0 1312180.0 17394569.0 9.0 466364.0 14228.0 2227.0 4798411.0 126569401.0 1945074135.0 6888224.0 2612687.0 84447059.0 3.0 1173.0 3044832.0 313014.0 551973.0 0.0 68.0 86212.0 381519.0 49587.0 4.0 26644.0 17.0 3446.0 989.0
9836.0 253432.0 9433.0 3754868.0 15776675.0 48.0 1497303.0 101106.0 14154.0 21657690.0 226796756.5 1031788721.0 59693935.0 11494005.0 135078152.0 18.0 9355.0 18790896.0 1318950.0 4716873.0 0.0 574.0 1756048.0 3640661.0 583994.0 44.0 576382.0 221.0 80618.0 21981.0
8465.0 122761.0 4693.0 1526999.0 4734175.0 19.0 439088.0 24119.0 3266.0 8283175.0 68879964.5 201597816.0 13152163.0 3649747.0 27217588.0 19.0 3775.0 2799709.0 299583.0 936973.0 0.0 162.0 183620.0 548541.0 94689.0 16.0 65130.0 56.0 8118.0 1914.0
8443.0 139258.0 4929.0 1869538.0 5960516.0 14.0 536581.0 25366.0 4296.0 10223863.0 88499465.5 280516011.0 19726480.0 4317619.0 35002433.0 5.0 2333.0 3467777.0 365146.0 1267574.0 0.0 120.0 187916.0 861944.0 102496.0 6.0 86889.0 51.0 11278.0 3841.0
8511.0 486257.0 4623.0 2981137.0 132687019.0 4.0 1525554.0 22764.0 3110.0 7983479.0 588944179.5 30216639657.0 22697716.0 5388255.0 622892703.0 1.0 1122.0 12834321.0 1059154.0 1080514.0 0.0 18.0 233526.0 1451794.0 119781.0 0.0 56928.0 10.0 5888.0 1808.0
8096.0 88183.0 4167.0 855369.0 3521044.0 16.0 274045.0 13818.0 2927.0 4022953.0 37878494.5 179989665.0 5562837.0 1900560.0 18208505.0 6.0 1828.0 1310846.0 173663.0 400263.0 0.0 80.0 48460.0 299371.0 40250.0 7.0 34148.0 33.0 5873.0 1700.0
8642.0 133475.0 5577.0 1670243.0 5488935.0 23.0 542079.0 30952.0 4932.0 8997446.0 76835475.0 253532906.0 16267852.0 4463372.0 34731162.0 25.0 2648.0 3975418.0 398104.0 1204428.0 0.0 168.0 222885.0 792102.0 137517.0 12.0 108979.0 69.0 14403.0 3765.0
8199.0 105105.0 4427.0 1247203.0 3930075.0 8.0 343789.0 17342.0 3353.0 6521547.0 54186002.5 162748682.0 10260726.0 2840702.0 19838172.0 8.0 800.0 1689943.0 218438.0 702232.0 0.0 40.0 79475.0 442252.0 58186.0 1.0 45783.0 29.0 7130.0 2459.0
9351.0 324842.0 7942.0 4141147.0 33005607.0 46.0 1690073.0 82864.0 10645.0 19994743.0 342965887.5 3416918405.0 70989930.0 10559063.0 246154784.0 20.0 7986.0 23805800.0 1298663.0 4258375.0 0.0 466.0 1071613.0 3621081.0 582660.0 49.0 418733.0 202.0 56721.0 14041.0
7975.0 91778.0 4082.0 942687.0 3788313.0 8.0 284990.0 16887.0 2956.0 4394261.0 43805584.0 200366656.0 6353728.0 2054915.0 18526308.0 4.0 942.0 1177067.0 176299.0 541119.0 0.0 44.0 101028.0 340213.0 44999.0 1.0 45994.0 13.0 6708.0 1983.0
11269.0 4148056.0 9713.0 10824487.0 3793802322.0 17.0 13538498.0 135143.0 8740.0 14442978.0 6651262508.5 2.67519096783e+12 77495705.0 18599799.0 18219701995.0 11.0 10395.0 275756564.0 9588121.0 2227657.0 0.0 130.0 4749133.0 13726870.0 1194018.0 6.0 505854.0 46.0 44324.0 6540.0
9001.0 390274.0 6120.0 3611649.0 65254841.0 9.0 1603276.0 51478.0 5485.0 13177009.0 444387780.5 10488579985.0 54309631.0 8025720.0 393495537.0 3.0 1590.0 22167350.0 1220380.0 2394136.0 0.0 64.0 801554.0 2147392.0 324242.0 3.0 195627.0 27.0 18357.0 4348.0
8655.0 186014.0 5550.0 1832028.0 18514190.0 14.0 772062.0 32268.0 4628.0 8070388.0 147224995.0 1998205088.0 16279390.0 4705933.0 121692400.0 9.0 2220.0 7292336.0 630428.0 1161134.0 0.0 132.0 264770.0 1007475.0 171804.0 6.0 105875.0 47.0 13432.0 3182.0
8217.0 121834.0 4086.0 1315941.0 6689081.0 17.0 411852.0 17777.0 2407.0 6388141.0 73292385.5 422169627.0 10040328.0 3000296.0 37704237.0 6.0 3108.0 2875845.0 292351.0 614949.0 0.0 122.0 172040.0 399989.0 66473.0 9.0 45949.0 39.0 4022.0 1050.0
8644.0 170546.0 5648.0 2117151.0 9677138.0 15.0 718136.0 40332.0 5421.0 10359237.0 120119759.5 568840399.0 25309424.0 5121358.0 59876096.0 8.0 2119.0 7181919.0 481775.0 1712451.0 0.0 110.0 487267.0 1180497.0 198093.0 7.0 155757.0 39.0 18577.0 5226.0
10048.0 648006.0 9301.0 6163729.0 116673063.0 11.0 3151351.0 235021.0 11040.0 22008569.0 846051638.5 18256947961.0 127845772.0 14890534.0 788118580.0 3.0 2711.0 83218229.0 2587463.0 6068974.0 0.0 42.0 27267949.0 5063143.0 855856.0 3.0 1123638.0 23.0 64348.0 11383.0
10907.0 619537.0 13115.0 7555133.0 93869760.0 60.0 4037951.0 222041.0 22882.0 35272174.0 849425278.5 13454881681.0 188614334.0 22609667.0 847806970.0 37.0 11503.0 97784117.0 3693236.0 9867817.0 0.0 874.0 6471140.0 10008226.0 1837352.0 64.0 1501977.0 398.0 177431.0 37300.0
9860.0 897809.0 8456.0 6400697.0 273169499.0 20.0 4002822.0 126842.0 9944.0 19832456.0 1224993124.0 74463773628.0 138534730.0 13900582.0 1714338847.0 5.0 6464.0 99026823.0 2911342.0 4646210.0 0.0 128.0 3746426.0 6197745.0 1074429.0 10.0 632326.0 71.0 61219.0 11126.0
9693.0 308086.0 8781.0 4075590.0 27408092.0 23.0 1643623.0 125601.0 11991.0 20873768.0 311884731.5 2497509224.0 61846813.0 11502937.0 209193051.0 35.0 5371.0 26373166.0 1354308.0 4414142.0 0.0 342.0 5884130.0 3441645.0 560269.0 10.0 652692.0 91.0 65670.0 16320.0
9163.0 243269.0 7237.0 3373964.0 15921714.0 4.0 1222725.0 81260.0 8766.0 17176037.0 214284959.0 1011806690.0 51882217.0 8563932.0 114639304.0 18.0 938.0 17084957.0 867145.0 3632335.0 0.0 48.0 1584491.0 2389560.0 443721.0 1.0 395172.0 21.0 46580.0 10380.0
8644.0 130141.0 5426.0 1713381.0 5047887.0 15.0 528008.0 28577.0 5255.0 9661700.0 75643451.5 228692098.0 17602922.0 4282896.0 31017435.0 9.0 1357.0 2915429.0 374749.0 1344245.0 0.0 92.0 139632.0 950864.0 117053.0 16.0 101945.0 60.0 16942.0 5296.0
9556.0 770154.0 7150.0 4659220.0 262192489.0 24.0 3135904.0 53787.0 6506.0 13938807.0 1064511216.0 74804815633.0 51260835.0 10365061.0 1585491665.0 20.0 3968.0 38512743.0 2708108.0 2229365.0 0.0 294.0 583250.0 3791899.0 404526.0 13.0 190842.0 83.0 21100.0 4919.0
9729.0 538270.0 8358.0 5478337.0 91570270.0 11.0 2648086.0 99072.0 11315.0 20936719.0 676003927.5 14724106400.0 124231297.0 12733153.0 627390013.0 13.0 2231.0 50468450.0 1991921.0 4693574.0 0.0 64.0 2047577.0 5286280.0 740116.0 2.0 548876.0 42.0 62824.0 16541.0
7856.0 74725.0 3622.0 788795.0 1693786.0 12.0 218961.0 13069.0 2136.0 4147670.0 24628275.0 42244285.0 4881879.0 1746475.0 7930124.0 1.0 881.0 940660.0 123636.0 405062.0 0.0 74.0 48886.0 210301.0 42633.0 5.0 28014.0 35.0 3946.0 1011.0
8887.0 396736.0 5938.0 3122273.0 77250604.0 23.0 1621893.0 73861.0 5142.0 10868912.0 427172168.0 13771035953.0 30587224.0 7113327.0 461393407.0 10.0 4246.0 33198082.0 1221738.0 1921699.0 0.0 218.0 3575511.0 1965499.0 367691.0 7.0 274233.0 83.0 17951.0 3712.0
10674.0 752441.0 12298.0 8285104.0 128740772.0 22.0 4528934.0 239749.0 21328.0 31832526.0 1075743399.0 19689600537.0 255075254.0 21442929.0 1042068168.0 23.0 5960.0 125230032.0 3597296.0 10039965.0 0.0 130.0 7902936.0 10933420.0 1842205.0 16.0 1584250.0 73.0 209507.0 35823.0
8122.0 177094.0 4057.0 1696869.0 16196805.0 19.0 608651.0 20789.0 2576.0 6706130.0 133217130.5 1500892040.0 17625670.0 3476211.0 85024174.0 0.0 2787.0 5280776.0 408086.0 874748.0 0.0 116.0 167651.0 633126.0 104500.0 7.0 56920.0 52.0 6117.0 1333.0
8381.0 281602.0 4781.0 2220567.0 48432634.0 13.0 986790.0 24621.0 3516.0 7631861.0 287823256.5 7691469580.0 18945097.0 4696101.0 261034247.0 0.0 2074.0 6908531.0 765326.0 1080045.0 0.0 70.0 190353.0 1016674.0 94794.0 10.0 64378.0 35.0 8398.0 2100.0
9547.0 592370.0 8130.0 4065935.0 157010601.0 13.0 2803238.0 103582.0 9728.0 12772432.0 716210261.0 36928420074.0 46076258.0 10428195.0 1073444736.0 2.0 4785.0 56050287.0 2369511.0 2743315.0 0.0 116.0 2758813.0 4377545.0 737005.0 1.0 499022.0 43.0 53061.0 11121.0
8576.0 130643.0 5412.0 1616442.0 5016872.0 26.0 544815.0 36850.0 4944.0 8742160.0 70606105.5 206718615.0 16492615.0 4179492.0 31960144.0 5.0 5653.0 4519832.0 381823.0 1373816.0 0.0 296.0 359765.0 851805.0 160409.0 26.0 137068.0 80.0 18033.0 4329.0
8935.0 199977.0 6318.0 2596268.0 12745383.0 13.0 882819.0 40485.0 6126.0 12984369.0 163735071.0 830047345.0 32259850.0 6727772.0 85051967.0 6.0 2524.0 7735980.0 698776.0 2050190.0 0.0 134.0 359033.0 1431406.0 215823.0 4.0 155141.0 55.0 18989.0 5231.0
9212.0 195324.0 6965.0 2575837.0 12696202.0 37.0 919804.0 43722.0 7686.0 14043507.0 163382765.5 900580350.0 31165961.0 7194064.0 91036044.0 34.0 5324.0 6996974.0 798580.0 2210881.0 0.0 372.0 289223.0 1694998.0 216454.0 23.0 179344.0 165.0 26323.0 8214.0
9749.0 267470.0 9452.0 3980004.0 16704887.0 25.0 1545644.0 118428.0 15019.0 21865851.0 241402479.0 1077157807.0 66292206.0 11481174.0 136612741.0 14.0 5301.0 21637006.0 1193676.0 5333516.0 0.0 372.0 2096360.0 3879037.0 618991.0 21.0 693607.0 208.0 100252.0 23745.0
8852.0 181593.0 6275.0 2349457.0 12210569.0 12.0 812112.0 46835.0 6708.0 12673775.0 144199596.0 960995796.0 27493461.0 6083376.0 81412309.0 5.0 2229.0 6746658.0 622812.0 2193559.0 0.0 134.0 481546.0 1475028.0 213383.0 6.0 193810.0 51.0 26037.0 6910.0
11136.0 4306699.0 9200.0 10615496.0 4062809358.0 24.0 13410631.0 104148.0 8001.0 12232336.0 6931421606.5 2.93428408626e+12 57458477.0 17374347.0 18684203673.0 16.0 7984.0 217441413.0 9361763.0 1586642.0 0.0 178.0 2581050.0 13008150.0 880097.0 9.0 385112.0 78.0 35219.0 5868.0
9027.0 202104.0 6499.0 2501931.0 14091179.0 27.0 876506.0 45439.0 6170.0 12372046.0 165316540.5 1023884534.0 30984573.0 6506336.0 90757133.0 18.0 4869.0 8813061.0 656423.0 2139313.0 0.0 274.0 467406.0 1322524.0 240531.0 17.0 170107.0 103.0 21223.0 4934.0
10201.0 415105.0 10730.0 5810072.0 42865011.0 20.0 2437776.0 136765.0 18615.0 27705191.0 499115909.0 4518395700.0 124669152.0 15546203.0 344819709.0 11.0 4907.0 37537076.0 1922605.0 7563588.0 0.0 144.0 2169551.0 6618111.0 909415.0 6.0 856833.0 119.0 123477.0 35681.0
8247.0 95797.0 4712.0 1108266.0 2942191.0 36.0 327254.0 23466.0 3739.0 6309677.0 41793268.0 117863456.0 7871356.0 2757385.0 16318677.0 14.0 5887.0 1577648.0 216508.0 774573.0 0.0 450.0 132550.0 400803.0 73319.0 33.0 66154.0 89.0 10453.0 2492.0
8151.0 104548.0 4323.0 1205143.0 3839014.0 11.0 358418.0 21328.0 3228.0 6145509.0 51938581.0 147353623.0 10061782.0 2740002.0 20566178.0 5.0 1542.0 2378453.0 219766.0 829620.0 0.0 64.0 138142.0 434423.0 81712.0 4.0 62090.0 25.0 8648.0 2057.0
8535.0 173746.0 4938.0 1896127.0 13298239.0 11.0 675286.0 25723.0 3855.0 8366906.0 135893176.0 1036989404.0 19185188.0 4438764.0 82091433.0 9.0 1834.0 5185785.0 524335.0 1079130.0 0.0 74.0 180374.0 891637.0 122132.0 2.0 79985.0 29.0 9735.0 2679.0
9511.0 501516.0 7765.0 4212015.0 104364794.0 29.0 2374397.0 113981.0 8568.0 15595092.0 590739310.5 20254144777.0 51850468.0 10693798.0 707720011.0 15.0 7026.0 55072083.0 1963784.0 3081059.0 0.0 220.0 6451230.0 3554645.0 645457.0 16.0 532082.0 85.0 36473.0 8549.0
8572.0 171051.0 5383.0 2018286.0 11333826.0 19.0 692869.0 29932.0 4867.0 9526565.0 129007105.5 796924934.0 22459111.0 4907541.0 70499092.0 9.0 2714.0 4766344.0 529148.0 1469274.0 0.0 196.0 166536.0 1037733.0 126546.0 6.0 102670.0 69.0 15758.0 4031.0
8300.0 89837.0 4514.0 1074056.0 2006105.0 15.0 294115.0 17994.0 3101.0 6385477.0 33761650.0 48256857.0 7729778.0 2592125.0 10461843.0 13.0 1756.0 1338339.0 183625.0 626716.0 0.0 106.0 73150.0 341864.0 61116.0 3.0 44151.0 35.0 6191.0 1666.0
9132.0 180111.0 7001.0 2589909.0 8300294.0 28.0 876275.0 59393.0 7617.0 15094035.0 131101411.0 386829099.0 31583724.0 7377445.0 61265492.0 28.0 5022.0 8347224.0 715107.0 2534841.0 0.0 362.0 960535.0 1583567.0 290851.0 15.0 260236.0 150.0 30707.0 7593.0
7575.0 53555.0 3042.0 444925.0 927219.0 4.0 124281.0 9079.0 1613.0 2078038.0 11276210.0 20815433.0 1872959.0 864367.0 3618956.0 1.0 241.0 328925.0 62588.0 192536.0 0.0 10.0 37912.0 102912.0 15480.0 0.0 17657.0 3.0 2742.0 769.0
9665.0 348909.0 8296.0 4742699.0 31361354.0 21.0 1804567.0 82800.0 10653.0 22066241.0 387708491.5 2645341724.0 91172764.0 11853880.0 229458936.0 8.0 3596.0 25557064.0 1420586.0 4699836.0 0.0 206.0 1311413.0 3802464.0 536382.0 16.0 426957.0 67.0 57541.0 13644.0
8865.0 198277.0 6055.0 2293871.0 17196578.0 13.0 848355.0 42793.0 5648.0 11507920.0 166417962.0 1710369629.0 24453637.0 5769167.0 115977907.0 17.0 2032.0 7205808.0 682862.0 1800615.0 0.0 90.0 505295.0 1297974.0 188055.0 2.0 151639.0 37.0 17631.0 4666.0
10456.0 506118.0 11752.0 6721092.0 55885096.0 40.0 3018250.0 309265.0 18727.0 30222113.0 615315398.0 5865438101.0 140898531.0 18476210.0 448811061.0 30.0 7840.0 73115957.0 2477588.0 9880601.0 0.0 332.0 22399344.0 6763945.0 1266839.0 25.0 1838297.0 218.0 180824.0 28528.0
11205.0 812981.0 14796.0 9441128.0 126618201.0 36.0 5145290.0 523325.0 28627.0 38200038.0 1119037209.0 17437488548.0 276997344.0 24992683.0 1015157829.0 24.0 11439.0 205624840.0 3693088.0 14898740.0 0.0 286.0 42861501.0 13062154.0 2528305.0 14.0 3414353.0 217.0 364132.0 55154.0
8839.0 294827.0 5705.0 2564737.0 45635630.0 29.0 1196186.0 28811.0 4924.0 9305435.0 307047169.0 6714192236.0 28244900.0 5964419.0 286590163.0 9.0 4044.0 9607664.0 1052094.0 1379527.0 0.0 220.0 223246.0 1550942.0 132442.0 24.0 90490.0 101.0 12626.0 3896.0
7977.0 86542.0 4186.0 939666.0 2727735.0 9.0 283369.0 17189.0 3294.0 4728705.0 36289075.5 102997446.0 6869358.0 2111394.0 13827275.0 0.0 417.0 1165847.0 174297.0 625331.0 0.0 36.0 77686.0 382338.0 46723.0 3.0 48365.0 21.0 7637.0 2632.0
8318.0 145699.0 5195.0 1718845.0 8148352.0 22.0 615753.0 35946.0 4628.0 8549778.0 92994730.5 514911743.0 17891262.0 4357433.0 53396220.0 5.0 2748.0 5309480.0 455299.0 1432956.0 0.0 124.0 371038.0 913244.0 172138.0 12.0 125659.0 55.0 15810.0 3588.0
9130.0 651584.0 6030.0 5140625.0 135005540.0 16.0 2406027.0 76550.0 5011.0 14780909.0 822377076.5 23820973976.0 133273478.0 9456283.0 699890336.0 2.0 5571.0 53780549.0 1536342.0 3161270.0 0.0 58.0 3012410.0 2881368.0 448517.0 11.0 295675.0 40.0 23062.0 3508.0
8084.0 79286.0 4147.0 885681.0 1577328.0 14.0 257152.0 19566.0 3407.0 4920464.0 25172546.0 32357685.0 6467003.0 1947817.0 7824229.0 7.0 1085.0 1129207.0 141525.0 672577.0 0.0 62.0 143658.0 378981.0 46043.0 3.0 61867.0 33.0 8037.0 3399.0
9113.0 297089.0 6588.0 3298861.0 35314798.0 35.0 1332614.0 57520.0 7178.0 14699007.0 298546122.5 4413666325.0 48631450.0 7694939.0 228954831.0 15.0 8607.0 18363531.0 948273.0 2620867.0 0.0 362.0 814745.0 2299595.0 357458.0 54.0 264965.0 91.0 33454.0 7790.0
9011.0 346428.0 6549.0 3533349.0 50489087.0 22.0 1494076.0 76251.0 7031.0 14613620.0 372158479.5 7413719341.0 46574854.0 8138727.0 310721343.0 3.0 4850.0 26227892.0 1037804.0 2870154.0 0.0 150.0 2257498.0 2356776.0 418073.0 4.0 319501.0 59.0 31796.0 7422.0
8532.0 122415.0 5136.0 1501867.0 4617657.0 10.0 471169.0 30848.0 4156.0 7891876.0 65266406.0 191022811.0 14081253.0 3779632.0 27813691.0 4.0 613.0 3872828.0 314744.0 1118061.0 0.0 42.0 288393.0 641921.0 131524.0 5.0 102767.0 18.0 12632.0 2846.0
9770.0 428688.0 9695.0 4755694.0 61200005.0 31.0 2384666.0 172671.0 14376.0 21615214.0 475571608.0 9075946740.0 74807473.0 13256847.0 481583873.0 23.0 5123.0 54661022.0 1928160.0 5602756.0 0.0 316.0 6789555.0 4929329.0 1007379.0 28.0 912453.0 148.0 110206.0 20219.0
9259.0 167492.0 7059.0 2185994.0 8440038.0 20.0 796141.0 48824.0 7161.0 12314217.0 114282357.0 491758426.0 23420815.0 6534539.0 64369258.0 17.0 4166.0 7553273.0 668538.0 1889006.0 0.0 242.0 431366.0 1319978.0 280443.0 10.0 190171.0 71.0 24973.0 6386.0
7818.0 65029.0 3599.0 658577.0 1109393.0 18.0 186982.0 13144.0 2304.0 3507120.0 16348661.0 20587159.0 4197654.0 1369278.0 5095252.0 1.0 1797.0 713376.0 101122.0 386151.0 0.0 70.0 97548.0 215816.0 32928.0 8.0 31884.0 39.0 4153.0 1363.0
8212.0 65361.0 4356.0 568304.0 1037988.0 8.0 178043.0 16928.0 2914.0 2848079.0 13596957.5 20833626.0 2524580.0 1313772.0 4728016.0 4.0 353.0 629438.0 95344.0 310173.0 0.0 20.0 83892.0 165951.0 33909.0 2.0 36459.0 13.0 5731.0 1508.0
7883.0 71609.0 3715.0 728268.0 1610294.0 10.0 214034.0 13738.0 2298.0 3768974.0 22409040.0 42530707.0 4417361.0 1673790.0 8006351.0 4.0 1726.0 975830.0 124776.0 372771.0 0.0 78.0 59243.0 217621.0 42682.0 2.0 33461.0 23.0 4163.0 1159.0
9034.0 876385.0 5505.0 4433319.0 336255768.0 12.0 2897797.0 35182.0 3894.0 9847579.0 1205362048.5 104354394985.0 44385383.0 8004763.0 1652798910.0 0.0 4426.0 30776826.0 2132329.0 1493043.0 0.0 44.0 472709.0 2737468.0 220882.0 3.0 100963.0 37.0 9573.0 2177.0
9284.0 217138.0 7325.0 2866393.0 16208269.0 23.0 1039279.0 48818.0 8636.0 15701333.0 195125416.0 1369164498.0 36214428.0 7980043.0 116422534.0 13.0 5571.0 8946390.0 896004.0 2526686.0 0.0 288.0 377399.0 1996309.0 254407.0 16.0 209162.0 113.0 28331.0 10125.0
8770.0 145095.0 6314.0 1859384.0 6556710.0 31.0 652822.0 44043.0 7297.0 10229081.0 89986826.5 331292850.0 19824266.0 5130119.0 45434381.0 13.0 4768.0 5147738.0 498680.0 1796534.0 0.0 402.0 437746.0 1227247.0 185601.0 22.0 176535.0 139.0 25711.0 8456.0
9911.0 276183.0 9531.0 4264000.0 17785458.0 39.0 1619161.0 94528.0 13755.0 24675263.0 268090438.0 1155472423.0 71124046.0 12967041.0 152219220.0 47.0 8952.0 19616656.0 1442601.0 5021548.0 0.0 664.0 1107778.0 3909078.0 632019.0 34.0 514309.0 224.0 70532.0 19584.0
9100.0 185726.0 6990.0 2571752.0 10519383.0 27.0 907312.0 50508.0 8289.0 14667593.0 140877720.0 703727291.0 32405210.0 7120574.0 78363345.0 15.0 4252.0 8323608.0 719317.0 2447932.0 0.0 310.0 424552.0 1799619.0 281386.0 14.0 225891.0 132.0 31230.0 9719.0
10199.0 1226313.0 8720.0 6698349.0 496331304.0 22.0 5246578.0 191032.0 8705.0 17522771.0 1750016999.5 169032264916.0 77883906.0 14993737.0 3045818425.0 5.0 5140.0 171250570.0 4270907.0 3717766.0 0.0 148.0 20784765.0 6368147.0 1090206.0 8.0 788051.0 76.0 38563.0 7584.0
9295.0 353597.0 7349.0 3782579.0 48540502.0 18.0 1684511.0 64465.0 8079.0 16242785.0 388893546.0 6677645111.0 59131263.0 9691572.0 338541347.0 8.0 4160.0 23555736.0 1377485.0 2995710.0 0.0 182.0 819749.0 2830684.0 458669.0 5.0 289266.0 73.0 32798.0 8110.0
7944.0 207551.0 4118.0 1487475.0 30345796.0 6.0 736447.0 25155.0 3046.0 4684487.0 165281977.5 4127569575.0 9540729.0 3213994.0 165649144.0 2.0 210.0 7783406.0 518300.0 652593.0 0.0 8.0 285274.0 785997.0 122838.0 1.0 76030.0 10.0 9169.0 2007.0
8245.0 160450.0 4466.0 1812997.0 10514747.0 17.0 562406.0 27388.0 3197.0 7943411.0 115895606.0 720926340.0 18134768.0 3978408.0 56276728.0 10.0 2839.0 4032338.0 375124.0 1135318.0 0.0 90.0 310823.0 671604.0 103242.0 7.0 83030.0 60.0 8973.0 1999.0
9544.0 659631.0 7937.0 4526044.0 151904529.0 18.0 2955306.0 208574.0 8498.0 13067374.0 761526235.0 28823390601.0 66010272.0 10720326.0 945050900.0 13.0 2658.0 99333280.0 2283546.0 3348056.0 0.0 160.0 26135663.0 3970620.0 752701.0 3.0 932215.0 74.0 45350.0 7961.0
7882.0 104193.0 3796.0 1142919.0 4635366.0 5.0 332333.0 14030.0 2548.0 5383738.0 55172361.5 234664516.0 9019770.0 2482895.0 23435786.0 0.0 174.0 1552759.0 216833.0 564387.0 0.0 20.0 67176.0 376845.0 43799.0 3.0 35206.0 12.0 4378.0 1557.0
10071.0 854548.0 8872.0 6393192.0 212416561.0 17.0 3973857.0 162507.0 9963.0 18762000.0 1177656707.5 43649579795.0 178928440.0 14595834.0 1383117846.0 4.0 3242.0 121704487.0 3224740.0 4617062.0 0.0 182.0 10768537.0 6005924.0 884266.0 7.0 802909.0 59.0 56734.0 9932.0
8465.0 178921.0 5255.0 2238440.0 11784737.0 7.0 759564.0 39072.0 5040.0 11039124.0 133909367.0 877304484.0 27414965.0 5209241.0 74965635.0 0.0 1474.0 7108021.0 528101.0 1782420.0 0.0 50.0 467911.0 1271611.0 191329.0 1.0 153481.0 20.0 18625.0 4881.0
8245.0 124506.0 5047.0 1625515.0 4539947.0 7.0 510900.0 31061.0 5297.0 8594211.0 68698397.5 169261979.0 17699871.0 3918055.0 27555693.0 3.0 1057.0 3458176.0 347783.0 1300574.0 0.0 58.0 300234.0 964766.0 118676.0 1.0 118602.0 28.0 15413.0 6117.0
11633.0 2481281.0 12224.0 13485928.0 1015053041.0 19.0 10646458.0 858347.0 13613.0 27822001.0 4022639673.5 327875051624.0 787146153.0 25436618.0 5778643906.0 8.0 6599.0 786218460.0 6823912.0 11251980.0 0.0 116.0 186589341.0 13812114.0 2898021.0 8.0 3764836.0 71.0 222892.0 12272.0
8295.0 157912.0 4690.0 1803843.0 10374502.0 28.0 583401.0 26749.0 3751.0 8396816.0 111825386.5 769225230.0 17741861.0 4069845.0 60101893.0 3.0 3715.0 4284891.0 408596.0 1141182.0 0.0 202.0 249710.0 785080.0 110533.0 12.0 79178.0 98.0 8965.0 2682.0
8957.0 576405.0 6059.0 3426733.0 169532254.0 8.0 2215978.0 43242.0 5281.0 9327263.0 707047200.0 41799126067.0 28219414.0 7479367.0 970496331.0 6.0 3256.0 26319591.0 1820067.0 1509615.0 0.0 32.0 590863.0 2548471.0 272714.0 1.0 143108.0 12.0 15802.0 3890.0
7978.0 80648.0 3808.0 880843.0 2176518.0 16.0 245855.0 13452.0 2405.0 4848138.0 30048397.5 76079565.0 5683891.0 1939702.0 11399095.0 9.0 1461.0 1096034.0 148037.0 456908.0 0.0 114.0 47044.0 268773.0 42888.0 8.0 30765.0 44.0 4235.0 1235.0
9509.0 374796.0 8154.0 4239052.0 42998349.0 18.0 1862369.0 95279.0 10282.0 17393922.0 417129002.5 4508332715.0 80547609.0 10822083.0 301981171.0 3.0 3744.0 30242344.0 1471404.0 4189699.0 0.0 134.0 1856398.0 3429741.0 585214.0 8.0 475555.0 70.0 63428.0 12566.0
8484.0 174256.0 5180.0 2100488.0 10786529.0 17.0 681453.0 32601.0 4384.0 9869831.0 130838236.0 644049271.0 24573401.0 4922617.0 63018608.0 14.0 2497.0 6397494.0 466440.0 1436696.0 0.0 140.0 330097.0 959673.0 153856.0 5.0 113870.0 48.0 14166.0 3232.0
8660.0 149449.0 6083.0 1873935.0 6903282.0 17.0 662151.0 56101.0 6261.0 9988774.0 91374627.5 362924346.0 18669866.0 5126508.0 46225570.0 4.0 2576.0 7197577.0 460293.0 1840168.0 0.0 126.0 988978.0 1058930.0 232535.0 10.0 224737.0 70.0 26874.0 5858.0
9793.0 883200.0 8206.0 5753456.0 295462701.0 13.0 3800251.0 118368.0 9549.0 17492435.0 1225155773.0 85945954992.0 87733383.0 12815738.0 1813283537.0 2.0 4640.0 84435413.0 2955569.0 3855343.0 0.0 72.0 3895536.0 5568139.0 824067.0 0.0 554461.0 31.0 54067.0 10725.0
8205.0 102441.0 4573.0 1115652.0 4259001.0 10.0 367685.0 18056.0 3612.0 5763721.0 50124548.0 229228065.0 8527195.0 2714351.0 26000348.0 9.0 1280.0 1780176.0 273114.0 667479.0 0.0 54.0 76484.0 480709.0 58605.0 3.0 48354.0 30.0 7054.0 2469.0
7790.0 112727.0 3502.0 1107681.0 7004316.0 4.0 325380.0 15675.0 1956.0 4767697.0 67857021.0 472866721.0 7058797.0 2234275.0 31827997.0 1.0 208.0 2329024.0 191282.0 507110.0 0.0 22.0 183195.0 278479.0 49281.0 0.0 32414.0 8.0 2927.0 849.0
7772.0 180955.0 3190.0 1309761.0 25720829.0 9.0 516461.0 9410.0 1573.0 4055424.0 151190751.0 3338877974.0 6938881.0 2369450.0 116219674.0 0.0 1108.0 2362247.0 347565.0 372267.0 0.0 44.0 33005.0 395242.0 27383.0 2.0 16049.0 15.0 2327.0 590.0
8064.0 91174.0 3912.0 1068132.0 2398209.0 10.0 277985.0 17473.0 2420.0 5726527.0 37698810.5 63637205.0 7570706.0 2363393.0 11470737.0 0.0 1095.0 1380510.0 165981.0 579236.0 0.0 58.0 147551.0 291426.0 49347.0 4.0 42435.0 24.0 4125.0 1296.0
8892.0 168882.0 6135.0 2086976.0 10366430.0 25.0 704953.0 40015.0 5793.0 10789094.0 125643802.0 749453096.0 21141050.0 5425355.0 67431506.0 7.0 4120.0 5573611.0 531946.0 1684529.0 0.0 178.0 351304.0 1049010.0 170916.0 10.0 143022.0 86.0 20168.0 4904.0
8665.0 263386.0 5768.0 2619696.0 27015830.0 15.0 1140013.0 82389.0 5167.0 10322247.0 223007472.0 2557361127.0 34229211.0 6185991.0 166724117.0 5.0 2678.0 24311905.0 779677.0 2047169.0 0.0 96.0 4005189.0 1458992.0 350604.0 8.0 347297.0 31.0 25522.0 3740.0
8471.0 228904.0 5052.0 2054840.0 30362116.0 29.0 902447.0 26391.0 4088.0 8236440.0 207775845.5 4033954065.0 19135158.0 4744673.0 185878379.0 6.0 4095.0 7579069.0 725321.0 1114669.0 0.0 244.0 171102.0 1136462.0 141321.0 17.0 81000.0 80.0 10835.0 2787.0
10541.0 1294043.0 10861.0 7479478.0 539133510.0 38.0 6140093.0 199875.0 15544.0 22319074.0 1854214492.5 192117806270.0 127528214.0 18023702.0 3580034599.0 12.0 8758.0 181612600.0 4862494.0 5617525.0 0.0 382.0 8051434.0 10318211.0 1740864.0 41.0 1119827.0 280.0 110161.0 22555.0
10547.0 2350775.0 8723.0 8138529.0 1582750959.0 25.0 8465713.0 98024.0 7860.0 15426127.0 3660197420.5 832422135343.0 63343664.0 15635376.0 8381811500.0 10.0 7607.0 147359993.0 6558381.0 2513590.0 0.0 218.0 2418261.0 9003330.0 889878.0 11.0 377790.0 86.0 30997.0 5788.0
8926.0 155968.0 5887.0 1960138.0 7957740.0 17.0 606107.0 26593.0 4890.0 10453960.0 107523687.5 435612977.0 19368093.0 5081227.0 47787747.0 3.0 2043.0 3567611.0 462122.0 1291876.0 0.0 166.0 111038.0 824516.0 112517.0 9.0 78475.0 36.0 11254.0 3400.0
9017.0 168324.0 6424.0 2393782.0 7251162.0 20.0 767201.0 41781.0 6919.0 12907697.0 117849259.0 306765917.0 30189220.0 6219956.0 48996689.0 4.0 3175.0 5493087.0 587831.0 2152713.0 0.0 168.0 317547.0 1518073.0 187803.0 7.0 173130.0 72.0 25988.0 7902.0
8246.0 139943.0 4601.0 1703971.0 6534760.0 6.0 507093.0 34895.0 3627.0 8339737.0 86292086.0 301315150.0 16884916.0 3763847.0 35128997.0 7.0 508.0 4375250.0 324781.0 1214047.0 0.0 46.0 990184.0 657672.0 98609.0 0.0 118289.0 12.0 9926.0 2534.0
9710.0 772254.0 8364.0 5271660.0 242888139.0 22.0 3289007.0 80635.0 10780.0 15989767.0 1100660284.5 66243401010.0 84743899.0 11959591.0 1457516384.0 13.0 3053.0 46240026.0 2703203.0 3652475.0 0.0 236.0 1240983.0 5550711.0 563768.0 16.0 403369.0 136.0 55975.0 13875.0
9193.0 368291.0 7139.0 4074222.0 50817286.0 17.0 1743380.0 76123.0 8613.0 17239439.0 408147442.5 7267705296.0 66565991.0 9598585.0 342560495.0 3.0 2982.0 26400387.0 1311419.0 3562138.0 0.0 142.0 1255846.0 3215182.0 501165.0 9.0 360707.0 105.0 40923.0 10847.0
7458.0 57580.0 2927.0 519955.0 1176137.0 3.0 148976.0 8763.0 1453.0 2311064.0 14688205.0 27997912.0 2951859.0 1011338.0 5263009.0 1.0 167.0 518785.0 83233.0 241509.0 0.0 2.0 34219.0 133043.0 21655.0 0.0 16911.0 3.0 1988.0 566.0
8572.0 205799.0 4991.0 2067054.0 22759981.0 20.0 791094.0 31183.0 3741.0 9002598.0 184198720.0 2645027561.0 18469290.0 4788652.0 136567099.0 14.0 2477.0 8451701.0 596184.0 1174615.0 0.0 166.0 473234.0 918623.0 158706.0 8.0 92362.0 63.0 9011.0 2323.0
9452.0 913893.0 7212.0 5296663.0 296293992.0 9.0 3614225.0 121188.0 7158.0 12846277.0 1211415559.5 80251139091.0 104655431.0 10892247.0 1642477292.0 3.0 4242.0 103241738.0 2667036.0 2850606.0 0.0 56.0 8990243.0 4472322.0 661476.0 2.0 523266.0 31.0 29945.0 6728.0
10301.0 835481.0 10256.0 6838439.0 215094936.0 31.0 4225379.0 153999.0 13372.0 23466331.0 1204808279.5 48845364095.0 162692188.0 17377056.0 1530864067.0 6.0 10470.0 103601337.0 3596312.0 5930863.0 0.0 212.0 5332470.0 7405493.0 1253176.0 20.0 823188.0 122.0 76996.0 15404.0
8223.0 160734.0 4933.0 1800488.0 10238402.0 11.0 635396.0 28213.0 4977.0 7846004.0 110420740.0 669074700.0 20068620.0 4150826.0 61119229.0 5.0 1301.0 4993516.0 443985.0 1247950.0 0.0 40.0 196001.0 1054967.0 136944.0 3.0 109189.0 19.0 16594.0 5030.0
8455.0 131295.0 5009.0 1671265.0 5769258.0 11.0 520724.0 26133.0 4351.0 9017704.0 79000916.0 291190342.0 17049491.0 4058804.0 34993554.0 3.0 1552.0 3580991.0 370504.0 1178316.0 0.0 64.0 163360.0 815266.0 115635.0 4.0 92351.0 37.0 12354.0 3629.0
10505.0 1058135.0 10308.0 7314974.0 379526430.0 29.0 4978818.0 138237.0 13499.0 24085683.0 1621854329.0 119279475123.0 149276440.0 17700904.0 2509512281.0 12.0 10120.0 103187039.0 4180218.0 5739838.0 0.0 422.0 3279515.0 8555627.0 1186279.0 25.0 755167.0 120.0 80236.0 16110.0
8009.0 143568.0 3792.0 1441627.0 11246133.0 12.0 438451.0 13266.0 2276.0 5836469.0 102886662.5 951121275.0 12064006.0 2838474.0 52084831.0 0.0 1315.0 2037367.0 283085.0 664128.0 0.0 50.0 47161.0 460019.0 45233.0 4.0 30341.0 21.0 4495.0 1152.0
9384.0 583174.0 6849.0 4356199.0 145672862.0 35.0 2418929.0 56764.0 6233.0 13960936.0 765824916.5 32091749747.0 66222070.0 9843498.0 880578411.0 24.0 9039.0 34997871.0 2014098.0 2463941.0 0.0 460.0 1114488.0 3143929.0 390531.0 35.0 223385.0 126.0 19988.0 4701.0
9778.0 547621.0 8400.0 5587309.0 90598504.0 9.0 2582432.0 126763.0 10210.0 20493960.0 712275060.0 13980711565.0 126164392.0 12760403.0 582804002.0 4.0 1346.0 50201601.0 1919443.0 5205008.0 0.0 44.0 4705750.0 4632937.0 714607.0 3.0 645381.0 45.0 69620.0 11499.0
9253.0 471594.0 7793.0 4060628.0 93799997.0 8.0 2150557.0 104922.0 9721.0 14679043.0 559181534.0 17645771844.0 66653448.0 9774302.0 592978614.0 9.0 922.0 32749454.0 1730384.0 3797146.0 0.0 56.0 2936463.0 3575803.0 529522.0 1.0 544645.0 37.0 68053.0 10947.0
8588.0 218982.0 5421.0 2434120.0 18677569.0 21.0 950843.0 50947.0 4945.0 10628547.0 177489546.5 1618854863.0 32554131.0 5647517.0 119600505.0 7.0 3136.0 13858130.0 662782.0 1826875.0 0.0 216.0 952838.0 1402201.0 285983.0 12.0 201050.0 71.0 21890.0 4169.0
10673.0 1479570.0 10282.0 8402611.0 624144432.0 16.0 6609493.0 255401.0 12069.0 21875779.0 2235567983.0 225889113205.0 169993017.0 18879710.0 3884030815.0 2.0 7646.0 258993966.0 5143730.0 5582251.0 0.0 116.0 23411244.0 9407791.0 1621658.0 6.0 1231258.0 61.0 73526.0 12943.0
10349.0 1148838.0 10043.0 7540454.0 406912549.0 20.0 5373131.0 215132.0 12787.0 22447011.0 1641075970.0 127501024480.0 150552384.0 17380556.0 2631012849.0 9.0 6651.0 188310815.0 4048767.0 5968730.0 0.0 104.0 12963659.0 8494197.0 1610665.0 9.0 1101736.0 83.0 81654.0 15149.0
8870.0 165947.0 6347.0 2243070.0 8317379.0 14.0 771934.0 44036.0 6883.0 12427386.0 115549534.5 459338621.0 27483073.0 5921396.0 58554607.0 5.0 2493.0 6944893.0 578574.0 2077523.0 0.0 100.0 365251.0 1443164.0 232544.0 2.0 182156.0 57.0 24828.0 7603.0
8619.0 205284.0 5317.0 2077525.0 22490859.0 18.0 794566.0 24758.0 4425.0 8960831.0 184925115.5 2564601221.0 20378785.0 4959889.0 133004997.0 21.0 2587.0 5836685.0 631030.0 1194548.0 0.0 188.0 148688.0 1044919.0 123024.0 8.0 75570.0 80.0 10743.0 3437.0
8038.0 84602.0 4032.0 975020.0 1922619.0 12.0 271679.0 18499.0 2873.0 5519637.0 30006109.5 46523490.0 7048695.0 2163393.0 9822346.0 7.0 2360.0 1291427.0 162830.0 638104.0 0.0 136.0 133140.0 329735.0 51311.0 6.0 51164.0 39.0 5912.0 1826.0
7836.0 61845.0 3786.0 550520.0 1259327.0 11.0 167957.0 13081.0 2524.0 2665160.0 15744875.0 38426245.0 2698031.0 1191005.0 6066685.0 0.0 749.0 577602.0 90277.0 269745.0 0.0 44.0 45412.0 166606.0 26167.0 2.0 26563.0 17.0 5510.0 1397.0
9506.0 541031.0 7538.0 5123249.0 88151043.0 15.0 2493891.0 110824.0 8091.0 17643068.0 656239553.5 12501224248.0 121404101.0 11412541.0 569347268.0 2.0 4077.0 58304923.0 1783349.0 4195334.0 0.0 64.0 4065175.0 3896001.0 719790.0 8.0 528417.0 47.0 46898.0 7731.0
8044.0 92076.0 4262.0 1060789.0 2664579.0 15.0 310896.0 21951.0 3353.0 5643749.0 38219592.5 88155665.0 8644140.0 2363370.0 13784562.0 8.0 1513.0 1777592.0 180153.0 765337.0 0.0 102.0 207599.0 420651.0 65489.0 6.0 68285.0 44.0 9329.0 2478.0
8795.0 249852.0 5956.0 3094884.0 21055316.0 2.0 1035433.0 46982.0 6608.0 13691030.0 232570312.5 1757128652.0 47731633.0 6692433.0 121363819.0 0.0 870.0 11011337.0 675797.0 2582880.0 0.0 66.0 574900.0 1945584.0 220416.0 0.0 208403.0 11.0 29150.0 7807.0
8698.0 152059.0 5615.0 1957395.0 7573346.0 15.0 616810.0 30237.0 4809.0 10321337.0 104666515.5 391530561.0 20329876.0 5067418.0 47910081.0 14.0 2414.0 4576911.0 466257.0 1348073.0 0.0 166.0 212628.0 883392.0 138188.0 3.0 101629.0 55.0 12611.0 3418.0
8913.0 230329.0 6025.0 2756426.0 17932322.0 7.0 975736.0 39507.0 5454.0 12538987.0 205519644.5 1351300416.0 36095852.0 6818006.0 115151229.0 3.0 1602.0 8889747.0 762570.0 2038557.0 0.0 68.0 308407.0 1410626.0 219076.0 2.0 141594.0 21.0 19293.0 4174.0
8897.0 193541.0 5987.0 2333100.0 15187394.0 19.0 825383.0 38875.0 5479.0 11774874.0 161081050.0 1342298286.0 25944573.0 5926065.0 98532309.0 0.0 3175.0 7990484.0 618853.0 1747111.0 0.0 112.0 337900.0 1242195.0 209138.0 6.0 145461.0 63.0 17791.0 4317.0
8779.0 186328.0 5785.0 2295931.0 12732601.0 18.0 763110.0 37129.0 5561.0 11102369.0 150761636.0 910840498.0 27077497.0 5576308.0 78778932.0 11.0 2916.0 5738199.0 577806.0 1725388.0 0.0 130.0 482357.0 1234669.0 145127.0 6.0 135752.0 74.0 16364.0 4909.0
8671.0 140948.0 5424.0 1701110.0 6752924.0 19.0 541853.0 42799.0 4283.0 9022944.0 86620775.0 356283019.0 15245264.0 4285593.0 39833078.0 8.0 2269.0 5687352.0 359873.0 1328139.0 0.0 176.0 941869.0 674704.0 154150.0 10.0 141445.0 50.0 12504.0 2690.0
8057.0 72169.0 3954.0 763919.0 1260465.0 14.0 209020.0 14100.0 2524.0 4456084.0 19534064.5 24347140.0 4425903.0 1700412.0 5807763.0 16.0 2567.0 768335.0 116867.0 419365.0 0.0 164.0 64803.0 212171.0 38269.0 6.0 32998.0 44.0 4214.0 1289.0
10695.0 2663390.0 8713.0 8568563.0 1914214148.0 11.0 9251690.0 106670.0 7262.0 13608822.0 4210836670.0 1.07081899225e+12 59719264.0 15756046.0 9800923681.0 6.0 4151.0 180919956.0 7099852.0 2185591.0 0.0 94.0 6065884.0 9247236.0 789142.0 4.0 368869.0 36.0 21719.0 4619.0
9007.0 247703.0 6491.0 2797340.0 23981284.0 11.0 1110797.0 60908.0 6043.0 12762026.0 227775370.5 2430882240.0 33565359.0 7123538.0 161715040.0 3.0 2806.0 15314894.0 860945.0 2397142.0 0.0 88.0 1192898.0 1603019.0 328758.0 1.0 235549.0 33.0 23201.0 4856.0
8783.0 154919.0 5403.0 1991266.0 8256116.0 20.0 631130.0 26994.0 4542.0 10435243.0 107707294.5 505058638.0 21535532.0 4869381.0 54029501.0 7.0 2637.0 4235693.0 486583.0 1322927.0 0.0 130.0 139409.0 966186.0 127432.0 6.0 88968.0 51.0 13151.0 3607.0
8373.0 121612.0 5076.0 1431945.0 5006391.0 8.0 478850.0 32495.0 4500.0 7418191.0 64824221.5 233320194.0 13143455.0 3614464.0 30947298.0 5.0 1379.0 4355155.0 320363.0 1095983.0 0.0 52.0 349005.0 657504.0 142973.0 3.0 108504.0 23.0 13459.0 3552.0
8371.0 127737.0 5121.0 1440218.0 6292794.0 10.0 494741.0 26385.0 4617.0 7147437.0 75358707.5 343963863.0 12687388.0 3708361.0 38219201.0 1.0 1241.0 3354624.0 354410.0 1005996.0 0.0 70.0 151135.0 700877.0 110051.0 4.0 85797.0 22.0 12902.0 3595.0
8488.0 115421.0 5216.0 1476330.0 3542062.0 13.0 466112.0 35664.0 4604.0 8571503.0 55880694.5 112274932.0 13735560.0 3796694.0 21651828.0 5.0 1497.0 3720160.0 305694.0 1323909.0 0.0 114.0 367540.0 691352.0 143727.0 2.0 132390.0 40.0 17731.0 3656.0
9896.0 641310.0 8277.0 5397363.0 145653626.0 21.0 2974537.0 87795.0 8604.0 18527032.0 878164250.0 29441128747.0 106521481.0 13081562.0 977351903.0 7.0 5072.0 54724115.0 2556950.0 3845065.0 0.0 142.0 2205744.0 4382962.0 671240.0 6.0 402064.0 63.0 32983.0 7651.0
8441.0 167643.0 4933.0 1927227.0 10970877.0 6.0 619315.0 36476.0 4230.0 8635291.0 122052096.0 742572230.0 21146073.0 4109115.0 58784992.0 5.0 1183.0 5595720.0 380590.0 1424829.0 0.0 40.0 639634.0 922126.0 128067.0 1.0 127627.0 20.0 15380.0 3773.0
8072.0 160743.0 3966.0 1403412.0 17204589.0 9.0 502989.0 15006.0 2291.0 5345718.0 127200975.5 1881920931.0 9024906.0 2910632.0 86267479.0 4.0 951.0 2621125.0 356522.0 596583.0 0.0 70.0 87376.0 434864.0 46447.0 3.0 30435.0 23.0 3489.0 1036.0
9139.0 241571.0 7237.0 3016753.0 18789912.0 8.0 1221987.0 64885.0 8922.0 14348106.0 210384232.5 1520017978.0 45341313.0 8098204.0 139915844.0 5.0 1428.0 14486747.0 974182.0 2995638.0 0.0 80.0 743562.0 2398853.0 404806.0 2.0 303193.0 34.0 42791.0 10837.0
9220.0 360142.0 7185.0 3838916.0 46514837.0 13.0 1695772.0 61619.0 7899.0 15456649.0 396980006.0 5784547682.0 66890921.0 9611309.0 319821746.0 8.0 3032.0 23544115.0 1400045.0 2923088.0 0.0 108.0 926497.0 2816040.0 418336.0 7.0 277307.0 63.0 29767.0 7610.0
8118.0 206518.0 4546.0 1944425.0 24193688.0 16.0 763109.0 26529.0 3543.0 7752417.0 174894573.5 2889922656.0 19939444.0 4215272.0 135216654.0 8.0 2244.0 6834061.0 540642.0 1117777.0 0.0 98.0 225956.0 946111.0 129740.0 12.0 83510.0 34.0 9742.0 2407.0
8048.0 70616.0 4325.0 711760.0 1247974.0 18.0 216222.0 15297.0 3922.0 3865950.0 18438812.0 24713188.0 4300527.0 1645875.0 6172804.0 6.0 1992.0 790812.0 124188.0 411235.0 0.0 110.0 51495.0 283558.0 39441.0 6.0 41894.0 47.0 7729.0 3990.0
8177.0 71572.0 4436.0 758525.0 1163260.0 15.0 218880.0 17556.0 3046.0 4573875.0 18613719.0 20393760.0 4314538.0 1875711.0 5773980.0 9.0 2128.0 913106.0 129955.0 478959.0 0.0 128.0 92841.0 230925.0 48912.0 3.0 43281.0 41.0 6319.0 1607.0
9508.0 471291.0 7677.0 4383130.0 90267817.0 29.0 2179641.0 77286.0 8508.0 17139675.0 580618220.5 16494847051.0 70029164.0 10849476.0 603234078.0 17.0 6152.0 35980573.0 1744079.0 3287869.0 0.0 290.0 1354452.0 3482998.0 548051.0 19.0 367854.0 109.0 38782.0 8498.0
8346.0 84181.0 4740.0 891071.0 1990421.0 8.0 281795.0 20071.0 3462.0 4895215.0 27987069.0 64081007.0 5638332.0 2264285.0 11454435.0 8.0 1193.0 1386629.0 183914.0 547568.0 0.0 86.0 108639.0 321403.0 63121.0 2.0 52169.0 20.0 6932.0 1976.0
8200.0 88368.0 5000.0 990875.0 2207369.0 11.0 335770.0 29083.0 4603.0 5451658.0 32908917.5 61609262.0 6884769.0 2851714.0 13384423.0 3.0 1567.0 2202625.0 223737.0 760660.0 0.0 88.0 205600.0 448614.0 108271.0 3.0 100238.0 21.0 15062.0 3729.0
8515.0 138602.0 4887.0 1554106.0 8887165.0 9.0 518434.0 22493.0 3650.0 7575304.0 96418436.5 664428603.0 12467341.0 3866397.0 54707119.0 2.0 1602.0 3627380.0 399925.0 852722.0 0.0 84.0 149323.0 621546.0 94775.0 2.0 61892.0 18.0 7809.0 2350.0
7994.0 73464.0 3874.0 676650.0 1962242.0 14.0 208755.0 14642.0 2433.0 3245183.0 23189801.0 64857354.0 3724858.0 1455114.0 9209813.0 3.0 1534.0 1108240.0 110710.0 364283.0 0.0 78.0 87448.0 199581.0 39514.0 1.0 35521.0 30.0 4772.0 1289.0
8380.0 184521.0 4932.0 1939184.0 16038148.0 21.0 704259.0 26707.0 3931.0 8479018.0 148657189.0 1442153697.0 19837004.0 4472064.0 96778711.0 7.0 4102.0 5677228.0 538257.0 1224208.0 0.0 122.0 202673.0 867313.0 124544.0 11.0 79264.0 49.0 9207.0 2610.0
8304.0 130556.0 4812.0 1539082.0 5861225.0 19.0 497519.0 38032.0 3918.0 7732386.0 75497407.5 265546277.0 14020707.0 3747973.0 34225998.0 12.0 4151.0 4307659.0 334935.0 1192368.0 0.0 114.0 858908.0 652539.0 133167.0 22.0 129182.0 50.0 12918.0 2816.0
8415.0 255698.0 4428.0 2071220.0 41597472.0 19.0 841030.0 17215.0 2902.0 7140524.0 263053463.5 6269428504.0 15781459.0 4190024.0 211977847.0 4.0 3177.0 4975687.0 618787.0 915648.0 0.0 130.0 79013.0 796568.0 70869.0 3.0 39726.0 30.0 5274.0 1605.0
8516.0 108864.0 5118.0 1398299.0 3546325.0 13.0 412079.0 21683.0 4437.0 8206522.0 54902655.5 141041727.0 12379410.0 3507141.0 21299021.0 3.0 2000.0 1922590.0 293216.0 957381.0 0.0 178.0 82759.0 639186.0 77984.0 5.0 66044.0 49.0 11125.0 3536.0
8269.0 72689.0 4263.0 721530.0 1301057.0 15.0 202523.0 14717.0 2810.0 4047741.0 18894012.0 28712826.0 3700543.0 1642459.0 5874412.0 5.0 1449.0 728791.0 112129.0 365696.0 0.0 146.0 56990.0 185516.0 35725.0 5.0 29000.0 26.0 4386.0 1737.0
8062.0 86274.0 3665.0 884658.0 2814829.0 20.0 237781.0 12942.0 1877.0 4498161.0 35100330.0 109187239.0 5304342.0 1805335.0 12757229.0 6.0 2025.0 1260152.0 130087.0 400353.0 0.0 104.0 78711.0 193330.0 39600.0 8.0 25484.0 33.0 2631.0 653.0
7632.0 41696.0 3095.0 256920.0 367487.0 12.0 82887.0 7616.0 1532.0 1016195.0 3551252.5 3861583.0 696367.0 445422.0 1208472.0 5.0 650.0 195742.0 33211.0 96432.0 0.0 56.0 27004.0 52775.0 10906.0 4.0 12022.0 5.0 1650.0 526.0
8342.0 105491.0 4635.0 1338347.0 3169621.0 11.0 380841.0 22179.0 3504.0 7887261.0 50509270.0 108198861.0 11121557.0 3267813.0 18208300.0 9.0 1668.0 2160573.0 249389.0 893782.0 0.0 150.0 127436.0 509975.0 86161.0 5.0 67467.0 32.0 8374.0 2359.0
9213.0 298906.0 7193.0 3441840.0 31387638.0 30.0 1398802.0 66030.0 7964.0 15235491.0 304766710.5 3185815177.0 53318414.0 8746755.0 213326483.0 11.0 5337.0 18406580.0 1093619.0 3150017.0 0.0 252.0 936088.0 2364845.0 419397.0 12.0 290179.0 93.0 35819.0 7936.0
8503.0 131144.0 5120.0 1447760.0 7095329.0 8.0 482205.0 21978.0 4008.0 6991189.0 82065060.0 419052119.0 12336471.0 3585867.0 41821596.0 6.0 453.0 2907346.0 357024.0 867093.0 0.0 32.0 112463.0 598398.0 85333.0 3.0 61149.0 14.0 8209.0 2621.0
8526.0 220527.0 4972.0 2169927.0 27359423.0 18.0 798638.0 25812.0 3904.0 9071769.0 213557952.0 3463021254.0 20628286.0 4752115.0 151487751.0 11.0 3845.0 5324103.0 595810.0 1245854.0 0.0 204.0 162541.0 1006652.0 103698.0 6.0 75184.0 60.0 10439.0 2596.0
