46097.0 480186.0 192.0 4994176.0 1665197.0 1483.0 5987.0 2.0 0.0 51885833.0 25936294.5 4326393.0 61791.0 62401.0 31176.0 12240.0 61652.0 43.0 14.0 44.0 11.0 150.0 0.0 0.0 0.0 0.0 0.0 0.0 0.0 0.0
46183.0 481930.0 178.0 5024446.0 1671753.0 1468.0 5550.0 0.0 0.0 52315245.0 26119108.0 4332847.0 57725.0 58163.0 28425.0 12461.0 60887.0 0.0 13.0 0.0 12.0 148.0 0.0 0.0 0.0 0.0 0.0 0.0 0.0 0.0
46395.0 486244.0 187.0 5088012.0 1696293.0 1530.0 5753.0 2.0 0.0 53159424.0 26583925.0 4433882.0 58817.0 60252.0 29411.0 12713.0 64146.0 43.0 18.0 39.0 13.0 128.0 0.0 0.0 0.0 0.0 0.0 0.0 0.0 0.0
46339.0 485887.0 175.0 5085791.0 1696888.0 1500.0 5712.0 2.0 0.0 53159707.0 26593229.0 4437862.0 61622.0 59865.0 31251.0 12828.0 62690.0 47.0 17.0 47.0 13.0 136.0 0.0 0.0 0.0 0.0 0.0 0.0 0.0 0.0
46260.0 484653.0 180.0 5071233.0 1693107.0 1511.0 5759.0 4.0 0.0 52990765.0 26545539.5 4436317.0 61281.0 59891.0 30774.0 12562.0 63139.0 85.0 15.0 74.0 9.0 146.0 0.0 0.0 0.0 0.0 0.0 0.0 0.0 0.0
46518.0 488488.0 183.0 5122299.0 1706748.0 1531.0 5741.0 3.0 0.0 53636397.0 26811117.0 4467888.0 59874.0 59845.0 30077.0 12917.0 63678.0 57.0 18.0 75.0 5.0 142.0 0.0 0.0 0.0 0.0 0.0 0.0 0.0 0.0
46312.0 484006.0 197.0 5052690.0 1681166.0 1510.0 6149.0 1.0 0.0 52669965.0 26301413.0 4365932.0 64104.0 64534.0 31913.0 12585.0 62950.0 17.0 20.0 20.0 8.0 174.0 0.0 0.0 0.0 0.0 0.0 0.0 0.0 0.0
46267.0 483401.0 185.0 5042341.0 1680345.0 1502.0 5904.0 5.0 0.0 52523805.0 26250892.5 4379224.0 62540.0 60943.0 31140.0 12548.0 62099.0 100.0 23.0 104.0 13.0 172.0 0.0 0.0 0.0 0.0 0.0 0.0 0.0 0.0
46579.0 490485.0 215.0 5161601.0 1718483.0 1474.0 6945.0 4.0 0.0 54243765.0 27108796.5 4501390.0 74693.0 73328.0 37222.0 12873.0 61792.0 91.0 32.0 98.0 12.0 204.0 0.0 0.0 1.0 0.0 0.0 0.0 0.0 0.0
46400.0 487216.0 191.0 5111498.0 1703214.0 1515.0 6041.0 1.0 0.0 53556703.0 26775891.0 4458167.0 63606.0 63103.0 31610.0 12513.0 63741.0 21.0 16.0 19.0 17.0 128.0 0.0 0.0 0.0 0.0 0.0 0.0 0.0 0.0
46232.0 483161.0 194.0 5042884.0 1681751.0 1497.0 6017.0 2.0 0.0 52555957.0 26298427.0 4389602.0 62384.0 62618.0 31183.0 12627.0 61907.0 32.0 9.0 28.0 9.0 130.0 0.0 0.0 0.0 0.0 0.0 0.0 0.0 0.0
46353.0 485734.0 201.0 5082356.0 1693673.0 1578.0 6274.0 3.0 0.0 53104247.0 26536379.5 4417536.0 65145.0 65743.0 32483.0 12571.0 66039.0 60.0 17.0 49.0 7.0 128.0 0.0 0.0 0.0 0.0 0.0 0.0 0.0 0.0
46384.0 484848.0 173.0 5066714.0 1681227.0 1431.0 5406.0 4.0 0.0 52867905.0 26343465.5 4346020.0 55867.0 56513.0 27873.0 12787.0 59369.0 79.0 12.0 74.0 15.0 134.0 0.0 0.0 0.0 0.0 0.0 0.0 0.0 0.0
46121.0 482263.0 185.0 5036144.0 1684555.0 1465.0 5815.0 9.0 0.0 52512615.0 26357700.0 4423923.0 61257.0 60168.0 30673.0 12344.0 61706.0 178.0 25.0 171.0 14.0 162.0 0.0 0.0 0.0 0.0 0.0 0.0 0.0 0.0
46075.0 479190.0 192.0 4978384.0 1657951.0 1517.0 6137.0 2.0 0.0 51654346.0 25812296.0 4293847.0 65342.0 63800.0 32788.0 12327.0 62669.0 41.0 21.0 36.0 11.0 154.0 0.0 0.0 0.0 0.0 0.0 0.0 0.0 0.0
46499.0 489132.0 184.0 5140489.0 1713350.0 1607.0 5747.0 2.0 0.0 53948748.0 26979118.5 4493994.0 59891.0 60421.0 29882.0 12868.0 67096.0 50.0 18.0 41.0 15.0 136.0 0.0 0.0 0.0 0.0 0.0 0.0 0.0 0.0
46588.0 491020.0 199.0 5167114.0 1723901.0 1571.0 6247.0 8.0 0.0 54296394.0 27166521.0 4536567.0 65128.0 65552.0 32415.0 12874.0 66390.0 170.0 19.0 203.0 11.0 158.0 0.0 0.0 0.0 0.0 0.0 0.0 0.0 0.0
46415.0 486807.0 206.0 5100826.0 1697237.0 1543.0 6521.0 4.0 0.0 53380964.0 26651687.0 4421852.0 68836.0 68308.0 34253.0 12599.0 64467.0 90.0 17.0 75.0 18.0 168.0 0.0 0.0 0.0 0.0 0.0 0.0 0.0 0.0
46253.0 484234.0 176.0 5063091.0 1690330.0 1519.0 5552.0 2.0 0.0 52868150.0 26471948.0 4423526.0 58270.0 57669.0 29194.0 12490.0 63260.0 43.0 21.0 42.0 9.0 118.0 0.0 0.0 0.0 0.0 0.0 0.0 0.0 0.0
45980.0 477756.0 176.0 4963457.0 1652931.0 1478.0 5608.0 2.0 0.0 51493286.0 25753325.5 4287740.0 59426.0 58206.0 29782.0 12239.0 61246.0 29.0 15.0 50.0 14.0 174.0 0.0 0.0 0.0 0.0 0.0 0.0 0.0 0.0
46152.0 481342.0 197.0 5014211.0 1669969.0 1508.0 6083.0 7.0 0.0 52171300.0 26072181.5 4333106.0 62506.0 63384.0 31426.0 12210.0 63131.0 140.0 19.0 169.0 19.0 140.0 0.0 0.0 0.0 0.0 0.0 0.0 0.0 0.0
46463.0 488213.0 170.0 5120283.0 1709766.0 1546.0 5386.0 3.0 0.0 53638566.0 26850335.5 4493588.0 57240.0 56848.0 28408.0 12844.0 64525.0 69.0 19.0 60.0 6.0 120.0 1.0 0.0 0.0 0.0 0.0 0.0 0.0 0.0
46506.0 488961.0 192.0 5137664.0 1711965.0 1459.0 5964.0 5.0 0.0 53915474.0 26963672.0 4489386.0 61286.0 62225.0 30964.0 12918.0 61482.0 117.0 19.0 89.0 9.0 110.0 0.0 0.0 0.0 0.0 0.0 0.0 0.0 0.0
45766.0 473046.0 167.0 4884444.0 1624330.0 1465.0 5042.0 4.0 0.0 50360281.0 25128083.0 4163131.0 50643.0 52222.0 25495.0 11893.0 60465.0 71.0 12.0 84.0 9.0 128.0 0.0 0.0 1.0 0.0 0.0 0.0 0.0 0.0
46346.0 485728.0 179.0 5081854.0 1695403.0 1475.0 5554.0 4.0 0.0 53086172.0 26559449.0 4432713.0 56966.0 58202.0 28477.0 12859.0 61444.0 77.0 19.0 86.0 12.0 152.0 0.0 0.0 0.0 0.0 0.0 0.0 0.0 0.0
46300.0 483874.0 171.0 5045581.0 1681510.0 1483.0 5299.0 4.0 0.0 52552459.0 26241848.0 4372028.0 55172.0 55235.0 27171.0 12486.0 61647.0 67.0 21.0 75.0 17.0 96.0 0.0 0.0 0.0 0.0 0.0 0.0 0.0 0.0
46276.0 485037.0 186.0 5077850.0 1696664.0 1491.0 5775.0 4.0 0.0 53083636.0 26610105.0 4460444.0 59571.0 60399.0 29898.0 12353.0 62625.0 72.0 17.0 70.0 6.0 138.0 0.0 0.0 0.0 0.0 0.0 0.0 0.0 0.0
46350.0 485949.0 196.0 5089078.0 1695964.0 1553.0 6249.0 6.0 0.0 53220622.0 26609255.0 4433982.0 66439.0 65095.0 32999.0 12874.0 64900.0 120.0 11.0 145.0 8.0 164.0 0.0 0.0 0.0 0.0 0.0 0.0 0.0 0.0
46455.0 486767.0 220.0 5096829.0 1693081.0 1527.0 6795.0 3.0 0.0 53290434.0 26577388.5 4395852.0 69889.0 71006.0 34991.0 12782.0 63327.0 65.0 22.0 64.0 14.0 172.0 0.0 0.0 1.0 0.0 0.0 0.0 0.0 0.0
46490.0 487531.0 200.0 5105136.0 1698135.0 1532.0 6296.0 6.0 0.0 53387025.0 26634635.5 4422953.0 66562.0 65646.0 32835.0 12381.0 64028.0 93.0 22.0 117.0 17.0 150.0 0.0 0.0 2.0 0.0 0.0 0.0 0.0 0.0
46655.0 491273.0 197.0 5166037.0 1717882.0 1549.0 6272.0 4.0 0.0 54258058.0 27058098.0 4483822.0 66369.0 66030.0 33359.0 12877.0 64854.0 82.0 14.0 86.0 13.0 180.0 0.0 0.0 0.0 0.0 0.0 0.0 0.0 0.0
46327.0 485153.0 207.0 5073312.0 1691984.0 1476.0 6407.0 3.0 0.0 52977096.0 26506228.0 4422094.0 65969.0 67218.0 33028.0 12569.0 61526.0 66.0 24.0 59.0 10.0 186.0 0.0 0.0 0.0 0.0 0.0 0.0 0.0 0.0
46574.0 490197.0 186.0 5150452.0 1718005.0 1517.0 5970.0 3.0 0.0 54045844.0 27028605.0 4512684.0 63848.0 62717.0 31970.0 12660.0 63699.0 62.0 23.0 63.0 11.0 126.0 0.0 0.0 0.0 0.0 0.0 0.0 0.0 0.0
46492.0 489865.0 182.0 5153626.0 1721273.0 1469.0 5886.0 5.0 0.0 54141612.0 27121461.5 4538050.0 63336.0 61761.0 31537.0 12915.0 62220.0 124.0 17.0 94.0 13.0 154.0 0.0 0.0 0.0 0.0 0.0 0.0 0.0 0.0
46026.0 479269.0 199.0 4984288.0 1662070.0 1430.0 6284.0 1.0 0.0 51768919.0 25894353.5 4317306.0 65879.0 65492.0 32957.0 12155.0 59614.0 21.0 18.0 23.0 11.0 138.0 0.0 0.0 0.0 0.0 0.0 0.0 0.0 0.0
46515.0 488774.0 191.0 5129777.0 1708743.0 1467.0 5985.0 5.0 0.0 53762678.0 26860662.5 4470147.0 62303.0 62342.0 31381.0 12863.0 61354.0 104.0 18.0 93.0 15.0 136.0 0.0 0.0 0.0 0.0 0.0 0.0 0.0 0.0
46121.0 481128.0 180.0 5012506.0 1671690.0 1488.0 5650.0 5.0 0.0 52166708.0 26091179.0 4352604.0 58964.0 58894.0 29468.0 12567.0 62220.0 104.0 20.0 94.0 13.0 140.0 0.0 0.0 0.0 0.0 0.0 0.0 0.0 0.0
46650.0 491314.0 215.0 5169563.0 1722065.0 1559.0 6808.0 5.0 0.0 54316287.0 27153139.0 4526089.0 71385.0 71806.0 35979.0 12939.0 65380.0 104.0 24.0 109.0 19.0 186.0 0.0 0.0 0.0 0.0 0.0 0.0 0.0 0.0
46188.0 481227.0 188.0 5006235.0 1664694.0 1484.0 6081.0 2.0 0.0 52004540.0 25937034.0 4299191.0 65487.0 63205.0 32607.0 12230.0 61497.0 38.0 22.0 52.0 8.0 124.0 0.0 0.0 0.0 0.0 0.0 0.0 0.0 0.0
46328.0 485201.0 222.0 5076279.0 1690806.0 1505.0 7017.0 2.0 0.0 53042609.0 26503163.5 4408050.0 73983.0 73490.0 36704.0 12650.0 62959.0 44.0 22.0 44.0 6.0 150.0 0.0 0.0 0.0 0.0 0.0 0.0 0.0 0.0
46285.0 483832.0 204.0 5050711.0 1684425.0 1504.0 6453.0 4.0 0.0 52663484.0 26341956.5 4401299.0 67810.0 67489.0 33883.0 12504.0 62237.0 101.0 28.0 98.0 9.0 182.0 0.0 0.0 0.0 0.0 0.0 0.0 0.0 0.0
46452.0 489144.0 184.0 5147921.0 1719552.0 1554.0 5829.0 4.0 0.0 54102127.0 27132819.0 4540952.0 61845.0 61249.0 31046.0 13022.0 65625.0 78.0 13.0 73.0 12.0 176.0 0.0 0.0 1.0 0.0 0.0 0.0 0.0 0.0
46296.0 483886.0 218.0 5048075.0 1681628.0 1564.0 6643.0 7.0 0.0 52583171.0 26269952.5 4371433.0 67504.0 69460.0 33565.0 12420.0 64808.0 148.0 22.0 127.0 13.0 170.0 0.0 0.0 0.0 0.0 0.0 0.0 0.0 0.0
46080.0 480507.0 196.0 5006197.0 1670794.0 1504.0 6180.0 3.0 0.0 52092502.0 26088630.5 4362569.0 65206.0 64383.0 32872.0 12476.0 62446.0 68.0 18.0 54.0 13.0 182.0 0.0 0.0 0.0 0.0 0.0 0.0 0.0 0.0
46222.0 483338.0 195.0 5048170.0 1681319.0 1503.0 5867.0 4.0 0.0 52658526.0 26312170.0 4371942.0 58642.0 61446.0 29266.0 12403.0 62574.0 81.0 21.0 88.0 10.0 134.0 0.0 0.0 0.0 0.0 0.0 0.0 0.0 0.0
46214.0 483893.0 189.0 5059273.0 1690588.0 1527.0 5898.0 2.0 0.0 52834662.0 26476646.5 4430536.0 61023.0 61480.0 30541.0 12716.0 63723.0 43.0 20.0 43.0 7.0 150.0 0.0 0.0 0.0 0.0 0.0 0.0 0.0 0.0
46468.0 488741.0 158.0 5134498.0 1713813.0 1602.0 4972.0 3.0 0.0 53868968.0 26975533.5 4509177.0 52183.0 51994.0 25913.0 12921.0 67418.0 58.0 16.0 56.0 13.0 106.0 0.0 0.0 0.0 0.0 0.0 0.0 0.0 0.0
46116.0 480008.0 199.0 4990757.0 1661973.0 1446.0 6247.0 3.0 0.0 51811937.0 25891108.0 4307794.0 65393.0 64803.0 32521.0 12219.0 59844.0 67.0 16.0 46.0 19.0 158.0 0.0 0.0 0.0 0.0 0.0 0.0 0.0 0.0
46484.0 488592.0 201.0 5130249.0 1710977.0 1553.0 6351.0 4.0 0.0 53793669.0 26914683.0 4496027.0 66798.0 66253.0 33563.0 12797.0 65141.0 79.0 14.0 75.0 16.0 154.0 0.0 0.0 0.0 0.0 0.0 0.0 0.0 0.0
46067.0 478655.0 201.0 4967444.0 1651717.0 1374.0 6267.0 6.0 0.0 51483703.0 25681801.5 4254360.0 65156.0 65156.0 32444.0 11964.0 56949.0 120.0 31.0 115.0 8.0 176.0 0.0 0.0 1.0 0.0 0.0 0.0 0.0 0.0
46504.0 488672.0 202.0 5127744.0 1709234.0 1544.0 6437.0 2.0 0.0 53733575.0 26867193.5 4480894.0 68460.0 67354.0 34186.0 12694.0 64342.0 45.0 19.0 31.0 8.0 140.0 0.0 0.0 0.0 0.0 0.0 0.0 0.0 0.0
46042.0 479541.0 179.0 4988028.0 1663454.0 1491.0 5807.0 4.0 0.0 51825396.0 25915995.0 4322219.0 62582.0 60144.0 31379.0 12336.0 61988.0 109.0 19.0 82.0 12.0 158.0 0.0 0.0 0.0 0.0 0.0 0.0 0.0 0.0
46284.0 484322.0 188.0 5061293.0 1685577.0 1482.0 5769.0 1.0 0.0 52841383.0 26386103.0 4383446.0 58983.0 60144.0 29429.0 12560.0 62022.0 21.0 14.0 20.0 14.0 132.0 0.0 0.0 0.0 0.0 0.0 0.0 0.0 0.0
46482.0 488896.0 176.0 5137246.0 1713586.0 1538.0 5446.0 0.0 0.0 53918344.0 26987477.0 4503925.0 56502.0 57116.0 28029.0 12773.0 64599.0 0.0 16.0 0.0 8.0 112.0 0.0 0.0 0.0 0.0 0.0 0.0 0.0 0.0
45938.0 478537.0 160.0 4980641.0 1662489.0 1484.0 5076.0 2.0 0.0 51776943.0 25935721.0 4324690.0 53649.0 52726.0 26975.0 12281.0 61613.0 32.0 6.0 46.0 12.0 142.0 0.0 0.0 0.0 0.0 0.0 0.0 0.0 0.0
46233.0 483145.0 185.0 5041466.0 1676407.0 1526.0 5831.0 4.0 0.0 52531805.0 26196054.5 4336109.0 61455.0 60652.0 30294.0 12437.0 63508.0 74.0 20.0 68.0 13.0 160.0 0.0 0.0 0.0 0.0 0.0 0.0 0.0 0.0
46104.0 479411.0 179.0 4979249.0 1657635.0 1454.0 5591.0 1.0 0.0 51639421.0 25788568.0 4296230.0 58354.0 57731.0 28987.0 12098.0 59686.0 27.0 22.0 20.0 7.0 160.0 0.0 0.0 0.0 0.0 0.0 0.0 0.0 0.0
46273.0 485082.0 206.0 5078254.0 1696088.0 1469.0 6383.0 5.0 0.0 53106599.0 26594167.0 4451053.0 65624.0 67041.0 32931.0 12735.0 61289.0 97.0 21.0 98.0 15.0 166.0 0.0 0.0 0.0 2.0 0.0 0.0 0.0 0.0
46113.0 480123.0 206.0 4991123.0 1661880.0 1563.0 6471.0 2.0 0.0 51810885.0 25875827.5 4303845.0 68051.0 67481.0 33854.0 12107.0 64842.0 29.0 26.0 57.0 21.0 168.0 0.0 0.0 0.0 0.0 0.0 0.0 0.0 0.0
46522.0 488678.0 216.0 5124085.0 1707640.0 1522.0 6783.0 4.0 0.0 53654574.0 26810481.5 4469260.0 70844.0 70889.0 35294.0 12573.0 64151.0 68.0 14.0 79.0 7.0 140.0 0.0 0.0 0.0 0.0 0.0 0.0 0.0 0.0
46645.0 492498.0 213.0 5190038.0 1730947.0 1507.0 6635.0 2.0 0.0 54608482.0 27310290.5 4548245.0 68776.0 69554.0 34581.0 13032.0 63009.0 48.0 21.0 39.0 7.0 142.0 0.0 0.0 0.0 0.0 0.0 0.0 0.0 0.0
45960.0 477123.0 197.0 4948774.0 1650394.0 1428.0 6180.0 2.0 0.0 51260158.0 25659773.0 4288116.0 64545.0 64239.0 32235.0 11941.0 59091.0 32.0 20.0 35.0 7.0 136.0 0.0 0.0 0.0 0.0 0.0 0.0 0.0 0.0
46502.0 489280.0 197.0 5139599.0 1715276.0 1499.0 6263.0 3.0 0.0 53908714.0 26982358.5 4509476.0 66266.0 65305.0 33083.0 12813.0 63168.0 60.0 15.0 38.0 19.0 138.0 0.0 0.0 0.0 0.0 0.0 0.0 0.0 0.0
46136.0 481222.0 194.0 5014893.0 1671638.0 1570.0 6093.0 3.0 0.0 52190950.0 26108845.0 4352965.0 64236.0 63538.0 31865.0 12601.0 65167.0 60.0 17.0 45.0 16.0 164.0 0.0 0.0 0.0 0.0 0.0 0.0 0.0 0.0
46345.0 484959.0 195.0 5068548.0 1685314.0 1547.0 6035.0 6.0 0.0 52891230.0 26390576.0 4369253.0 62429.0 63125.0 31094.0 12570.0 64267.0 123.0 17.0 123.0 12.0 152.0 0.0 0.0 0.0 0.0 0.0 0.0 0.0 0.0
46629.0 490771.0 193.0 5159799.0 1716942.0 1510.0 6021.0 6.0 0.0 54175658.0 27048293.5 4490131.0 62781.0 63747.0 31005.0 13051.0 63217.0 122.0 13.0 119.0 10.0 126.0 0.0 0.0 0.0 0.0 0.0 0.0 0.0 0.0
46390.0 486077.0 174.0 5082523.0 1693724.0 1469.0 5451.0 3.0 0.0 53064676.0 26510921.0 4416260.0 56808.0 57254.0 28172.0 12655.0 61419.0 63.0 13.0 51.0 19.0 122.0 0.0 0.0 0.0 0.0 0.0 0.0 0.0 0.0
46150.0 482332.0 200.0 5034775.0 1679992.0 1534.0 6415.0 4.0 0.0 52487685.0 26267504.5 4383429.0 68270.0 66777.0 34331.0 12465.0 63810.0 62.0 19.0 88.0 11.0 164.0 0.0 0.0 0.0 0.0 0.0 0.0 0.0 0.0
46802.0 494488.0 187.0 5223415.0 1735211.0 1583.0 5949.0 5.0 0.0 55097886.0 27490552.0 4545462.0 62963.0 62778.0 31236.0 13403.0 66822.0 111.0 18.0 122.0 13.0 160.0 0.0 0.0 0.0 0.0 0.0 0.0 0.0 0.0
46216.0 482685.0 209.0 5034863.0 1676992.0 1514.0 6551.0 4.0 0.0 52461152.0 26203477.5 4359159.0 68365.0 67971.0 34139.0 12268.0 63050.0 76.0 18.0 94.0 10.0 156.0 0.0 0.0 0.0 0.0 0.0 0.0 0.0 0.0
46650.0 492764.0 186.0 5198592.0 1736809.0 1575.0 5736.0 2.0 0.0 54769114.0 27458458.0 4601934.0 58641.0 60151.0 29456.0 13073.0 67043.0 36.0 22.0 44.0 9.0 144.0 0.0 0.0 0.0 0.0 0.0 0.0 0.0 0.0
46544.0 490063.0 188.0 5158007.0 1719552.0 1592.0 5843.0 1.0 0.0 54234512.0 27137466.0 4526154.0 60685.0 61837.0 30158.0 12841.0 66846.0 24.0 14.0 19.0 16.0 164.0 0.0 0.0 0.0 0.0 0.0 0.0 0.0 0.0
46714.0 493431.0 197.0 5200583.0 1738049.0 1581.0 6116.0 4.0 0.0 54756372.0 27418607.5 4601288.0 63329.0 64022.0 31496.0 13100.0 67071.0 92.0 14.0 78.0 19.0 138.0 0.0 0.0 0.0 0.0 0.0 0.0 0.0 0.0
46121.0 479757.0 187.0 4981939.0 1655904.0 1513.0 5897.0 5.0 0.0 51663796.0 25743012.0 4259191.0 62005.0 61187.0 30988.0 12263.0 62679.0 94.0 27.0 105.0 8.0 132.0 0.0 0.0 0.0 0.0 0.0 0.0 0.0 0.0
46247.0 483158.0 187.0 5039868.0 1679321.0 1466.0 5833.0 4.0 0.0 52493012.0 26230983.5 4369941.0 60722.0 60793.0 30237.0 12533.0 61180.0 93.0 16.0 87.0 7.0 118.0 0.0 0.0 0.0 0.0 0.0 0.0 0.0 0.0
46324.0 485583.0 204.0 5082462.0 1693683.0 1618.0 6386.0 2.0 0.0 53129148.0 26551883.0 4418717.0 66997.0 66836.0 33440.0 12975.0 67802.0 41.0 18.0 41.0 18.0 206.0 0.0 0.0 0.0 0.0 0.0 0.0 0.0 0.0
46316.0 485829.0 192.0 5089218.0 1700231.0 1508.0 5888.0 7.0 0.0 53238333.0 26682829.5 4469827.0 60085.0 61367.0 30097.0 12601.0 63374.0 135.0 18.0 153.0 15.0 154.0 0.0 0.0 0.0 0.0 0.0 0.0 0.0 0.0
46345.0 485580.0 208.0 5081851.0 1694485.0 1488.0 6718.0 9.0 0.0 53115861.0 26578718.0 4434574.0 72241.0 70524.0 36171.0 12622.0 62488.0 174.0 25.0 203.0 14.0 178.0 0.0 0.0 0.0 0.0 0.0 0.0 0.0 0.0
46176.0 480800.0 187.0 5004496.0 1662569.0 1487.0 5804.0 4.0 0.0 52019904.0 25948639.0 4295548.0 59644.0 60633.0 29860.0 12294.0 61819.0 82.0 17.0 89.0 12.0 136.0 0.0 0.0 0.0 0.0 0.0 0.0 0.0 0.0
46141.0 480650.0 174.0 4999617.0 1662775.0 1526.0 5381.0 2.0 0.0 51947967.0 25903960.5 4291297.0 55675.0 55683.0 27803.0 12321.0 63491.0 37.0 14.0 51.0 17.0 134.0 0.0 0.0 0.0 0.0 0.0 0.0 0.0 0.0
45892.0 476657.0 214.0 4944415.0 1650448.0 1402.0 6571.0 3.0 0.0 51225727.0 25639852.5 4285778.0 67709.0 67801.0 33657.0 12086.0 58476.0 54.0 21.0 60.0 3.0 122.0 0.0 0.0 0.0 0.0 0.0 0.0 0.0 0.0
46203.0 481855.0 204.0 5018269.0 1669742.0 1575.0 6312.0 8.0 0.0 52190446.0 26054848.5 4323436.0 64931.0 65566.0 32345.0 12200.0 65195.0 162.0 21.0 147.0 6.0 154.0 0.0 0.0 0.0 0.0 0.0 0.0 0.0 0.0
46299.0 484921.0 161.0 5072027.0 1693580.0 1484.0 5120.0 6.0 0.0 52978362.0 26534311.5 4441916.0 54398.0 53731.0 27192.0 12745.0 62191.0 122.0 17.0 132.0 14.0 128.0 0.0 0.0 0.0 0.0 0.0 0.0 0.0 0.0
46609.0 491831.0 207.0 5178280.0 1728826.0 1498.0 6557.0 3.0 0.0 54444149.0 27244434.5 4548114.0 69209.0 68858.0 34745.0 13129.0 62990.0 65.0 24.0 69.0 12.0 148.0 0.0 0.0 0.0 0.0 0.0 0.0 0.0 0.0
46305.0 484114.0 178.0 5054674.0 1684706.0 1555.0 5569.0 3.0 0.0 52696367.0 26353457.5 4392884.0 58386.0 58337.0 29126.0 12640.0 64899.0 62.0 14.0 46.0 16.0 128.0 0.0 0.0 0.0 0.0 0.0 0.0 0.0 0.0
46012.0 478462.0 192.0 4963408.0 1656087.0 1478.0 5855.0 3.0 0.0 51422252.0 25712711.5 4294021.0 59366.0 60624.0 29923.0 12194.0 61143.0 74.0 19.0 64.0 7.0 118.0 0.0 0.0 0.0 0.0 0.0 0.0 0.0 0.0
46134.0 481695.0 202.0 5022468.0 1676598.0 1491.0 6061.0 1.0 0.0 52305865.0 26188617.0 4382370.0 60093.0 62950.0 30607.0 12262.0 62132.0 22.0 18.0 17.0 10.0 160.0 0.0 0.0 0.0 0.0 0.0 0.0 0.0 0.0
46345.0 485394.0 200.0 5076843.0 1691183.0 1445.0 6238.0 5.0 0.0 53032374.0 26505551.0 4405345.0 64719.0 64653.0 32446.0 12475.0 60445.0 95.0 20.0 114.0 10.0 158.0 0.0 0.0 0.0 0.0 0.0 0.0 0.0 0.0
46353.0 485315.0 185.0 5079008.0 1690150.0 1534.0 5730.0 4.0 0.0 53089087.0 26522835.5 4405707.0 59124.0 59752.0 29441.0 12451.0 63837.0 81.0 21.0 93.0 21.0 126.0 0.0 0.0 1.0 0.0 0.0 0.0 0.0 0.0
46869.0 496925.0 185.0 5261472.0 1756318.0 1585.0 5860.0 7.0 0.0 55631211.0 27858248.5 4657160.0 61599.0 61452.0 30808.0 13680.0 67545.0 157.0 25.0 163.0 11.0 150.0 0.0 0.0 0.0 0.0 0.0 0.0 0.0 0.0
46090.0 480718.0 171.0 5004758.0 1669810.0 1507.0 5413.0 3.0 0.0 52036348.0 26030743.0 4343366.0 56892.0 56603.0 28717.0 12460.0 62487.0 75.0 13.0 51.0 8.0 126.0 0.0 0.0 0.0 0.0 0.0 0.0 0.0 0.0
46558.0 490887.0 192.0 5169048.0 1725839.0 1523.0 6144.0 4.0 0.0 54354776.0 27223709.0 4554337.0 65773.0 64350.0 33119.0 13001.0 63462.0 87.0 22.0 79.0 16.0 156.0 0.0 0.0 0.0 0.0 0.0 0.0 0.0 0.0
46096.0 480906.0 174.0 5010500.0 1673534.0 1437.0 5454.0 6.0 0.0 52131888.0 26117475.5 4370150.0 56454.0 56906.0 28444.0 12333.0 60139.0 120.0 19.0 138.0 7.0 142.0 0.0 0.0 1.0 0.0 0.0 0.0 0.0 0.0
46369.0 486997.0 200.0 5104889.0 1705470.0 1468.0 6262.0 5.0 0.0 53443667.0 26762241.0 4478508.0 65046.0 65366.0 32914.0 12735.0 61759.0 113.0 14.0 96.0 6.0 142.0 0.0 0.0 0.0 0.0 0.0 0.0 0.0 0.0
46084.0 479742.0 194.0 4986183.0 1659814.0 1467.0 6054.0 6.0 0.0 51754756.0 25831816.5 4289483.0 62561.0 62806.0 30913.0 12326.0 60670.0 141.0 14.0 136.0 14.0 146.0 1.0 0.0 0.0 0.0 0.0 0.0 0.0 0.0
46328.0 485293.0 197.0 5076287.0 1692829.0 1471.0 6198.0 2.0 0.0 53030254.0 26521916.0 4426810.0 65218.0 64796.0 32255.0 12408.0 61334.0 34.0 18.0 44.0 12.0 142.0 0.0 0.0 0.0 0.0 0.0 0.0 0.0 0.0
46650.0 491035.0 203.0 5161643.0 1718392.0 1551.0 6386.0 7.0 0.0 54185546.0 27059817.5 4497030.0 66731.0 66758.0 33535.0 12946.0 65307.0 161.0 16.0 140.0 14.0 148.0 0.0 0.0 0.0 0.0 0.0 0.0 0.0 0.0
46262.0 483743.0 186.0 5052621.0 1684401.0 1484.0 5863.0 3.0 0.0 52701048.0 26361550.5 4394500.0 61559.0 61225.0 30706.0 12693.0 62004.0 68.0 21.0 59.0 14.0 178.0 0.0 0.0 0.0 0.0 0.0 0.0 0.0 0.0
46383.0 486341.0 206.0 5095801.0 1698848.0 1494.0 6381.0 7.0 0.0 53321215.0 26685584.5 4453944.0 65840.0 66947.0 32631.0 12962.0 62239.0 137.0 20.0 149.0 18.0 140.0 0.0 0.0 0.0 0.0 0.0 0.0 0.0 0.0
46418.0 487267.0 203.0 5109890.0 1704890.0 1582.0 6332.0 6.0 0.0 53513579.0 26788650.0 4477317.0 65927.0 65846.0 32792.0 12973.0 66623.0 117.0 17.0 121.0 17.0 190.0 0.0 0.0 0.0 0.0 0.0 0.0 0.0 0.0
46197.0 481846.0 193.0 5016170.0 1671642.0 1492.0 6017.0 3.0 0.0 52148267.0 26049867.0 4340062.0 62861.0 62655.0 31040.0 12452.0 61647.0 59.0 18.0 56.0 10.0 172.0 0.0 0.0 0.0 0.0 0.0 0.0 0.0 0.0
46466.0 486972.0 178.0 5100257.0 1694468.0 1443.0 5632.0 5.0 0.0 53348954.0 26604500.5 4401517.0 59428.0 58929.0 29401.0 12694.0 59828.0 99.0 20.0 101.0 8.0 142.0 0.0 0.0 0.0 0.0 0.0 0.0 0.0 0.0
46258.0 484935.0 193.0 5074608.0 1697223.0 1508.0 6078.0 5.0 0.0 53033651.0 26591690.0 4464946.0 63780.0 63200.0 32180.0 12632.0 63345.0 121.0 18.0 102.0 26.0 146.0 0.0 0.0 0.0 0.0 0.0 0.0 0.0 0.0
46197.0 481450.0 207.0 5013067.0 1668170.0 1463.0 6457.0 4.0 0.0 52123995.0 26036361.0 4328546.0 66977.0 67405.0 33470.0 12426.0 60650.0 63.0 20.0 97.0 9.0 134.0 0.0 0.0 0.0 0.0 0.0 0.0 0.0 0.0
46122.0 480458.0 201.0 5000625.0 1664620.0 1493.0 6172.0 3.0 0.0 51977871.0 25964955.5 4315047.0 62967.0 64065.0 31395.0 12158.0 61654.0 64.0 21.0 57.0 18.0 160.0 0.0 0.0 0.0 0.0 0.0 0.0 0.0 0.0
46269.0 484955.0 206.0 5076607.0 1693834.0 1555.0 6386.0 5.0 0.0 53054975.0 26564565.0 4430537.0 66122.0 66479.0 32709.0 12551.0 64940.0 113.0 19.0 88.0 12.0 138.0 0.0 0.0 0.0 0.0 0.0 0.0 0.0 0.0
46699.0 493544.0 180.0 5211802.0 1737161.0 1633.0 5576.0 1.0 0.0 54960090.0 27499653.0 4575538.0 57572.0 58736.0 28658.0 13302.0 69328.0 17.0 16.0 20.0 14.0 176.0 0.0 0.0 0.0 0.0 0.0 0.0 0.0 0.0
46384.0 486121.0 195.0 5086027.0 1696526.0 1575.0 6228.0 4.0 0.0 53152927.0 26583883.5 4438693.0 66193.0 65145.0 32768.0 12572.0 66061.0 86.0 17.0 90.0 7.0 170.0 0.0 0.0 1.0 0.0 0.0 0.0 0.0 0.0
46324.0 485190.0 196.0 5077464.0 1693791.0 1557.0 6031.0 8.0 0.0 53058142.0 26568116.5 4438563.0 61810.0 63208.0 30944.0 12507.0 65211.0 167.0 19.0 162.0 8.0 142.0 0.0 0.0 0.0 0.0 0.0 0.0 0.0 0.0
46118.0 480731.0 184.0 5007649.0 1666875.0 1508.0 5725.0 4.0 0.0 52114508.0 26028091.5 4322590.0 59468.0 59947.0 29678.0 12273.0 62346.0 92.0 23.0 69.0 13.0 136.0 0.0 0.0 0.0 0.0 0.0 0.0 0.0 0.0
46055.0 479438.0 169.0 4987406.0 1660985.0 1462.0 5239.0 4.0 0.0 51811083.0 25900382.0 4306955.0 54018.0 54408.0 27293.0 12140.0 60503.0 88.0 18.0 78.0 14.0 106.0 0.0 0.0 0.0 0.0 0.0 0.0 0.0 0.0
46482.0 488307.0 197.0 5123259.0 1704834.0 1518.0 6280.0 6.0 0.0 53664231.0 26788769.5 4446213.0 66746.0 66434.0 33074.0 12805.0 63398.0 144.0 24.0 144.0 12.0 180.0 0.0 0.0 0.0 0.0 0.0 0.0 0.0 0.0
46191.0 483664.0 192.0 5056704.0 1691198.0 1496.0 6042.0 4.0 0.0 52806331.0 26478692.5 4446795.0 63271.0 62972.0 31383.0 12775.0 62416.0 83.0 15.0 82.0 10.0 174.0 0.0 0.0 0.0 0.0 0.0 0.0 0.0 0.0
46392.0 485935.0 193.0 5082164.0 1693003.0 1473.0 6077.0 5.0 0.0 53084536.0 26516003.0 4415561.0 63738.0 63122.0 31699.0 12605.0 61258.0 102.0 13.0 93.0 14.0 134.0 0.0 0.0 0.0 0.0 0.0 0.0 0.0 0.0
46177.0 480946.0 167.0 5004629.0 1663373.0 1460.0 5108.0 4.0 0.0 52015114.0 25936097.5 4296307.0 52022.0 53289.0 26014.0 12291.0 60393.0 80.0 10.0 77.0 12.0 106.0 0.0 0.0 0.0 0.0 0.0 0.0 0.0 0.0
46095.0 478861.0 185.0 4966980.0 1648356.0 1466.0 5838.0 4.0 0.0 51455902.0 25602990.0 4222812.0 61073.0 60510.0 30540.0 12047.0 60578.0 77.0 29.0 76.0 12.0 156.0 0.0 0.0 0.0 1.0 0.0 0.0 0.0 0.0
46556.0 489346.0 188.0 5134130.0 1710656.0 1543.0 5873.0 1.0 0.0 53801369.0 26872856.0 4474344.0 61013.0 61714.0 30826.0 12722.0 64278.0 30.0 23.0 18.0 15.0 160.0 0.0 0.0 0.0 0.0 0.0 0.0 0.0 0.0
46231.0 483059.0 187.0 5039328.0 1680156.0 1499.0 5917.0 2.0 0.0 52505190.0 26253395.5 4374862.0 62497.0 61587.0 31038.0 12441.0 62166.0 44.0 16.0 38.0 11.0 122.0 0.0 0.0 0.0 0.0 0.0 0.0 0.0 0.0
46413.0 487127.0 201.0 5103661.0 1702972.0 1552.0 6221.0 4.0 0.0 53402057.0 26717091.0 4463732.0 63852.0 65310.0 32408.0 12777.0 65169.0 81.0 15.0 88.0 12.0 142.0 0.0 0.0 0.0 0.0 0.0 0.0 0.0 0.0
46297.0 484900.0 201.0 5074195.0 1692877.0 1529.0 6323.0 6.0 0.0 53032981.0 26551308.0 4434295.0 66080.0 65952.0 33415.0 12753.0 64086.0 121.0 21.0 125.0 13.0 150.0 0.0 0.0 0.0 0.0 0.0 0.0 0.0 0.0
46594.0 491720.0 172.0 5186175.0 1731342.0 1567.0 5568.0 2.0 0.0 54633890.0 27373308.0 4578397.0 60242.0 58708.0 30125.0 13123.0 65811.0 46.0 18.0 40.0 18.0 162.0 0.0 0.0 0.0 0.0 0.0 0.0 0.0 0.0
46397.0 486800.0 174.0 5097151.0 1701476.0 1508.0 5511.0 5.0 0.0 53288697.0 26665843.0 4462140.0 57778.0 57263.0 29203.0 12769.0 62713.0 97.0 12.0 99.0 18.0 108.0 0.0 0.0 1.0 0.0 0.0 0.0 0.0 0.0
46243.0 482922.0 200.0 5032064.0 1677808.0 1495.0 6089.0 5.0 0.0 52367258.0 26164719.0 4364083.0 61820.0 63434.0 30901.0 12386.0 62350.0 106.0 15.0 111.0 7.0 136.0 0.0 0.0 0.0 0.0 0.0 0.0 0.0 0.0
46352.0 485869.0 199.0 5088482.0 1695095.0 1476.0 6305.0 3.0 0.0 53219752.0 26604755.5 4424450.0 66520.0 65928.0 33100.0 12870.0 61257.0 60.0 17.0 61.0 9.0 150.0 0.0 0.0 0.0 0.0 0.0 0.0 0.0 0.0
46014.0 478668.0 187.0 4975750.0 1657722.0 1586.0 5861.0 0.0 0.0 51655234.0 25828559.0 4299179.0 61074.0 60953.0 30862.0 12113.0 65830.0 0.0 22.0 0.0 14.0 152.0 0.0 0.0 0.0 0.0 0.0 0.0 0.0 0.0
46567.0 489489.0 177.0 5140550.0 1712060.0 1554.0 5570.0 2.0 0.0 53927896.0 26942591.5 4485005.0 58495.0 58416.0 29127.0 12894.0 65143.0 53.0 14.0 40.0 13.0 148.0 0.0 0.0 0.0 0.0 0.0 0.0 0.0 0.0
46328.0 484783.0 213.0 5065725.0 1688693.0 1464.0 6666.0 2.0 0.0 52866437.0 26432941.5 4407003.0 69262.0 69528.0 34782.0 12559.0 60903.0 40.0 24.0 39.0 9.0 134.0 0.0 0.0 0.0 0.0 0.0 0.0 0.0 0.0
46657.0 491274.0 187.0 5163040.0 1720181.0 1591.0 5887.0 6.0 0.0 54185371.0 27065979.5 4508694.0 61671.0 61458.0 30866.0 12838.0 66775.0 147.0 16.0 110.0 12.0 114.0 0.0 0.0 0.0 0.0 0.0 0.0 0.0 0.0
46080.0 479318.0 208.0 4975129.0 1656774.0 1455.0 6463.0 5.0 0.0 51575074.0 25742539.0 4277978.0 66486.0 66752.0 33150.0 12389.0 60141.0 99.0 20.0 97.0 12.0 182.0 0.0 0.0 0.0 0.0 0.0 0.0 0.0 0.0
46082.0 479866.0 198.0 4988721.0 1662960.0 1478.0 6030.0 3.0 0.0 51798965.0 25887941.5 4311751.0 61181.0 62501.0 30715.0 12267.0 61459.0 74.0 31.0 71.0 11.0 128.0 0.0 0.0 1.0 0.0 0.0 0.0 0.0 0.0
46223.0 483613.0 193.0 5050445.0 1686759.0 1467.0 6038.0 6.0 0.0 52658856.0 26371606.0 4411640.0 62536.0 63303.0 31330.0 12566.0 61189.0 124.0 10.0 137.0 10.0 110.0 0.0 0.0 1.0 0.0 0.0 0.0 0.0 0.0
46339.0 484617.0 204.0 5059050.0 1683965.0 1514.0 6467.0 5.0 0.0 52747088.0 26320711.5 4369240.0 68062.0 67156.0 33653.0 12578.0 62997.0 100.0 15.0 116.0 13.0 164.0 0.0 0.0 1.0 0.0 0.0 0.0 0.0 0.0
46258.0 483727.0 184.0 5053293.0 1682860.0 1469.0 5675.0 3.0 0.0 52711185.0 26343898.5 4380267.0 58038.0 59270.0 28983.0 12559.0 61221.0 61.0 14.0 62.0 15.0 148.0 0.0 0.0 0.0 0.0 0.0 0.0 0.0 0.0
46617.0 490293.0 213.0 5151979.0 1715271.0 1578.0 6595.0 2.0 0.0 54084677.0 27012204.0 4495209.0 68105.0 69833.0 34035.0 13025.0 66044.0 29.0 24.0 41.0 21.0 156.0 0.0 0.0 0.0 0.0 0.0 0.0 0.0 0.0
46296.0 485058.0 189.0 5079516.0 1694730.0 1538.0 5921.0 3.0 0.0 53134661.0 26599838.0 4444658.0 61632.0 61754.0 30702.0 12645.0 64374.0 69.0 23.0 58.0 12.0 156.0 0.0 0.0 0.0 0.0 0.0 0.0 0.0 0.0
46760.0 494157.0 198.0 5211360.0 1738732.0 1580.0 6315.0 5.0 0.0 54881276.0 27455462.5 4581422.0 66849.0 66242.0 33672.0 13284.0 66645.0 116.0 22.0 113.0 11.0 178.0 0.0 0.0 0.0 0.0 0.0 0.0 0.0 0.0
46059.0 480800.0 174.0 5011039.0 1674272.0 1507.0 5423.0 2.0 0.0 52155282.0 26131453.0 4375061.0 56156.0 56638.0 27970.0 12400.0 62841.0 40.0 15.0 37.0 17.0 122.0 0.0 0.0 0.0 0.0 0.0 0.0 0.0 0.0
45892.0 475639.0 177.0 4925817.0 1639903.0 1489.0 5351.0 4.0 0.0 50966296.0 25453687.0 4235641.0 54110.0 55433.0 26867.0 12126.0 61600.0 73.0 19.0 66.0 18.0 132.0 0.0 0.0 0.0 0.0 0.0 0.0 0.0 0.0
46244.0 484202.0 175.0 5062270.0 1690649.0 1476.0 5567.0 4.0 0.0 52873550.0 26473992.5 4425946.0 58825.0 58354.0 29642.0 12688.0 61755.0 88.0 22.0 94.0 16.0 122.0 0.0 0.0 0.0 0.0 0.0 0.0 0.0 0.0
46523.0 489321.0 193.0 5143349.0 1712753.0 1552.0 6079.0 4.0 0.0 53990640.0 26989071.0 4485764.0 64341.0 64371.0 31804.0 12998.0 65055.0 93.0 23.0 87.0 14.0 182.0 0.0 0.0 0.0 0.0 0.0 0.0 0.0 0.0
46087.0 479310.0 187.0 4979027.0 1658341.0 1485.0 5824.0 1.0 0.0 51650684.0 25810495.5 4299929.0 60905.0 60331.0 30530.0 12259.0 61824.0 22.0 18.0 16.0 9.0 156.0 0.0 0.0 0.0 0.0 0.0 0.0 0.0 0.0
46393.0 488338.0 206.0 5133234.0 1717129.0 1567.0 6491.0 5.0 0.0 53899074.0 27037456.0 4532700.0 68127.0 67720.0 34240.0 12803.0 65582.0 107.0 16.0 104.0 9.0 182.0 0.0 0.0 0.0 0.0 0.0 0.0 0.0 0.0
46501.0 490433.0 195.0 5168355.0 1728383.0 1599.0 6161.0 6.0 0.0 54393241.0 27303239.0 4579790.0 64627.0 65142.0 32489.0 13085.0 67527.0 137.0 20.0 115.0 16.0 142.0 0.0 0.0 0.0 0.0 0.0 0.0 0.0 0.0
46247.0 484223.0 198.0 5067422.0 1689812.0 1535.0 6159.0 2.0 0.0 52960936.0 26511245.0 4421352.0 63666.0 64473.0 32001.0 12805.0 64555.0 47.0 18.0 50.0 17.0 190.0 0.0 0.0 0.0 0.0 0.0 0.0 0.0 0.0
46469.0 488570.0 208.0 5126835.0 1712910.0 1558.0 6435.0 1.0 0.0 53726065.0 26908591.5 4509630.0 66040.0 67017.0 33260.0 12881.0 65414.0 24.0 13.0 21.0 11.0 148.0 0.0 0.0 0.0 0.0 0.0 0.0 0.0 0.0
46699.0 494366.0 198.0 5226410.0 1744305.0 1604.0 6311.0 4.0 0.0 55173793.0 27624747.5 4608252.0 66853.0 66263.0 33409.0 13385.0 67904.0 92.0 13.0 69.0 14.0 170.0 0.0 0.0 0.0 0.0 0.0 0.0 0.0 0.0
45966.0 480157.0 201.0 5006710.0 1678251.0 1520.0 6229.0 5.0 0.0 52134975.0 26205592.5 4418126.0 63960.0 64357.0 32212.0 12450.0 63468.0 109.0 18.0 103.0 13.0 182.0 0.0 0.0 0.0 0.0 0.0 0.0 0.0 0.0
45912.0 475904.0 204.0 4926704.0 1639051.0 1411.0 6312.0 2.0 0.0 50936143.0 25413919.0 4215484.0 65149.0 65384.0 32646.0 12129.0 58075.0 49.0 23.0 28.0 5.0 152.0 0.0 0.0 0.0 0.0 0.0 0.0 0.0 0.0
46265.0 484155.0 174.0 5053398.0 1687521.0 1528.0 5423.0 2.0 0.0 52671498.0 26351009.0 4406783.0 56444.0 56343.0 28032.0 12535.0 63754.0 39.0 15.0 50.0 18.0 128.0 0.0 0.0 0.0 0.0 0.0 0.0 0.0 0.0
46112.0 480972.0 180.0 5008525.0 1671621.0 1491.0 5682.0 1.0 0.0 52086008.0 26064313.0 4359351.0 59432.0 58978.0 30019.0 12117.0 62202.0 33.0 17.0 19.0 5.0 188.0 0.0 0.0 0.0 0.0 0.0 0.0 0.0 0.0
46021.0 479760.0 197.0 4991679.0 1668625.0 1448.0 6206.0 3.0 0.0 51866205.0 25989346.0 4356782.0 65314.0 64162.0 32757.0 12247.0 60559.0 70.0 23.0 71.0 12.0 170.0 0.0 0.0 0.0 0.0 0.0 0.0 0.0 0.0
46488.0 487290.0 166.0 5100220.0 1694898.0 1456.0 5095.0 2.0 0.0 53306947.0 26572903.5 4397808.0 52241.0 53469.0 26225.0 12520.0 60547.0 43.0 12.0 42.0 14.0 116.0 0.0 0.0 0.0 0.0 0.0 0.0 0.0 0.0
46021.0 479988.0 170.0 5001037.0 1671979.0 1503.0 5277.0 1.0 0.0 52042240.0 26102929.5 4379691.0 54499.0 55197.0 27162.0 12296.0 62741.0 21.0 18.0 18.0 16.0 118.0 0.0 0.0 0.0 0.0 0.0 0.0 0.0 0.0
45966.0 477295.0 191.0 4949863.0 1650139.0 1454.0 5924.0 5.0 0.0 51263628.0 25638687.0 4281206.0 61322.0 61422.0 30553.0 12026.0 60174.0 114.0 16.0 99.0 8.0 144.0 0.0 0.0 0.0 0.0 0.0 0.0 0.0 0.0
46293.0 483299.0 191.0 5037853.0 1673998.0 1510.0 5977.0 1.0 0.0 52444435.0 26130315.5 4325811.0 62197.0 62222.0 30888.0 12645.0 63185.0 21.0 19.0 20.0 11.0 176.0 0.0 0.0 0.0 0.0 0.0 0.0 0.0 0.0
46311.0 486041.0 188.0 5094714.0 1703584.0 1519.0 5927.0 2.0 0.0 53330352.0 26752541.0 4487100.0 61985.0 62137.0 31415.0 12720.0 63951.0 48.0 16.0 26.0 8.0 150.0 0.0 0.0 0.0 0.0 0.0 0.0 0.0 0.0
46312.0 484451.0 197.0 5061258.0 1685193.0 1505.0 6208.0 6.0 0.0 52808539.0 26369354.0 4385418.0 65078.0 64944.0 32303.0 12234.0 62813.0 119.0 17.0 125.0 16.0 156.0 0.0 0.0 0.0 0.0 0.0 0.0 0.0 0.0
46407.0 486636.0 194.0 5095675.0 1700212.0 1512.0 6041.0 3.0 0.0 53283063.0 26665870.0 4458073.0 62370.0 62908.0 31435.0 12715.0 63150.0 69.0 15.0 64.0 13.0 156.0 0.0 0.0 0.0 0.0 0.0 0.0 0.0 0.0
46094.0 481483.0 232.0 5023418.0 1678088.0 1577.0 7304.0 7.0 0.0 52331219.0 26229277.5 4389561.0 76764.0 76072.0 38541.0 12598.0 65857.0 142.0 19.0 168.0 15.0 188.0 0.0 0.0 0.0 0.0 0.0 0.0 0.0 0.0
46148.0 479679.0 185.0 4978278.0 1652538.0 1438.0 5699.0 2.0 0.0 51596269.0 25688209.5 4240036.0 58814.0 59225.0 29011.0 12265.0 59125.0 36.0 9.0 34.0 9.0 128.0 0.0 0.0 0.0 0.0 0.0 0.0 0.0 0.0
46312.0 485460.0 213.0 5078072.0 1697110.0 1532.0 6637.0 2.0 0.0 53035914.0 26570835.5 4453340.0 68841.0 69188.0 34538.0 12534.0 64086.0 42.0 29.0 33.0 16.0 162.0 0.0 0.0 0.0 0.0 0.0 0.0 0.0 0.0
46621.0 490852.0 186.0 5159927.0 1718655.0 1519.0 5877.0 4.0 0.0 54174400.0 27059504.0 4502831.0 62129.0 61858.0 31015.0 13002.0 63257.0 86.0 16.0 97.0 11.0 146.0 0.0 0.0 0.0 0.0 0.0 0.0 0.0 0.0
46516.0 490278.0 190.0 5163165.0 1724636.0 1579.0 6068.0 3.0 0.0 54305632.0 27216967.5 4555588.0 64259.0 63632.0 32528.0 12996.0 66637.0 73.0 24.0 66.0 12.0 150.0 0.0 0.0 0.0 0.0 0.0 0.0 0.0 0.0
46401.0 486479.0 190.0 5094289.0 1696189.0 1486.0 6079.0 1.0 0.0 53276351.0 26610461.5 4419335.0 65059.0 63520.0 32405.0 12589.0 61857.0 25.0 16.0 29.0 10.0 140.0 0.0 0.0 0.0 0.0 0.0 0.0 0.0 0.0
46102.0 479308.0 189.0 4975222.0 1654669.0 1449.0 5881.0 2.0 0.0 51559483.0 25721445.5 4264117.0 60689.0 60944.0 30469.0 12109.0 59924.0 52.0 11.0 40.0 8.0 128.0 0.0 0.0 0.0 0.0 0.0 0.0 0.0 0.0
46156.0 480208.0 220.0 4986199.0 1657952.0 1466.0 6886.0 4.0 0.0 51702007.0 25771466.0 4271310.0 71886.0 71435.0 35655.0 12117.0 60576.0 80.0 19.0 61.0 16.0 166.0 0.0 0.0 0.0 0.0 0.0 0.0 0.0 0.0
46344.0 485870.0 173.0 5087541.0 1696276.0 1499.0 5526.0 1.0 0.0 53201448.0 26611638.0 4435206.0 58461.0 57441.0 29430.0 12634.0 62983.0 26.0 16.0 18.0 14.0 130.0 0.0 0.0 0.0 0.0 0.0 0.0 0.0 0.0
46375.0 486065.0 191.0 5088083.0 1695493.0 1487.0 6014.0 2.0 0.0 53179099.0 26590710.0 4429674.0 63051.0 63143.0 31547.0 12568.0 62302.0 44.0 20.0 38.0 9.0 146.0 0.0 0.0 0.0 0.0 0.0 0.0 0.0 0.0
46311.0 484801.0 163.0 5069038.0 1687517.0 1513.0 5083.0 4.0 0.0 52936452.0 26442178.5 4389583.0 53115.0 53216.0 26704.0 12483.0 63074.0 111.0 10.0 84.0 16.0 126.0 0.0 0.0 0.0 0.0 0.0 0.0 0.0 0.0
46276.0 484504.0 187.0 5064756.0 1690988.0 1574.0 5933.0 2.0 0.0 52867476.0 26477630.5 4429154.0 62839.0 61428.0 31355.0 12536.0 65442.0 45.0 22.0 41.0 13.0 178.0 0.0 0.0 0.0 0.0 0.0 0.0 0.0 0.0
46621.0 491013.0 183.0 5165961.0 1718864.0 1545.0 5854.0 4.0 0.0 54279706.0 27100601.0 4495184.0 62037.0 61478.0 31021.0 12799.0 65008.0 90.0 20.0 89.0 20.0 138.0 0.0 0.0 0.0 0.0 0.0 0.0 0.0 0.0
45797.0 473977.0 179.0 4893752.0 1631826.0 1465.0 5513.0 5.0 0.0 50471760.0 25217845.0 4200145.0 56539.0 57010.0 28331.0 11879.0 60325.0 116.0 14.0 106.0 14.0 122.0 0.0 0.0 0.0 0.0 0.0 0.0 0.0 0.0
46139.0 481844.0 205.0 5023175.0 1677749.0 1440.0 6421.0 2.0 0.0 52294070.0 26188568.0 4385275.0 67112.0 66917.0 33584.0 12321.0 60225.0 47.0 24.0 43.0 7.0 142.0 0.0 0.0 0.0 0.0 0.0 0.0 0.0 0.0
45952.0 477904.0 181.0 4966133.0 1655356.0 1468.0 5554.0 3.0 0.0 51533822.0 25780864.0 4290172.0 56753.0 57394.0 28222.0 12098.0 61334.0 69.0 15.0 55.0 14.0 150.0 0.0 0.0 0.0 0.0 0.0 0.0 0.0 0.0
46425.0 487251.0 208.0 5109786.0 1702988.0 1558.0 6627.0 7.0 0.0 53504981.0 26765371.0 4461425.0 70607.0 69602.0 35483.0 12696.0 65543.0 136.0 19.0 126.0 13.0 166.0 0.0 0.0 0.0 0.0 0.0 0.0 0.0 0.0
46309.0 485511.0 171.0 5083412.0 1693627.0 1485.0 5308.0 5.0 0.0 53152279.0 26565890.5 4413853.0 54985.0 55428.0 27402.0 12732.0 62430.0 105.0 22.0 103.0 13.0 134.0 0.0 0.0 0.0 0.0 0.0 0.0 0.0 0.0
46144.0 482004.0 186.0 5029444.0 1679739.0 1486.0 5689.0 5.0 0.0 52401506.0 26265600.5 4401114.0 58115.0 58801.0 28974.0 12432.0 62602.0 94.0 14.0 97.0 15.0 152.0 0.0 0.0 0.0 0.0 0.0 0.0 0.0 0.0
46598.0 490413.0 213.0 5154695.0 1715984.0 1541.0 6633.0 5.0 0.0 54101204.0 27019398.0 4491804.0 68776.0 69655.0 34158.0 12965.0 64858.0 103.0 21.0 108.0 14.0 144.0 0.0 0.0 0.0 0.0 0.0 0.0 0.0 0.0
46315.0 486325.0 185.0 5101171.0 1705233.0 1535.0 5925.0 2.0 0.0 53425105.0 26802828.5 4493654.0 62852.0 62399.0 31851.0 12829.0 64762.0 41.0 16.0 43.0 17.0 144.0 0.0 0.0 0.0 0.0 0.0 0.0 0.0 0.0
46261.0 484139.0 203.0 5055128.0 1688495.0 1499.0 6283.0 1.0 0.0 52718005.0 26382646.0 4413737.0 64283.0 65327.0 32424.0 12374.0 62631.0 23.0 21.0 19.0 15.0 150.0 0.0 0.0 0.0 0.0 0.0 0.0 0.0 0.0
46044.0 481029.0 192.0 5020512.0 1678888.0 1526.0 5954.0 4.0 0.0 52333792.0 26257631.5 4402371.0 61576.0 62107.0 30658.0 12636.0 63750.0 104.0 14.0 72.0 15.0 142.0 0.0 0.0 0.0 0.0 0.0 0.0 0.0 0.0
45911.0 476911.0 190.0 4944265.0 1651963.0 1415.0 5919.0 3.0 0.0 51191404.0 25641220.0 4296675.0 61140.0 61669.0 30563.0 12140.0 58344.0 49.0 16.0 55.0 13.0 136.0 0.0 0.0 0.0 0.0 0.0 0.0 0.0 0.0
46321.0 484118.0 192.0 5053144.0 1684070.0 1477.0 6066.0 3.0 0.0 52669695.0 26324379.0 4392728.0 63582.0 63388.0 31788.0 12539.0 61332.0 60.0 20.0 54.0 5.0 146.0 0.0 0.0 0.0 0.0 0.0 0.0 0.0 0.0
46463.0 488356.0 209.0 5127262.0 1709104.0 1527.0 6496.0 1.0 0.0 53760061.0 26887185.5 4479653.0 67280.0 68485.0 33550.0 12817.0 64106.0 21.0 29.0 11.0 11.0 190.0 0.0 0.0 0.0 0.0 0.0 0.0 0.0 0.0
45981.0 478355.0 173.0 4972316.0 1658469.0 1482.0 5305.0 4.0 0.0 51614916.0 25839597.5 4316717.0 54449.0 55253.0 27187.0 12189.0 61512.0 75.0 12.0 100.0 12.0 98.0 0.0 0.0 0.0 0.0 0.0 0.0 0.0 0.0
46319.0 485020.0 190.0 5073240.0 1688739.0 1539.0 5915.0 3.0 0.0 52984573.0 26466084.5 4394596.0 61269.0 61753.0 30549.0 12867.0 64514.0 67.0 20.0 67.0 8.0 150.0 0.0 0.0 0.0 0.0 0.0 0.0 0.0 0.0
46644.0 492171.0 206.0 5190787.0 1727980.0 1550.0 6441.0 2.0 0.0 54669002.0 27317032.0 4536570.0 66718.0 67781.0 33269.0 13128.0 65559.0 39.0 20.0 36.0 10.0 144.0 0.0 0.0 0.0 0.0 0.0 0.0 0.0 0.0
45853.0 474881.0 196.0 4913020.0 1635956.0 1366.0 6072.0 4.0 0.0 50767253.0 25362980.5 4218112.0 62485.0 62446.0 31247.0 11840.0 56845.0 90.0 22.0 81.0 9.0 144.0 0.0 0.0 0.0 0.0 0.0 0.0 0.0 0.0
46340.0 485759.0 202.0 5085996.0 1698440.0 1497.0 6267.0 4.0 0.0 53177622.0 26632674.0 4463099.0 64513.0 65366.0 32875.0 12678.0 63250.0 99.0 23.0 80.0 10.0 176.0 0.0 0.0 0.0 0.0 0.0 0.0 0.0 0.0
46128.0 481944.0 198.0 5031505.0 1681553.0 1546.0 6421.0 7.0 0.0 52459534.0 26317687.0 4411623.0 69402.0 66714.0 34517.0 12366.0 64683.0 162.0 25.0 177.0 9.0 184.0 0.0 0.0 0.0 0.0 0.0 0.0 0.0 0.0
46660.0 492388.0 204.0 5189132.0 1730467.0 1548.0 6552.0 5.0 0.0 54615844.0 27320060.5 4554781.0 70219.0 68634.0 34912.0 13203.0 65130.0 89.0 28.0 103.0 9.0 180.0 0.0 0.0 0.0 0.0 0.0 0.0 0.0 0.0
46171.0 481062.0 177.0 5006258.0 1663987.0 1466.0 5408.0 5.0 0.0 52040932.0 25944370.0 4296271.0 55083.0 55976.0 27523.0 12325.0 60137.0 113.0 13.0 106.0 8.0 134.0 0.0 0.0 1.0 0.0 0.0 0.0 0.0 0.0
45937.0 477388.0 168.0 4955040.0 1651915.0 1472.0 5323.0 2.0 0.0 51368309.0 25683716.5 4280035.0 56398.0 55519.0 28140.0 12163.0 61153.0 37.0 15.0 45.0 14.0 120.0 0.0 0.0 0.0 0.0 0.0 0.0 0.0 0.0
46330.0 485694.0 166.0 5085849.0 1695341.0 1457.0 5320.0 1.0 0.0 53185474.0 26601347.5 4429603.0 56711.0 55813.0 28125.0 12806.0 61103.0 19.0 13.0 27.0 18.0 108.0 0.0 0.0 0.0 0.0 0.0 0.0 0.0 0.0
46156.0 482126.0 214.0 5034202.0 1679620.0 1446.0 6763.0 6.0 0.0 52493012.0 26294186.5 4396313.0 71011.0 70361.0 36089.0 12561.0 60291.0 138.0 26.0 131.0 12.0 182.0 0.0 0.0 0.0 0.0 0.0 0.0 0.0 0.0
45843.0 475034.0 155.0 4915413.0 1638579.0 1391.0 4788.0 5.0 0.0 50802380.0 25400310.5 4233616.0 49217.0 49596.0 24815.0 11971.0 57455.0 87.0 14.0 108.0 8.0 100.0 0.0 0.0 0.0 1.0 0.0 0.0 0.0 0.0
46182.0 482186.0 178.0 5025205.0 1676284.0 1461.0 5570.0 3.0 0.0 52302026.0 26152737.5 4367135.0 58080.0 57797.0 28946.0 12269.0 60380.0 76.0 14.0 59.0 16.0 126.0 0.0 0.0 0.0 0.0 0.0 0.0 0.0 0.0
46266.0 484423.0 174.0 5070129.0 1689994.0 1489.0 5533.0 2.0 0.0 53002394.0 26520414.5 4418473.0 58645.0 57995.0 29311.0 12508.0 62576.0 38.0 15.0 42.0 16.0 144.0 0.0 0.0 0.0 0.0 0.0 0.0 0.0 0.0
46006.0 478016.0 176.0 4963622.0 1649667.0 1473.0 5557.0 3.0 0.0 51463334.0 25677743.5 4247000.0 58572.0 57535.0 29314.0 12219.0 61011.0 55.0 14.0 72.0 13.0 108.0 0.0 0.0 0.0 1.0 0.0 0.0 0.0 0.0
46317.0 485167.0 183.0 5080537.0 1691930.0 1491.0 5800.0 5.0 0.0 53137283.0 26568790.5 4417594.0 61204.0 60487.0 30232.0 12619.0 62657.0 107.0 19.0 102.0 11.0 146.0 0.0 0.0 0.0 0.0 0.0 0.0 0.0 0.0
46603.0 492247.0 213.0 5192549.0 1736571.0 1591.0 6749.0 4.0 0.0 54698966.0 27434775.5 4604932.0 71322.0 71187.0 35603.0 13271.0 67022.0 85.0 20.0 81.0 12.0 130.0 0.0 0.0 0.0 0.0 0.0 0.0 0.0 0.0
46594.0 490251.0 185.0 5153092.0 1712814.0 1629.0 5883.0 3.0 0.0 54092621.0 26975088.5 4464901.0 62618.0 61642.0 30920.0 13007.0 68342.0 61.0 21.0 54.0 17.0 172.0 0.0 0.0 1.0 0.0 0.0 0.0 0.0 0.0
46563.0 489384.0 199.0 5136852.0 1710499.0 1565.0 6127.0 4.0 0.0 53852872.0 26894907.0 4473788.0 63028.0 64042.0 31388.0 12718.0 65722.0 86.0 24.0 79.0 19.0 164.0 0.0 0.0 1.0 0.0 0.0 0.0 0.0 0.0
46419.0 487449.0 159.0 5108877.0 1706978.0 1503.0 4992.0 3.0 0.0 53479750.0 26787195.5 4491071.0 52145.0 51944.0 26381.0 12595.0 62734.0 79.0 10.0 64.0 14.0 116.0 0.0 0.0 0.0 0.0 0.0 0.0 0.0 0.0
45957.0 477239.0 185.0 4944355.0 1649549.0 1455.0 5809.0 2.0 0.0 51159020.0 25580809.5 4272652.0 61020.0 59856.0 29965.0 11891.0 60284.0 37.0 13.0 40.0 12.0 184.0 0.0 0.0 0.0 0.0 0.0 0.0 0.0 0.0
46409.0 487633.0 199.0 5114343.0 1709059.0 1491.0 6299.0 3.0 0.0 53567659.0 26838819.0 4501123.0 66322.0 65889.0 33051.0 12668.0 62640.0 66.0 25.0 63.0 11.0 134.0 0.0 0.0 0.0 0.0 0.0 0.0 0.0 0.0
46257.0 484408.0 199.0 5069704.0 1690752.0 1571.0 6064.0 4.0 0.0 52975648.0 26529503.0 4426311.0 61410.0 63514.0 30617.0 12763.0 65827.0 80.0 18.0 72.0 10.0 142.0 0.0 0.0 0.0 1.0 0.0 0.0 0.0 0.0
46281.0 484280.0 192.0 5058458.0 1686130.0 1497.0 6030.0 3.0 0.0 52783363.0 26374831.0 4401039.0 62557.0 63203.0 31397.0 12344.0 62631.0 69.0 26.0 65.0 7.0 150.0 0.0 0.0 0.0 0.0 0.0 0.0 0.0 0.0
46094.0 479861.0 193.0 4989058.0 1661924.0 1408.0 5971.0 6.0 0.0 51788244.0 25879172.0 4311331.0 61097.0 61870.0 30784.0 12327.0 58303.0 123.0 18.0 137.0 10.0 134.0 0.0 0.0 0.0 0.0 0.0 0.0 0.0 0.0
46587.0 490919.0 172.0 5170696.0 1725169.0 1594.0 5383.0 2.0 0.0 54401419.0 27242487.5 4552955.0 56727.0 57271.0 28105.0 12860.0 67130.0 33.0 13.0 35.0 17.0 156.0 0.0 0.0 0.0 0.0 0.0 0.0 0.0 0.0
46343.0 485099.0 178.0 5070613.0 1687572.0 1542.0 5560.0 1.0 0.0 52937775.0 26414558.5 4390920.0 57884.0 57872.0 28680.0 12562.0 64322.0 24.0 15.0 26.0 15.0 124.0 0.0 0.0 0.0 0.0 0.0 0.0 0.0 0.0
46198.0 482523.0 189.0 5032078.0 1679304.0 1562.0 5975.0 4.0 0.0 52407003.0 26225011.0 4385007.0 62646.0 61994.0 31543.0 12597.0 64873.0 80.0 15.0 77.0 18.0 164.0 0.0 0.0 0.0 0.0 0.0 0.0 0.0 0.0
46389.0 486277.0 190.0 5087766.0 1696406.0 1548.0 5982.0 7.0 0.0 53153462.0 26570327.0 4430219.0 62559.0 62521.0 31086.0 12769.0 64747.0 155.0 20.0 152.0 17.0 180.0 0.0 0.0 0.0 0.0 0.0 0.0 0.0 0.0
46456.0 487643.0 213.0 5113758.0 1702486.0 1562.0 6576.0 2.0 0.0 53555032.0 26753799.0 4446178.0 67527.0 68705.0 33946.0 12921.0 65125.0 36.0 27.0 44.0 10.0 214.0 0.0 0.0 0.0 1.0 0.0 0.0 0.0 0.0
46632.0 491991.0 179.0 5181259.0 1727931.0 1583.0 5674.0 5.0 0.0 54488045.0 27241943.5 4540094.0 59955.0 59909.0 29600.0 13189.0 66404.0 94.0 19.0 97.0 17.0 128.0 0.0 0.0 0.0 0.0 0.0 0.0 0.0 0.0
46500.0 488061.0 188.0 5112727.0 1702511.0 1586.0 5894.0 2.0 0.0 53476311.0 26704578.5 4441471.0 61508.0 61551.0 30785.0 12459.0 66495.0 41.0 15.0 43.0 16.0 116.0 0.0 0.0 0.0 0.0 0.0 0.0 0.0 0.0
46116.0 481176.0 180.0 5014396.0 1675949.0 1456.0 5575.0 2.0 0.0 52188775.0 26169078.0 4390679.0 57568.0 58188.0 28945.0 12388.0 60491.0 38.0 18.0 50.0 11.0 156.0 0.0 0.0 0.0 0.0 0.0 0.0 0.0 0.0
46151.0 483139.0 193.0 5049107.0 1688175.0 1523.0 6198.0 3.0 0.0 52708780.0 26416573.0 4422833.0 66383.0 64117.0 33145.0 12397.0 63382.0 60.0 21.0 60.0 15.0 208.0 0.0 0.0 0.0 0.0 0.0 0.0 0.0 0.0
46305.0 483871.0 183.0 5048152.0 1681824.0 1497.0 5674.0 2.0 0.0 52598813.0 26275544.0 4378979.0 58545.0 58824.0 28796.0 12464.0 62571.0 31.0 19.0 47.0 17.0 130.0 0.0 0.0 0.0 0.0 0.0 0.0 0.0 0.0
46450.0 488966.0 181.0 5142822.0 1717694.0 1629.0 5775.0 1.0 0.0 54008779.0 27083824.0 4530255.0 61402.0 60481.0 30648.0 12872.0 68511.0 19.0 21.0 14.0 15.0 164.0 0.0 0.0 0.0 0.0 0.0 0.0 0.0 0.0
46382.0 487202.0 183.0 5107526.0 1706006.0 1521.0 5749.0 3.0 0.0 53483079.0 26775763.0 4475798.0 59619.0 60131.0 30372.0 12750.0 63687.0 61.0 19.0 63.0 12.0 132.0 0.0 0.0 1.0 0.0 0.0 0.0 0.0 0.0
46265.0 484006.0 173.0 5053956.0 1685014.0 1440.0 5317.0 3.0 0.0 52699359.0 26339286.5 4391876.0 54422.0 54942.0 27120.0 12543.0 59647.0 56.0 12.0 50.0 5.0 128.0 0.0 0.0 0.0 0.0 0.0 0.0 0.0 0.0
46245.0 483225.0 192.0 5045919.0 1680019.0 1510.0 6015.0 6.0 0.0 52610000.0 26294321.5 4373296.0 62879.0 62911.0 31397.0 12368.0 62828.0 136.0 15.0 118.0 12.0 144.0 0.0 0.0 0.0 1.0 0.0 0.0 0.0 0.0
46510.0 488703.0 208.0 5128796.0 1706971.0 1508.0 6454.0 4.0 0.0 53755592.0 26838219.0 4453759.0 66910.0 67326.0 33610.0 12772.0 62829.0 93.0 18.0 80.0 13.0 110.0 0.0 0.0 0.0 0.0 0.0 0.0 0.0 0.0
45970.0 478264.0 174.0 4970916.0 1657809.0 1513.0 5349.0 4.0 0.0 51591473.0 25825137.0 4305517.0 55205.0 55529.0 27317.0 12111.0 63002.0 76.0 19.0 81.0 9.0 130.0 0.0 0.0 0.0 0.0 0.0 0.0 0.0 0.0
46203.0 483099.0 163.0 5044348.0 1683900.0 1501.0 5062.0 1.0 0.0 52604454.0 26336239.5 4398442.0 52236.0 52314.0 26067.0 12504.0 62854.0 27.0 15.0 27.0 10.0 132.0 0.0 0.0 0.0 0.0 0.0 0.0 0.0 0.0
46022.0 479839.0 216.0 4998711.0 1670540.0 1519.0 6924.0 5.0 0.0 51995966.0 26079859.5 4373049.0 74497.0 71870.0 36840.0 12499.0 63096.0 103.0 25.0 111.0 11.0 168.0 0.0 0.0 0.0 0.0 0.0 0.0 0.0 0.0
46464.0 487039.0 187.0 5096241.0 1695568.0 1481.0 5887.0 3.0 0.0 53246134.0 26569540.0 4411537.0 61692.0 61422.0 30884.0 12886.0 61916.0 69.0 18.0 67.0 11.0 126.0 0.0 0.0 0.0 0.0 0.0 0.0 0.0 0.0
46285.0 485332.0 183.0 5084208.0 1698602.0 1542.0 5860.0 4.0 0.0 53192209.0 26665031.5 4469824.0 62386.0 61476.0 30994.0 12678.0 64501.0 96.0 24.0 77.0 26.0 132.0 1.0 0.0 0.0 0.0 0.0 0.0 0.0 0.0
46383.0 485457.0 195.0 5075851.0 1688261.0 1519.0 6140.0 5.0 0.0 53000731.0 26452636.0 4389700.0 64355.0 64147.0 32048.0 12467.0 63369.0 115.0 13.0 100.0 11.0 178.0 0.0 0.0 0.0 0.0 0.0 0.0 0.0 0.0
45939.0 477136.0 190.0 4949049.0 1651655.0 1450.0 6062.0 2.0 0.0 51257591.0 25654079.5 4294133.0 64196.0 63229.0 31937.0 12209.0 60436.0 49.0 16.0 45.0 9.0 130.0 0.0 0.0 0.0 0.0 0.0 0.0 0.0 0.0
46209.0 482724.0 198.0 5036657.0 1679977.0 1466.0 6232.0 5.0 0.0 52487622.0 26261544.0 4387437.0 65517.0 64604.0 32712.0 12167.0 61335.0 109.0 25.0 101.0 6.0 144.0 0.0 0.0 0.0 0.0 0.0 0.0 0.0 0.0
46453.0 488762.0 209.0 5130778.0 1715665.0 1489.0 6488.0 7.0 0.0 53783306.0 26959367.5 4525369.0 66157.0 68065.0 33883.0 12784.0 63013.0 150.0 23.0 144.0 13.0 150.0 0.0 0.0 0.0 0.0 0.0 0.0 0.0 0.0
46540.0 490751.0 186.0 5168196.0 1724331.0 1561.0 5905.0 1.0 0.0 54356329.0 27203995.0 4533440.0 62465.0 62222.0 31330.0 12825.0 65768.0 27.0 20.0 25.0 13.0 162.0 0.0 0.0 0.0 0.0 0.0 0.0 0.0 0.0
46140.0 481102.0 205.0 5007637.0 1668933.0 1388.0 6545.0 1.0 0.0 52066125.0 26011593.5 4332694.0 69201.0 67937.0 34581.0 12103.0 57862.0 20.0 28.0 19.0 12.0 184.0 0.0 0.0 0.0 0.0 0.0 0.0 0.0 0.0
46302.0 484930.0 187.0 5071062.0 1690972.0 1526.0 5838.0 1.0 0.0 52958307.0 26483984.0 4413460.0 60061.0 61054.0 30428.0 12515.0 63541.0 21.0 20.0 16.0 10.0 142.0 0.0 0.0 0.0 0.0 0.0 0.0 0.0 0.0
46137.0 481036.0 196.0 5009236.0 1665661.0 1532.0 6127.0 4.0 0.0 52093585.0 25985482.0 4301723.0 64055.0 63947.0 31828.0 12262.0 63638.0 86.0 19.0 82.0 19.0 142.0 0.0 0.0 0.0 0.0 0.0 0.0 0.0 0.0
46476.0 488623.0 208.0 5130592.0 1713435.0 1547.0 6758.0 2.0 0.0 53799898.0 26957459.0 4514644.0 73580.0 70716.0 36745.0 12993.0 65134.0 50.0 14.0 49.0 14.0 176.0 0.0 0.0 0.0 0.0 0.0 0.0 0.0 0.0
46305.0 485321.0 213.0 5081380.0 1694959.0 1539.0 6667.0 9.0 0.0 53131279.0 26584911.0 4436813.0 69276.0 69651.0 34667.0 12635.0 64638.0 214.0 20.0 196.0 12.0 176.0 1.0 0.0 0.0 0.0 0.0 0.0 0.0 0.0
46413.0 485829.0 188.0 5077960.0 1688629.0 1467.0 5777.0 3.0 0.0 52993944.0 26430481.5 4385058.0 59457.0 60393.0 29556.0 12767.0 60876.0 62.0 11.0 53.0 11.0 130.0 0.0 0.0 0.0 0.0 0.0 0.0 0.0 0.0
46274.0 484538.0 171.0 5066733.0 1689805.0 1475.0 5377.0 7.0 0.0 52901463.0 26471540.5 4414212.0 56172.0 56001.0 28303.0 12645.0 61344.0 138.0 22.0 136.0 8.0 142.0 0.0 0.0 0.0 1.0 0.0 0.0 0.0 0.0
46567.0 489452.0 179.0 5139578.0 1707599.0 1529.0 5648.0 3.0 0.0 53905096.0 26873042.0 4442798.0 59546.0 59659.0 29373.0 12984.0 63736.0 53.0 24.0 72.0 10.0 110.0 0.0 0.0 0.0 0.0 0.0 0.0 0.0 0.0
45948.0 477611.0 195.0 4956178.0 1654258.0 1485.0 6083.0 2.0 0.0 51361168.0 25707538.5 4296343.0 62869.0 63053.0 31679.0 12065.0 61847.0 49.0 22.0 33.0 16.0 140.0 0.0 0.0 0.0 0.0 0.0 0.0 0.0 0.0
46321.0 485512.0 187.0 5082755.0 1698907.0 1548.0 5881.0 1.0 0.0 53141589.0 26648678.0 4476703.0 61171.0 61851.0 30741.0 12652.0 65319.0 19.0 19.0 23.0 17.0 112.0 0.0 0.0 0.0 0.0 0.0 0.0 0.0 0.0
46305.0 484204.0 172.0 5055746.0 1684154.0 1554.0 5370.0 2.0 0.0 52726549.0 26336640.5 4383680.0 55810.0 55734.0 27820.0 12464.0 64584.0 34.0 10.0 44.0 12.0 148.0 0.0 0.0 0.0 0.0 0.0 0.0 0.0 0.0
46437.0 488753.0 209.0 5136571.0 1715464.0 1485.0 6625.0 3.0 0.0 53918854.0 26998571.5 4511360.0 70099.0 69906.0 35382.0 13058.0 62465.0 70.0 23.0 68.0 11.0 158.0 0.0 0.0 0.0 0.0 0.0 0.0 0.0 0.0
46103.0 480968.0 189.0 5005934.0 1671378.0 1547.0 6003.0 6.0 0.0 52048928.0 26041371.0 4350370.0 63537.0 62422.0 31677.0 12559.0 64113.0 139.0 21.0 130.0 14.0 156.0 0.0 0.0 0.0 0.0 0.0 0.0 0.0 0.0
46255.0 483405.0 187.0 5043286.0 1681047.0 1504.0 5867.0 3.0 0.0 52546550.0 26261790.0 4372930.0 61024.0 61715.0 30961.0 12493.0 62633.0 61.0 23.0 57.0 14.0 166.0 0.0 0.0 0.0 0.0 0.0 0.0 0.0 0.0
46260.0 483704.0 183.0 5047686.0 1682945.0 1510.0 5825.0 3.0 0.0 52599822.0 26284688.5 4382051.0 61615.0 61155.0 30890.0 12464.0 62715.0 79.0 14.0 67.0 22.0 166.0 0.0 0.0 1.0 0.0 0.0 0.0 0.0 0.0
46358.0 486366.0 179.0 5097397.0 1699038.0 1551.0 5619.0 2.0 0.0 53345727.0 26689017.0 4445897.0 59147.0 58860.0 29602.0 12808.0 64731.0 39.0 15.0 39.0 12.0 158.0 0.0 0.0 0.0 0.0 0.0 0.0 0.0 0.0
45871.0 475630.0 189.0 4924746.0 1639316.0 1431.0 5776.0 2.0 0.0 50917632.0 25430540.5 4217922.0 58754.0 59464.0 29379.0 12049.0 58810.0 41.0 13.0 36.0 9.0 148.0 0.0 0.0 0.0 0.0 0.0 0.0 0.0 0.0
46545.0 490064.0 200.0 5153801.0 1716906.0 1571.0 6160.0 4.0 0.0 54126044.0 27055035.5 4499378.0 63625.0 64634.0 31378.0 12984.0 65783.0 57.0 13.0 70.0 12.0 176.0 0.0 0.0 0.0 0.0 0.0 0.0 0.0 0.0
46273.0 484661.0 192.0 5069053.0 1691903.0 1543.0 6032.0 2.0 0.0 52956109.0 26504055.0 4429766.0 62985.0 63493.0 31885.0 12594.0 64375.0 38.0 22.0 39.0 16.0 156.0 0.0 0.0 0.0 0.0 0.0 0.0 0.0 0.0
46019.0 477362.0 204.0 4943584.0 1644755.0 1496.0 6490.0 3.0 0.0 51135979.0 25511732.0 4242244.0 68388.0 66872.0 34543.0 12221.0 61421.0 77.0 17.0 53.0 12.0 150.0 0.0 0.0 0.0 0.0 0.0 0.0 0.0 0.0
46686.0 492210.0 196.0 5183600.0 1724920.0 1501.0 6211.0 8.0 0.0 54499229.0 27221370.0 4515311.0 65199.0 65307.0 33118.0 13209.0 63336.0 172.0 16.0 159.0 12.0 164.0 0.0 0.0 0.0 0.0 0.0 0.0 0.0 0.0
46416.0 486453.0 204.0 5088977.0 1696675.0 1551.0 6391.0 9.0 0.0 53167373.0 26579100.0 4435124.0 66440.0 66485.0 33072.0 12603.0 64265.0 177.0 20.0 191.0 15.0 132.0 1.0 0.0 0.0 0.0 0.0 0.0 0.0 0.0
46080.0 480518.0 183.0 5007489.0 1671722.0 1478.0 5790.0 4.0 0.0 52119214.0 26111849.0 4369168.0 61045.0 60435.0 30547.0 12338.0 61823.0 78.0 8.0 81.0 15.0 118.0 0.0 0.0 0.0 0.0 0.0 0.0 0.0 0.0
46417.0 486217.0 182.0 5086118.0 1692768.0 1557.0 5586.0 2.0 0.0 53137613.0 26522702.0 4405194.0 57063.0 58130.0 28311.0 12524.0 64820.0 33.0 14.0 43.0 14.0 152.0 0.0 0.0 0.0 0.0 0.0 0.0 0.0 0.0
46470.0 488764.0 207.0 5133238.0 1713657.0 1515.0 6467.0 8.0 0.0 53832724.0 26950257.0 4506101.0 67532.0 67900.0 33650.0 13102.0 63543.0 176.0 21.0 166.0 14.0 156.0 0.0 0.0 0.0 0.0 0.0 0.0 0.0 0.0
46416.0 487585.0 167.0 5115045.0 1707564.0 1436.0 5332.0 1.0 0.0 53585285.0 26830936.5 4485989.0 56840.0 56027.0 28297.0 12799.0 59946.0 22.0 12.0 15.0 12.0 108.0 0.0 0.0 0.0 0.0 0.0 0.0 0.0 0.0
46452.0 489263.0 187.0 5141897.0 1719712.0 1487.0 5981.0 4.0 0.0 53957260.0 27047351.0 4532640.0 63060.0 62784.0 31845.0 12935.0 62996.0 86.0 20.0 80.0 14.0 154.0 0.0 0.0 0.0 0.0 0.0 0.0 0.0 0.0
46355.0 484308.0 189.0 5050832.0 1677012.0 1486.0 5862.0 4.0 0.0 52606728.0 26181373.0 4324360.0 60450.0 60816.0 29888.0 12338.0 61804.0 81.0 21.0 73.0 14.0 164.0 0.0 0.0 0.0 0.0 0.0 0.0 0.0 0.0
46088.0 480677.0 179.0 5004693.0 1670825.0 1543.0 5700.0 0.0 0.0 52036967.0 26042331.0 4355987.0 60817.0 58802.0 30439.0 12258.0 64107.0 0.0 17.0 0.0 8.0 138.0 0.0 0.0 0.0 0.0 0.0 0.0 0.0 0.0
45755.0 473821.0 191.0 4901095.0 1637416.0 1458.0 5967.0 3.0 0.0 50627085.0 25376343.5 4254023.0 62063.0 61553.0 31124.0 11799.0 60612.0 66.0 17.0 64.0 17.0 154.0 0.0 0.0 0.0 0.0 0.0 0.0 0.0 0.0
46270.0 485141.0 153.0 5079058.0 1698892.0 1586.0 4759.0 2.0 0.0 53099414.0 26640002.5 4474078.0 48880.0 49345.0 24462.0 12677.0 67036.0 52.0 13.0 41.0 13.0 126.0 0.0 0.0 0.0 0.0 0.0 0.0 0.0 0.0
46239.0 482095.0 193.0 5020042.0 1669530.0 1449.0 5995.0 4.0 0.0 52213485.0 26046167.5 4327144.0 62061.0 62516.0 30768.0 12258.0 59678.0 82.0 23.0 88.0 12.0 136.0 0.0 0.0 0.0 0.0 0.0 0.0 0.0 0.0
46255.0 482677.0 191.0 5029943.0 1675013.0 1473.0 5878.0 1.0 0.0 52353642.0 26149886.5 4354989.0 60150.0 60909.0 30213.0 12336.0 61165.0 22.0 16.0 23.0 16.0 168.0 0.0 0.0 0.0 0.0 0.0 0.0 0.0 0.0
46080.0 480176.0 198.0 4996455.0 1663188.0 1546.0 6168.0 3.0 0.0 51939081.0 25918710.0 4300996.0 64171.0 64403.0 31611.0 12390.0 63971.0 76.0 24.0 74.0 12.0 186.0 0.0 0.0 0.0 0.0 0.0 0.0 0.0 0.0
46566.0 490348.0 211.0 5156946.0 1719378.0 1589.0 6801.0 5.0 0.0 54164573.0 27090015.0 4514629.0 73162.0 71716.0 36384.0 12816.0 66650.0 93.0 18.0 103.0 13.0 174.0 0.0 0.0 0.0 0.0 0.0 0.0 0.0 0.0
46358.0 485019.0 177.0 5073652.0 1687553.0 1531.0 5469.0 3.0 0.0 53008601.0 26477152.0 4392645.0 56283.0 57224.0 27756.0 12717.0 63638.0 61.0 17.0 61.0 10.0 178.0 0.0 0.0 1.0 0.0 0.0 0.0 0.0 0.0
46524.0 488707.0 185.0 5129954.0 1707128.0 1488.0 5756.0 3.0 0.0 53768591.0 26860199.0 4460840.0 59481.0 60593.0 29634.0 12764.0 62143.0 71.0 20.0 62.0 15.0 130.0 0.0 0.0 0.0 0.0 0.0 0.0 0.0 0.0
46557.0 489477.0 186.0 5138919.0 1710377.0 1615.0 5856.0 3.0 0.0 53890452.0 26893525.0 4466685.0 61309.0 60911.0 30639.0 12801.0 67770.0 65.0 12.0 67.0 13.0 160.0 0.0 0.0 0.0 0.0 0.0 0.0 0.0 0.0
46152.0 481412.0 201.0 5010901.0 1670481.0 1499.0 6275.0 0.0 0.0 52092613.0 26029135.0 4333361.0 65247.0 65343.0 32587.0 12377.0 62308.0 0.0 25.0 0.0 9.0 172.0 0.0 0.0 0.0 0.0 0.0 0.0 0.0 0.0
46298.0 484064.0 189.0 5054454.0 1682920.0 1509.0 5870.0 2.0 0.0 52704160.0 26323348.5 4377302.0 61002.0 61115.0 30266.0 12461.0 62763.0 37.0 22.0 39.0 13.0 130.0 0.0 0.0 0.0 0.0 0.0 0.0 0.0 0.0
46026.0 479128.0 201.0 4985528.0 1661448.0 1492.0 6319.0 4.0 0.0 51803696.0 25921276.5 4319047.0 66173.0 65666.0 32806.0 12369.0 62410.0 93.0 27.0 107.0 10.0 162.0 0.0 0.0 0.0 0.0 0.0 0.0 0.0 0.0
46567.0 490355.0 204.0 5154971.0 1720935.0 1572.0 6400.0 2.0 0.0 54125319.0 27094559.0 4534269.0 66788.0 67142.0 33454.0 12841.0 66004.0 32.0 24.0 36.0 20.0 166.0 0.0 0.0 0.0 0.0 0.0 0.0 0.0 0.0
46489.0 488509.0 185.0 5126653.0 1708332.0 1451.0 5734.0 4.0 0.0 53726811.0 26862410.0 4475696.0 59120.0 60321.0 29438.0 12808.0 60536.0 92.0 26.0 67.0 10.0 138.0 0.0 0.0 0.0 0.0 0.0 0.0 0.0 0.0
46034.0 479410.0 182.0 4985439.0 1662651.0 1522.0 5669.0 1.0 0.0 51768636.0 25897040.0 4320196.0 58815.0 59160.0 29338.0 12461.0 63444.0 23.0 12.0 17.0 17.0 96.0 0.0 0.0 0.0 0.0 0.0 0.0 0.0 0.0
46572.0 490097.0 182.0 5151487.0 1715409.0 1514.0 5731.0 5.0 0.0 54070977.0 27014517.5 4490537.0 59910.0 59966.0 29986.0 12791.0 63681.0 90.0 14.0 114.0 11.0 156.0 0.0 0.0 0.0 0.0 0.0 0.0 0.0 0.0
46636.0 492249.0 167.0 5190174.0 1731794.0 1555.0 5280.0 2.0 0.0 54650205.0 27362068.5 4569252.0 55841.0 55758.0 27728.0 13273.0 65462.0 46.0 14.0 42.0 11.0 116.0 0.0 0.0 0.0 0.0 0.0 0.0 0.0 0.0
46563.0 489489.0 199.0 5138386.0 1708708.0 1610.0 6317.0 4.0 0.0 53864879.0 26870159.0 4450634.0 66376.0 65919.0 33390.0 12813.0 66720.0 88.0 24.0 82.0 19.0 178.0 0.0 0.0 0.0 0.0 0.0 0.0 0.0 0.0
46076.0 480749.0 177.0 5010833.0 1672520.0 1457.0 5476.0 2.0 0.0 52149624.0 26116564.5 4365459.0 56250.0 57163.0 28198.0 12389.0 61100.0 37.0 12.0 51.0 12.0 120.0 0.0 0.0 0.0 0.0 0.0 0.0 0.0 0.0
46494.0 488709.0 217.0 5130642.0 1709793.0 1520.0 6897.0 1.0 0.0 53795442.0 26890431.5 4475298.0 72984.0 71609.0 36386.0 12677.0 63758.0 25.0 26.0 16.0 11.0 136.0 0.0 0.0 0.0 0.0 0.0 0.0 0.0 0.0
46583.0 490426.0 184.0 5156487.0 1717699.0 1475.0 5788.0 3.0 0.0 54140699.0 27057602.0 4500627.0 60621.0 60747.0 30054.0 12930.0 61653.0 75.0 14.0 53.0 14.0 134.0 0.0 0.0 0.0 0.0 0.0 0.0 0.0 0.0
45633.0 471025.0 209.0 4856790.0 1617619.0 1409.0 6493.0 7.0 0.0 50005267.0 25001494.5 4153871.0 66862.0 66891.0 33378.0 11663.0 58123.0 131.0 20.0 154.0 10.0 140.0 0.0 0.0 0.0 0.0 0.0 0.0 0.0 0.0
46418.0 486332.0 199.0 5090517.0 1693222.0 1486.0 6200.0 3.0 0.0 53215035.0 26561375.0 4405992.0 64707.0 64851.0 32118.0 12618.0 62387.0 53.0 21.0 59.0 14.0 166.0 0.0 0.0 0.0 0.0 0.0 0.0 0.0 0.0
46631.0 492033.0 240.0 5182684.0 1730112.0 1561.0 7580.0 2.0 0.0 54522641.0 27285664.0 4561338.0 79595.0 79718.0 40070.0 12959.0 65561.0 63.0 26.0 51.0 10.0 182.0 0.0 0.0 0.0 0.0 0.0 0.0 0.0 0.0
46485.0 488921.0 196.0 5138495.0 1710875.0 1533.0 6073.0 4.0 0.0 53943591.0 26956758.5 4475610.0 62480.0 63464.0 31246.0 12942.0 64004.0 81.0 13.0 90.0 10.0 138.0 0.0 0.0 0.0 0.0 0.0 0.0 0.0 0.0
46438.0 488476.0 208.0 5133088.0 1712017.0 1516.0 6601.0 2.0 0.0 53866896.0 26963928.5 4493449.0 70038.0 69300.0 34731.0 12755.0 63811.0 36.0 22.0 27.0 11.0 166.0 0.0 0.0 0.0 0.0 0.0 0.0 0.0 0.0
46062.0 480229.0 179.0 4997060.0 1668029.0 1469.0 5605.0 5.0 0.0 51930038.0 25987123.0 4340685.0 58428.0 57898.0 29265.0 12374.0 61193.0 115.0 12.0 96.0 13.0 134.0 0.0 0.0 0.0 0.0 0.0 0.0 0.0 0.0
46231.0 482650.0 166.0 5032604.0 1675473.0 1567.0 5183.0 5.0 0.0 52408073.0 26175452.0 4350415.0 53900.0 53581.0 26602.0 12253.0 65066.0 100.0 16.0 103.0 15.0 126.0 0.0 0.0 1.0 0.0 0.0 0.0 0.0 0.0
46470.0 487935.0 190.0 5113600.0 1703412.0 1524.0 5923.0 5.0 0.0 53522368.0 26727738.5 4445968.0 61363.0 61735.0 30918.0 12749.0 63555.0 96.0 14.0 108.0 9.0 146.0 0.0 0.0 0.0 0.0 0.0 0.0 0.0 0.0
46191.0 481319.0 185.0 5008871.0 1664901.0 1501.0 5789.0 4.0 0.0 52059925.0 25956010.0 4296522.0 60127.0 60115.0 30072.0 12169.0 62503.0 82.0 14.0 85.0 12.0 122.0 0.0 0.0 0.0 0.0 0.0 0.0 0.0 0.0
46042.0 479198.0 201.0 4978939.0 1659368.0 1492.0 6236.0 5.0 0.0 51671822.0 25818118.0 4301887.0 64427.0 64953.0 32109.0 12437.0 62019.0 92.0 15.0 109.0 10.0 178.0 0.0 0.0 0.0 0.0 0.0 0.0 0.0 0.0
46494.0 488590.0 199.0 5126652.0 1707719.0 1506.0 6184.0 3.0 0.0 53725882.0 26837405.5 4464617.0 64422.0 64919.0 32015.0 12629.0 62977.0 59.0 16.0 62.0 19.0 148.0 0.0 0.0 0.0 0.0 0.0 0.0 0.0 0.0
46525.0 489174.0 208.0 5138777.0 1712840.0 1479.0 6399.0 4.0 0.0 53905824.0 26968403.0 4496819.0 66130.0 67287.0 32820.0 13024.0 61833.0 78.0 26.0 91.0 13.0 154.0 0.0 0.0 0.0 0.0 0.0 0.0 0.0 0.0
46424.0 487230.0 176.0 5111031.0 1701096.0 1520.0 5509.0 3.0 0.0 53553361.0 26755717.0 4443341.0 56976.0 58208.0 28793.0 12911.0 63818.0 58.0 12.0 61.0 8.0 156.0 0.0 0.0 0.0 0.0 0.0 0.0 0.0 0.0
46526.0 490412.0 191.0 5162554.0 1724124.0 1480.0 6117.0 6.0 0.0 54261332.0 27188465.5 4546531.0 65133.0 63688.0 32871.0 12942.0 62555.0 143.0 19.0 140.0 16.0 194.0 0.0 0.0 0.0 0.0 0.0 0.0 0.0 0.0
46157.0 482739.0 216.0 5038878.0 1681745.0 1472.0 6776.0 4.0 0.0 52528099.0 26284033.0 4383151.0 70635.0 70638.0 35637.0 12233.0 61461.0 80.0 27.0 92.0 13.0 184.0 0.0 0.0 0.0 0.0 0.0 0.0 0.0 0.0
45888.0 477482.0 175.0 4959046.0 1657212.0 1405.0 5384.0 6.0 0.0 51425638.0 25765859.0 4316605.0 55045.0 55888.0 27670.0 12465.0 58131.0 128.0 19.0 108.0 10.0 134.0 0.0 0.0 0.0 0.0 0.0 0.0 0.0 0.0
46446.0 487929.0 199.0 5115154.0 1709234.0 1536.0 6274.0 9.0 0.0 53555165.0 26818438.0 4495119.0 65387.0 65502.0 33074.0 12831.0 64838.0 182.0 21.0 173.0 14.0 158.0 0.0 0.0 0.0 1.0 0.0 0.0 0.0 0.0
46450.0 488541.0 181.0 5132146.0 1714284.0 1517.0 5736.0 4.0 0.0 53846689.0 26984541.0 4515805.0 60556.0 60554.0 30647.0 12819.0 63738.0 79.0 13.0 65.0 11.0 128.0 0.0 0.0 0.0 0.0 0.0 0.0 0.0 0.0
46048.0 478959.0 193.0 4975458.0 1656314.0 1482.0 6019.0 7.0 0.0 51617367.0 25770345.0 4281722.0 62369.0 62175.0 31326.0 12163.0 61489.0 129.0 15.0 147.0 8.0 158.0 0.0 0.0 0.0 0.0 0.0 0.0 0.0 0.0
45849.0 475067.0 184.0 4915573.0 1637754.0 1448.0 5733.0 4.0 0.0 50793350.0 25377881.0 4223768.0 59581.0 59120.0 29788.0 11911.0 59659.0 77.0 16.0 64.0 10.0 138.0 0.0 0.0 0.0 0.0 0.0 0.0 0.0 0.0
46363.0 485563.0 185.0 5078811.0 1689354.0 1522.0 5872.0 0.0 0.0 53067818.0 26470807.5 4386549.0 62137.0 61644.0 31279.0 12432.0 63739.0 0.0 15.0 0.0 12.0 172.0 0.0 0.0 0.0 0.0 0.0 0.0 0.0 0.0
46454.0 487158.0 206.0 5098611.0 1697411.0 1483.0 6407.0 5.0 0.0 53281906.0 26600213.5 4415470.0 66212.0 67073.0 32986.0 12587.0 61894.0 105.0 24.0 89.0 13.0 132.0 0.0 0.0 0.0 0.0 0.0 0.0 0.0 0.0
46367.0 485786.0 159.0 5087354.0 1693315.0 1505.0 5098.0 1.0 0.0 53208275.0 26588592.0 4418968.0 54828.0 53222.0 27031.0 12676.0 62520.0 21.0 22.0 19.0 10.0 102.0 0.0 0.0 0.0 0.0 0.0 0.0 0.0 0.0
46298.0 483427.0 194.0 5043058.0 1677571.0 1485.0 5990.0 3.0 0.0 52530415.0 26220790.5 4359193.0 61360.0 62055.0 30887.0 12437.0 61555.0 50.0 24.0 61.0 17.0 126.0 0.0 0.0 0.0 0.0 0.0 0.0 0.0 0.0
46203.0 481782.0 211.0 5017109.0 1672586.0 1437.0 6552.0 7.0 0.0 52181550.0 26096912.5 4360780.0 67844.0 68183.0 34046.0 12219.0 60189.0 140.0 18.0 149.0 9.0 170.0 0.0 0.0 0.0 0.0 0.0 0.0 0.0 0.0
45845.0 473780.0 179.0 4890616.0 1625766.0 1490.0 5563.0 3.0 0.0 50423966.0 25144464.5 4170532.0 57152.0 57509.0 28901.0 11927.0 61415.0 63.0 11.0 71.0 11.0 116.0 0.0 0.0 0.0 0.0 0.0 0.0 0.0 0.0
46397.0 485260.0 168.0 5067272.0 1684874.0 1528.0 5315.0 5.0 0.0 52838375.0 26347841.0 4368859.0 55865.0 55513.0 27803.0 12498.0 63483.0 117.0 14.0 115.0 15.0 126.0 0.0 0.0 0.0 1.0 0.0 0.0 0.0 0.0
46305.0 484931.0 183.0 5075027.0 1691416.0 1522.0 5741.0 3.0 0.0 53049334.0 26536201.0 4421412.0 60179.0 60223.0 29751.0 12745.0 63336.0 63.0 18.0 64.0 17.0 146.0 0.0 0.0 0.0 0.0 0.0 0.0 0.0 0.0
46052.0 479612.0 179.0 4988503.0 1665843.0 1484.0 5583.0 2.0 0.0 51814166.0 25953723.0 4347464.0 57927.0 58353.0 28533.0 12405.0 61312.0 37.0 13.0 44.0 13.0 136.0 0.0 0.0 0.0 0.0 0.0 0.0 0.0 0.0
46353.0 485457.0 202.0 5075718.0 1691930.0 1473.0 6314.0 1.0 0.0 52998388.0 26490558.5 4416017.0 65513.0 65593.0 32728.0 12547.0 61623.0 20.0 23.0 14.0 9.0 150.0 0.0 0.0 0.0 0.0 0.0 0.0 0.0 0.0
46050.0 479553.0 205.0 4987673.0 1663296.0 1448.0 6350.0 6.0 0.0 51802684.0 25914006.5 4324963.0 66050.0 65549.0 32930.0 11918.0 59913.0 122.0 21.0 148.0 16.0 148.0 0.0 0.0 0.0 0.0 0.0 0.0 0.0 0.0
45998.0 477937.0 184.0 4959545.0 1651740.0 1436.0 5611.0 1.0 0.0 51385785.0 25681649.0 4271916.0 57230.0 58238.0 28579.0 12033.0 59696.0 22.0 20.0 31.0 9.0 132.0 0.0 0.0 0.0 0.0 0.0 0.0 0.0 0.0
46082.0 479841.0 186.0 4992832.0 1661400.0 1455.0 5864.0 5.0 0.0 51891656.0 25915932.0 4301497.0 61498.0 60689.0 30229.0 12316.0 59978.0 92.0 22.0 115.0 13.0 142.0 0.0 0.0 0.0 0.0 0.0 0.0 0.0 0.0
46381.0 485157.0 200.0 5065188.0 1686902.0 1521.0 6272.0 3.0 0.0 52813342.0 26365910.0 4385497.0 65280.0 65146.0 32581.0 12567.0 62994.0 51.0 18.0 65.0 15.0 140.0 0.0 0.0 0.0 0.0 0.0 0.0 0.0 0.0
46330.0 486019.0 186.0 5090116.0 1697968.0 1497.0 5957.0 4.0 0.0 53239879.0 26628134.0 4440552.0 63368.0 62551.0 31819.0 12692.0 62905.0 81.0 15.0 89.0 13.0 176.0 0.0 0.0 0.0 0.0 0.0 0.0 0.0 0.0
45982.0 476981.0 180.0 4943830.0 1645166.0 1520.0 5569.0 3.0 0.0 51168554.0 25558888.0 4247719.0 57537.0 57956.0 28584.0 11999.0 62711.0 59.0 16.0 57.0 15.0 136.0 0.0 0.0 0.0 0.0 0.0 0.0 0.0 0.0
46138.0 480419.0 183.0 4995659.0 1660458.0 1465.0 5655.0 6.0 0.0 51870181.0 25863685.5 4279315.0 58222.0 58505.0 28842.0 12322.0 60282.0 118.0 15.0 120.0 11.0 144.0 0.0 0.0 0.0 0.0 0.0 0.0 0.0 0.0
46144.0 481410.0 171.0 5017947.0 1675604.0 1468.0 5308.0 6.0 0.0 52236171.0 26171150.0 4388972.0 55132.0 55432.0 27748.0 12381.0 60820.0 107.0 11.0 121.0 16.0 112.0 0.0 0.0 0.0 0.0 0.0 0.0 0.0 0.0
46532.0 488253.0 198.0 5114421.0 1700025.0 1494.0 6155.0 4.0 0.0 53511292.0 26661305.5 4417188.0 63516.0 65078.0 31581.0 12699.0 61873.0 81.0 12.0 84.0 13.0 148.0 0.0 0.0 1.0 0.0 0.0 0.0 0.0 0.0
46826.0 495727.0 200.0 5239059.0 1749921.0 1559.0 6346.0 4.0 0.0 55298710.0 27696948.5 4643526.0 67349.0 66939.0 33578.0 13315.0 65577.0 79.0 19.0 78.0 7.0 138.0 0.0 0.0 0.0 0.0 0.0 0.0 0.0 0.0
46199.0 482182.0 207.0 5025961.0 1672590.0 1503.0 6540.0 2.0 0.0 52314323.0 26115859.5 4333644.0 68343.0 68129.0 34254.0 12154.0 62783.0 36.0 25.0 29.0 13.0 178.0 0.0 0.0 0.0 0.0 0.0 0.0 0.0 0.0
46431.0 488388.0 214.0 5131422.0 1712822.0 1517.0 6682.0 5.0 0.0 53833321.0 26964294.5 4502091.0 69520.0 69974.0 34677.0 12856.0 64179.0 84.0 23.0 102.0 8.0 130.0 0.0 0.0 0.0 0.0 0.0 0.0 0.0 0.0
46290.0 483234.0 198.0 5038876.0 1676045.0 1501.0 6201.0 3.0 0.0 52478518.0 26181784.5 4346143.0 64873.0 64630.0 32155.0 12277.0 61980.0 50.0 24.0 47.0 5.0 134.0 0.0 0.0 0.0 0.0 0.0 0.0 0.0 0.0
46128.0 481261.0 183.0 5011315.0 1672192.0 1474.0 5651.0 3.0 0.0 52109096.0 26067491.0 4351514.0 57452.0 58926.0 29110.0 12571.0 61299.0 65.0 18.0 64.0 8.0 118.0 0.0 0.0 0.0 0.0 0.0 0.0 0.0 0.0
46188.0 482668.0 187.0 5035513.0 1680146.0 1425.0 5971.0 2.0 0.0 52463235.0 26246711.0 4380194.0 63376.0 62572.0 31820.0 12633.0 59146.0 54.0 18.0 41.0 11.0 142.0 0.0 0.0 0.0 0.0 0.0 0.0 0.0 0.0
46237.0 483505.0 202.0 5047510.0 1683129.0 1493.0 6297.0 4.0 0.0 52625419.0 26307802.0 4384347.0 65669.0 65564.0 33097.0 12323.0 61995.0 82.0 17.0 81.0 11.0 178.0 0.0 0.0 0.0 0.0 0.0 0.0 0.0 0.0
45904.0 476421.0 207.0 4938005.0 1646072.0 1409.0 6449.0 4.0 0.0 51114276.0 25559242.0 4256205.0 67175.0 66863.0 33115.0 11785.0 58243.0 80.0 19.0 75.0 8.0 138.0 0.0 0.0 0.0 1.0 0.0 0.0 0.0 0.0
45881.0 475718.0 194.0 4925187.0 1640460.0 1406.0 5960.0 3.0 0.0 50927806.0 25437499.0 4227875.0 60691.0 61441.0 30278.0 11976.0 58170.0 59.0 16.0 53.0 6.0 156.0 0.0 0.0 0.0 0.0 0.0 0.0 0.0 0.0
46322.0 485222.0 213.0 5075269.0 1693262.0 1479.0 6843.0 7.0 0.0 53023922.0 26525425.0 4432878.0 73100.0 71532.0 36456.0 12553.0 61774.0 144.0 34.0 150.0 12.0 148.0 0.0 0.0 0.0 0.0 0.0 0.0 0.0 0.0
46225.0 481974.0 182.0 5017584.0 1669149.0 1434.0 5750.0 7.0 0.0 52175189.0 26027883.0 4320053.0 60428.0 59800.0 30194.0 12487.0 59605.0 147.0 24.0 154.0 6.0 122.0 0.0 0.0 0.0 0.0 0.0 0.0 0.0 0.0
46700.0 493507.0 203.0 5205750.0 1740455.0 1581.0 6447.0 6.0 0.0 54848054.0 27485593.5 4615555.0 68291.0 68145.0 34547.0 13244.0 66934.0 121.0 23.0 147.0 14.0 148.0 0.0 0.0 1.0 0.0 0.0 0.0 0.0 0.0
46331.0 485044.0 183.0 5068050.0 1689827.0 1425.0 5634.0 4.0 0.0 52882798.0 26429506.5 4406043.0 57524.0 58262.0 28647.0 12748.0 59639.0 95.0 25.0 71.0 7.0 148.0 0.0 0.0 0.0 0.0 0.0 0.0 0.0 0.0
46272.0 484143.0 200.0 5057534.0 1686448.0 1531.0 6342.0 0.0 0.0 52759534.0 26379594.5 4400908.0 67073.0 66030.0 33501.0 12411.0 63744.0 0.0 23.0 0.0 17.0 138.0 0.0 0.0 0.0 0.0 0.0 0.0 0.0 0.0
46233.0 483999.0 189.0 5057084.0 1689605.0 1425.0 5992.0 0.0 0.0 52755375.0 26426718.0 4426437.0 63203.0 62336.0 31145.0 12541.0 59387.0 0.0 15.0 0.0 14.0 120.0 0.0 0.0 0.0 0.0 0.0 0.0 0.0 0.0
46303.0 485412.0 195.0 5078930.0 1695163.0 1498.0 6238.0 5.0 0.0 53075745.0 26549606.5 4433248.0 66095.0 65144.0 33065.0 12434.0 62543.0 114.0 16.0 131.0 19.0 156.0 0.0 0.0 0.0 0.0 0.0 0.0 0.0 0.0
46197.0 481268.0 232.0 5007600.0 1666801.0 1475.0 7245.0 7.0 0.0 52034137.0 25987022.0 4320916.0 75299.0 75176.0 37576.0 12184.0 61236.0 137.0 27.0 150.0 9.0 174.0 0.0 0.0 0.0 0.0 0.0 0.0 0.0 0.0
46422.0 487439.0 192.0 5110497.0 1704805.0 1517.0 6229.0 4.0 0.0 53511256.0 26770612.0 4470694.0 67258.0 64580.0 33565.0 12872.0 63203.0 94.0 32.0 85.0 11.0 130.0 0.0 0.0 0.0 0.0 0.0 0.0 0.0 0.0
46186.0 482447.0 205.0 5032684.0 1677485.0 1537.0 6426.0 2.0 0.0 52439923.0 26217655.5 4363679.0 66784.0 66889.0 33287.0 12659.0 64140.0 51.0 21.0 35.0 11.0 160.0 0.0 0.0 0.0 0.0 0.0 0.0 0.0 0.0
46326.0 485132.0 188.0 5073891.0 1692689.0 1493.0 5917.0 3.0 0.0 52999665.0 26522768.0 4431800.0 62126.0 61379.0 31391.0 12586.0 62490.0 64.0 18.0 64.0 15.0 156.0 0.0 0.0 0.0 0.0 0.0 0.0 0.0 0.0
46070.0 478927.0 199.0 4972290.0 1654196.0 1419.0 6311.0 2.0 0.0 51559626.0 25730014.5 4271813.0 66620.0 65092.0 33188.0 12250.0 59244.0 39.0 19.0 44.0 11.0 138.0 0.0 0.0 0.0 0.0 0.0 0.0 0.0 0.0
46708.0 493193.0 191.0 5196188.0 1731838.0 1532.0 6097.0 1.0 0.0 54670408.0 27311047.5 4546597.0 64545.0 64768.0 32292.0 13053.0 63949.0 22.0 23.0 17.0 12.0 178.0 0.0 0.0 0.0 0.0 0.0 0.0 0.0 0.0
45964.0 478531.0 178.0 4975452.0 1660993.0 1491.0 5573.0 6.0 0.0 51663456.0 25868198.0 4324164.0 57847.0 57645.0 29284.0 12197.0 62605.0 140.0 14.0 135.0 9.0 134.0 0.0 0.0 0.0 0.0 0.0 0.0 0.0 0.0
46372.0 486281.0 215.0 5096285.0 1698774.0 1574.0 6675.0 3.0 0.0 53337789.0 26694235.5 4447734.0 69170.0 69941.0 34614.0 12703.0 65766.0 69.0 22.0 59.0 22.0 174.0 0.0 0.0 0.0 0.0 0.0 0.0 0.0 0.0
46276.0 484854.0 192.0 5075775.0 1696026.0 1509.0 6062.0 2.0 0.0 53060163.0 26605972.0 4460681.0 64162.0 63062.0 32006.0 12651.0 63505.0 40.0 19.0 34.0 13.0 162.0 0.0 0.0 0.0 0.0 0.0 0.0 0.0 0.0
46070.0 479816.0 187.0 4988020.0 1663645.0 1473.0 5724.0 2.0 0.0 51786500.0 25888902.0 4325488.0 58335.0 59376.0 29008.0 12268.0 61216.0 41.0 23.0 41.0 12.0 136.0 0.0 0.0 0.0 0.0 0.0 0.0 0.0 0.0
46418.0 486262.0 200.0 5086931.0 1694351.0 1499.0 6190.0 1.0 0.0 53134526.0 26551103.5 4422839.0 63601.0 64258.0 31981.0 12477.0 62216.0 23.0 31.0 17.0 16.0 154.0 0.0 0.0 0.0 0.0 0.0 0.0 0.0 0.0
46513.0 489238.0 212.0 5141637.0 1716461.0 1551.0 6679.0 4.0 0.0 53956760.0 27044774.0 4526981.0 70391.0 70673.0 35286.0 12982.0 65709.0 80.0 19.0 88.0 17.0 176.0 0.0 0.0 0.0 0.0 0.0 0.0 0.0 0.0
46657.0 492116.0 195.0 5186569.0 1726477.0 1505.0 6109.0 5.0 0.0 54587333.0 27272553.0 4526857.0 63607.0 64476.0 31715.0 13330.0 63881.0 120.0 8.0 99.0 13.0 140.0 0.0 0.0 0.0 0.0 0.0 0.0 0.0 0.0
46296.0 484217.0 197.0 5058199.0 1686034.0 1510.0 6269.0 6.0 0.0 52763250.0 26389022.5 4394912.0 66209.0 65427.0 32915.0 12505.0 63269.0 127.0 22.0 118.0 15.0 162.0 0.0 0.0 0.0 0.0 0.0 0.0 0.0 0.0
46455.0 487499.0 188.0 5109547.0 1701053.0 1540.0 5870.0 4.0 0.0 53487458.0 26702149.5 4436099.0 60978.0 61593.0 30564.0 12673.0 64408.0 63.0 21.0 65.0 16.0 150.0 1.0 0.0 0.0 0.0 0.0 0.0 0.0 0.0
46496.0 487995.0 183.0 5115138.0 1700989.0 1541.0 5850.0 2.0 0.0 53533402.0 26708116.0 4426388.0 62171.0 60994.0 31101.0 12844.0 64608.0 39.0 24.0 42.0 16.0 142.0 0.0 0.0 0.0 0.0 0.0 0.0 0.0 0.0
46481.0 487868.0 202.0 5114472.0 1700587.0 1485.0 6405.0 6.0 0.0 53543360.0 26707662.0 4424403.0 67863.0 66737.0 34048.0 12703.0 61727.0 118.0 22.0 114.0 11.0 170.0 0.0 0.0 0.0 0.0 0.0 0.0 0.0 0.0
46277.0 484022.0 192.0 5053604.0 1686483.0 1509.0 6139.0 4.0 0.0 52689587.0 26360376.5 4408531.0 65504.0 64244.0 32889.0 12497.0 63147.0 79.0 21.0 78.0 9.0 162.0 0.0 0.0 0.0 0.0 0.0 0.0 0.0 0.0
46346.0 486740.0 197.0 5106776.0 1707611.0 1576.0 6166.0 3.0 0.0 53503583.0 26845586.0 4504256.0 63739.0 64461.0 32080.0 12657.0 66470.0 52.0 16.0 55.0 14.0 180.0 0.0 0.0 0.0 1.0 0.0 0.0 0.0 0.0
46507.0 489226.0 200.0 5137656.0 1712799.0 1572.0 6288.0 3.0 0.0 53886278.0 26932915.0 4486042.0 66018.0 65445.0 32894.0 12867.0 65970.0 69.0 18.0 62.0 11.0 162.0 0.0 0.0 0.0 0.0 0.0 0.0 0.0 0.0
46492.0 490053.0 181.0 5158897.0 1723377.0 1591.0 5700.0 2.0 0.0 54241914.0 27185068.5 4545328.0 59943.0 60220.0 29835.0 13011.0 66706.0 50.0 22.0 39.0 22.0 152.0 0.0 0.0 0.0 0.0 0.0 0.0 0.0 0.0
46049.0 478903.0 181.0 4970741.0 1655801.0 1430.0 5526.0 7.0 0.0 51515288.0 25725275.0 4282848.0 56667.0 56828.0 28093.0 11954.0 59109.0 130.0 20.0 143.0 12.0 138.0 0.0 0.0 0.0 0.0 0.0 0.0 0.0 0.0
46045.0 478930.0 196.0 4972846.0 1655408.0 1569.0 6037.0 4.0 0.0 51563770.0 25735611.0 4275665.0 62044.0 62576.0 30854.0 12044.0 64927.0 76.0 20.0 73.0 19.0 158.0 0.0 0.0 0.0 0.0 0.0 0.0 0.0 0.0
46303.0 485036.0 167.0 5076325.0 1691119.0 1498.0 5406.0 0.0 0.0 53062437.0 26522549.5 4410295.0 58123.0 56631.0 29054.0 12721.0 62779.0 0.0 16.0 0.0 11.0 132.0 0.0 0.0 0.0 0.0 0.0 0.0 0.0 0.0
46320.0 484457.0 222.0 5061342.0 1684160.0 1439.0 6829.0 3.0 0.0 52806658.0 26362898.5 4380698.0 69715.0 71418.0 35259.0 12620.0 60457.0 58.0 31.0 54.0 16.0 148.0 0.0 0.0 1.0 0.0 0.0 0.0 0.0 0.0
46174.0 482405.0 202.0 5031182.0 1679419.0 1571.0 6312.0 3.0 0.0 52400384.0 26234276.0 4385099.0 65693.0 65483.0 32878.0 12609.0 65419.0 60.0 24.0 56.0 18.0 148.0 0.0 0.0 0.0 0.0 0.0 0.0 0.0 0.0
46495.0 487534.0 202.0 5102399.0 1697725.0 1576.0 6346.0 3.0 0.0 53321463.0 26600847.0 4420485.0 66271.0 65970.0 33027.0 12636.0 65823.0 60.0 23.0 60.0 18.0 186.0 0.0 0.0 0.0 0.0 0.0 0.0 0.0 0.0
46421.0 487743.0 193.0 5116900.0 1709900.0 1568.0 6254.0 7.0 0.0 53598316.0 26865279.5 4504119.0 66815.0 65470.0 34020.0 12644.0 65481.0 160.0 17.0 147.0 17.0 150.0 0.0 0.0 2.0 0.0 0.0 0.0 0.0 0.0
46055.0 479806.0 205.0 4995545.0 1665730.0 1486.0 6491.0 4.0 0.0 51949434.0 25999964.0 4340852.0 68747.0 67734.0 34102.0 12389.0 61698.0 80.0 18.0 84.0 17.0 152.0 0.0 0.0 0.0 0.0 0.0 0.0 0.0 0.0
46097.0 480782.0 200.0 5008492.0 1668907.0 1458.0 6272.0 2.0 0.0 52114774.0 26046680.5 4328976.0 65264.0 65621.0 32733.0 12375.0 60552.0 49.0 22.0 38.0 14.0 146.0 0.0 0.0 0.0 0.0 0.0 0.0 0.0 0.0
46455.0 488043.0 190.0 5121688.0 1707421.0 1539.0 5870.0 4.0 0.0 53682131.0 26845931.0 4477259.0 60272.0 61258.0 30406.0 12852.0 64307.0 69.0 17.0 83.0 9.0 154.0 0.0 0.0 0.0 0.0 0.0 0.0 0.0 0.0
46128.0 480518.0 179.0 4995753.0 1666492.0 1508.0 5525.0 3.0 0.0 51870200.0 25937325.0 4333169.0 56645.0 57335.0 28584.0 12090.0 62414.0 57.0 15.0 78.0 22.0 134.0 0.0 0.0 0.0 0.0 0.0 0.0 0.0 0.0
46418.0 486877.0 198.0 5102529.0 1699190.0 1549.0 6208.0 3.0 0.0 53417060.0 26689335.5 4438500.0 64819.0 64889.0 32216.0 12654.0 64602.0 52.0 10.0 50.0 12.0 168.0 0.0 0.0 0.0 0.0 0.0 0.0 0.0 0.0
46058.0 480704.0 205.0 5013457.0 1675199.0 1528.0 6389.0 8.0 0.0 52218873.0 26190375.0 4388141.0 66727.0 66596.0 33349.0 12641.0 63808.0 159.0 23.0 184.0 14.0 146.0 0.0 0.0 0.0 0.0 0.0 0.0 0.0 0.0
46301.0 484038.0 169.0 5051434.0 1681025.0 1481.0 5297.0 2.0 0.0 52642779.0 26265560.5 4361255.0 55230.0 55267.0 27685.0 12449.0 61426.0 46.0 14.0 44.0 16.0 114.0 0.0 0.0 0.0 0.0 0.0 0.0 0.0 0.0
46144.0 480730.0 198.0 5006402.0 1665741.0 1449.0 6215.0 3.0 0.0 52073324.0 26015987.0 4318949.0 64990.0 64876.0 32316.0 12307.0 59559.0 76.0 13.0 63.0 16.0 126.0 0.0 0.0 0.0 0.0 0.0 0.0 0.0 0.0
46254.0 483507.0 187.0 5046472.0 1681105.0 1518.0 5861.0 9.0 0.0 52601843.0 26282238.0 4370234.0 60866.0 60944.0 30806.0 12597.0 63638.0 205.0 25.0 225.0 7.0 150.0 0.0 0.0 1.0 0.0 0.0 0.0 0.0 0.0
46487.0 487321.0 203.0 5103998.0 1695520.0 1551.0 6307.0 5.0 0.0 53386389.0 26615120.0 4398323.0 65070.0 65890.0 32577.0 12547.0 64787.0 94.0 17.0 83.0 10.0 168.0 0.0 0.0 0.0 0.0 0.0 0.0 0.0 0.0
46479.0 487598.0 202.0 5108133.0 1701172.0 1467.0 6328.0 4.0 0.0 53448478.0 26696862.5 4444534.0 65900.0 66015.0 33160.0 12655.0 61296.0 95.0 19.0 112.0 10.0 134.0 0.0 0.0 0.0 0.0 0.0 0.0 0.0 0.0
46540.0 487840.0 225.0 5105651.0 1695217.0 1513.0 6985.0 3.0 0.0 53362446.0 26568049.5 4387785.0 72657.0 72839.0 35934.0 12692.0 63159.0 54.0 18.0 73.0 8.0 174.0 0.0 0.0 0.0 0.0 0.0 0.0 0.0 0.0
46410.0 486624.0 222.0 5096809.0 1696560.0 1524.0 7053.0 4.0 0.0 53310463.0 26621609.0 4422937.0 74779.0 73571.0 36853.0 12575.0 63897.0 77.0 21.0 86.0 12.0 166.0 0.0 0.0 0.0 0.0 0.0 0.0 0.0 0.0
46214.0 482371.0 201.0 5031245.0 1676780.0 1464.0 6261.0 0.0 0.0 52403296.0 26220536.0 4370655.0 64590.0 65359.0 32968.0 12231.0 61345.0 0.0 20.0 0.0 15.0 148.0 0.0 0.0 0.0 0.0 0.0 0.0 0.0 0.0
46383.0 485650.0 188.0 5075592.0 1690835.0 1457.0 5930.0 2.0 0.0 52976497.0 26457749.5 4403762.0 62349.0 61999.0 31356.0 12384.0 61067.0 42.0 28.0 28.0 10.0 144.0 0.0 0.0 0.0 0.0 0.0 0.0 0.0 0.0
46505.0 487896.0 189.0 5114304.0 1698524.0 1441.0 5961.0 2.0 0.0 53539799.0 26686171.0 4411038.0 62829.0 62661.0 31341.0 12787.0 60041.0 30.0 11.0 38.0 8.0 152.0 0.0 0.0 0.0 0.0 0.0 0.0 0.0 0.0
46148.0 481284.0 182.0 5012482.0 1669715.0 1437.0 5711.0 6.0 0.0 52136735.0 26045741.0 4335361.0 59996.0 59274.0 29845.0 12115.0 60077.0 137.0 20.0 122.0 14.0 166.0 0.0 0.0 0.0 0.0 0.0 0.0 0.0 0.0
46431.0 488829.0 198.0 5135724.0 1718382.0 1486.0 6194.0 8.0 0.0 53882808.0 27027386.5 4536509.0 64543.0 65370.0 32373.0 12971.0 62357.0 139.0 19.0 164.0 9.0 154.0 0.0 0.0 0.0 0.0 0.0 0.0 0.0 0.0
46388.0 485891.0 220.0 5084642.0 1690513.0 1479.0 6918.0 2.0 0.0 53143151.0 26507033.5 4389232.0 72743.0 72229.0 36059.0 12398.0 62055.0 44.0 13.0 41.0 11.0 162.0 0.0 0.0 0.0 0.0 0.0 0.0 0.0 0.0
46170.0 483340.0 181.0 5055499.0 1688576.0 1488.0 5581.0 1.0 0.0 52815804.0 26468027.5 4425278.0 57663.0 58032.0 28905.0 12517.0 62357.0 18.0 13.0 14.0 14.0 132.0 0.0 0.0 0.0 0.0 0.0 0.0 0.0 0.0
46172.0 482984.0 177.0 5045402.0 1685209.0 1513.0 5798.0 7.0 0.0 52616004.0 26371160.5 4409976.0 62933.0 60423.0 31681.0 12599.0 63486.0 157.0 15.0 148.0 17.0 162.0 0.0 0.0 0.0 0.0 0.0 0.0 0.0 0.0
46065.0 479797.0 185.0 4989715.0 1665460.0 1426.0 5790.0 2.0 0.0 51819195.0 25943051.5 4340547.0 60368.0 60471.0 29886.0 12438.0 59551.0 47.0 17.0 41.0 6.0 166.0 0.0 0.0 0.0 0.0 0.0 0.0 0.0 0.0
46462.0 488080.0 204.0 5123258.0 1705880.0 1579.0 6411.0 3.0 0.0 53715588.0 26838500.5 4462651.0 67171.0 67244.0 33696.0 12872.0 66126.0 60.0 21.0 72.0 17.0 190.0 0.0 0.0 0.0 0.0 0.0 0.0 0.0 0.0
46723.0 492587.0 177.0 5182007.0 1727149.0 1540.0 5644.0 4.0 0.0 54447766.0 27193061.5 4533414.0 60069.0 59416.0 29775.0 12779.0 64709.0 70.0 21.0 87.0 7.0 132.0 0.0 0.0 0.0 0.0 0.0 0.0 0.0 0.0
46406.0 487364.0 172.0 5110326.0 1706058.0 1557.0 5440.0 2.0 0.0 53510749.0 26789943.0 4480653.0 57710.0 56980.0 28975.0 12667.0 65171.0 56.0 9.0 27.0 14.0 140.0 0.0 0.0 0.0 0.0 0.0 0.0 0.0 0.0
46280.0 483859.0 192.0 5057683.0 1684346.0 1447.0 6058.0 2.0 0.0 52798574.0 26404397.5 4396651.0 63680.0 63482.0 31606.0 12471.0 60353.0 50.0 12.0 47.0 8.0 162.0 0.0 0.0 0.0 0.0 0.0 0.0 0.0 0.0
46180.0 481921.0 181.0 5025720.0 1675728.0 1493.0 5581.0 4.0 0.0 52343731.0 26194991.0 4374172.0 57225.0 58424.0 28915.0 12313.0 62070.0 87.0 22.0 75.0 12.0 150.0 0.0 0.0 1.0 0.0 0.0 0.0 0.0 0.0
46489.0 488635.0 179.0 5132093.0 1710729.0 1539.0 5734.0 4.0 0.0 53819642.0 26937373.0 4485660.0 60920.0 60432.0 30379.0 12911.0 64690.0 92.0 15.0 70.0 12.0 186.0 0.0 0.0 0.0 0.0 0.0 0.0 0.0 0.0
46262.0 483798.0 175.0 5048673.0 1684982.0 1476.0 5551.0 4.0 0.0 52606106.0 26321070.5 4397656.0 58638.0 57806.0 29302.0 12356.0 61752.0 95.0 15.0 83.0 7.0 130.0 0.0 0.0 0.0 1.0 0.0 0.0 0.0 0.0
45960.0 477901.0 188.0 4963192.0 1653252.0 1516.0 5937.0 1.0 0.0 51474597.0 25722721.0 4274059.0 62591.0 61668.0 31107.0 12053.0 62681.0 19.0 24.0 22.0 13.0 150.0 0.0 0.0 0.0 0.0 0.0 0.0 0.0 0.0
46135.0 480592.0 173.0 4998556.0 1666057.0 1439.0 5353.0 4.0 0.0 51913412.0 25949645.5 4325816.0 55202.0 55493.0 27262.0 12377.0 59725.0 76.0 13.0 76.0 12.0 150.0 0.0 0.0 0.0 0.0 0.0 0.0 0.0 0.0
46410.0 487251.0 194.0 5112970.0 1704980.0 1515.0 6113.0 1.0 0.0 53573487.0 26830008.0 4481064.0 64087.0 64396.0 32183.0 12983.0 63564.0 27.0 16.0 18.0 19.0 132.0 0.0 0.0 0.0 0.0 0.0 0.0 0.0 0.0
46068.0 480134.0 196.0 4994748.0 1668657.0 1408.0 6196.0 2.0 0.0 51887497.0 25988501.0 4350586.0 65515.0 63859.0 32746.0 12308.0 58561.0 43.0 21.0 41.0 6.0 134.0 0.0 0.0 0.0 0.0 0.0 0.0 0.0 0.0
45992.0 478885.0 199.0 4981194.0 1661144.0 1436.0 6260.0 6.0 0.0 51756367.0 25890197.0 4313252.0 65580.0 65256.0 32892.0 12323.0 59518.0 129.0 22.0 139.0 10.0 148.0 0.0 0.0 0.0 0.0 0.0 0.0 0.0 0.0
46388.0 486829.0 190.0 5102154.0 1702644.0 1524.0 5994.0 4.0 0.0 53402667.0 26730828.0 4462352.0 62851.0 62566.0 31528.0 12786.0 64298.0 85.0 19.0 89.0 11.0 130.0 0.0 0.0 0.0 0.0 0.0 0.0 0.0 0.0
46439.0 487041.0 200.0 5101727.0 1698082.0 1548.0 6389.0 4.0 0.0 53367462.0 26645955.0 4425056.0 67921.0 66616.0 34193.0 12518.0 64724.0 63.0 22.0 83.0 15.0 158.0 0.0 0.0 0.0 0.0 0.0 0.0 0.0 0.0
46259.0 483671.0 203.0 5050652.0 1683729.0 1486.0 6268.0 6.0 0.0 52684485.0 26339413.5 4387040.0 65039.0 65756.0 32121.0 12558.0 61995.0 115.0 25.0 116.0 15.0 132.0 0.0 0.0 1.0 0.0 0.0 0.0 0.0 0.0
46106.0 479969.0 198.0 4986871.0 1661682.0 1472.0 6333.0 4.0 0.0 51739013.0 25846305.5 4307481.0 67552.0 65727.0 33481.0 12138.0 61254.0 85.0 27.0 71.0 15.0 164.0 0.0 0.0 0.0 0.0 0.0 0.0 0.0 0.0
46107.0 480519.0 192.0 5003397.0 1665703.0 1486.0 6019.0 2.0 0.0 52041215.0 25993116.0 4315671.0 62865.0 62446.0 31391.0 12370.0 61837.0 53.0 23.0 37.0 19.0 168.0 0.0 0.0 0.0 0.0 0.0 0.0 0.0 0.0
46030.0 478497.0 176.0 4966023.0 1653421.0 1479.0 5411.0 2.0 0.0 51466333.0 25700549.0 4270992.0 55096.0 56094.0 27497.0 12125.0 61305.0 39.0 18.0 40.0 9.0 146.0 0.0 0.0 0.0 0.0 0.0 0.0 0.0 0.0
46267.0 485164.0 184.0 5082499.0 1695842.0 1442.0 5742.0 2.0 0.0 53172791.0 26623861.0 4440467.0 59694.0 60113.0 29782.0 12840.0 60336.0 55.0 12.0 41.0 15.0 136.0 0.0 0.0 0.0 0.0 0.0 0.0 0.0 0.0
45838.0 475863.0 176.0 4930874.0 1649201.0 1502.0 5535.0 2.0 0.0 51032583.0 25588938.5 4299645.0 58072.0 57072.0 29147.0 11900.0 62220.0 59.0 17.0 48.0 11.0 142.0 0.0 0.0 0.0 0.0 0.0 0.0 0.0 0.0
46436.0 488557.0 197.0 5132734.0 1713485.0 1502.0 6202.0 5.0 0.0 53853592.0 26963447.0 4504754.0 65210.0 65009.0 32354.0 12829.0 63106.0 103.0 21.0 94.0 20.0 134.0 0.0 0.0 0.0 0.0 0.0 0.0 0.0 0.0
46474.0 488085.0 192.0 5121019.0 1705512.0 1518.0 6019.0 2.0 0.0 53656115.0 26812790.0 4459089.0 62624.0 63359.0 31515.0 12617.0 63786.0 37.0 15.0 42.0 8.0 126.0 0.0 0.0 0.0 0.0 0.0 0.0 0.0 0.0
45921.0 477863.0 197.0 4964036.0 1658650.0 1461.0 6198.0 7.0 0.0 51497623.0 25792516.0 4318806.0 64986.0 63941.0 32556.0 12024.0 60327.0 143.0 22.0 148.0 12.0 162.0 0.0 0.0 1.0 0.0 0.0 0.0 0.0 0.0
46392.0 486776.0 215.0 5098908.0 1701971.0 1527.0 6795.0 2.0 0.0 53322676.0 26695309.0 4465349.0 71886.0 70770.0 35695.0 12480.0 64230.0 42.0 33.0 31.0 14.0 178.0 0.0 0.0 0.0 0.0 0.0 0.0 0.0 0.0
46437.0 487243.0 204.0 5106242.0 1699750.0 1518.0 6547.0 4.0 0.0 53442642.0 26688630.0 4428806.0 70125.0 69006.0 34936.0 12885.0 63347.0 98.0 24.0 82.0 12.0 164.0 0.0 0.0 0.0 0.0 0.0 0.0 0.0 0.0
46369.0 486595.0 189.0 5099990.0 1701507.0 1539.0 6087.0 2.0 0.0 53383026.0 26719110.0 4458452.0 65390.0 63828.0 32311.0 12843.0 64770.0 48.0 24.0 48.0 13.0 136.0 0.0 0.0 0.0 0.0 0.0 0.0 0.0 0.0
45956.0 477838.0 216.0 4964506.0 1654866.0 1449.0 6832.0 7.0 0.0 51516330.0 25771694.5 4292035.0 71789.0 71161.0 36074.0 12206.0 60149.0 132.0 28.0 151.0 15.0 190.0 0.0 0.0 0.0 0.0 0.0 0.0 0.0 0.0
46427.0 487603.0 172.0 5115825.0 1705839.0 1486.0 5364.0 2.0 0.0 53606158.0 26821854.5 4469499.0 56059.0 56306.0 27604.0 12925.0 61692.0 31.0 17.0 49.0 18.0 124.0 0.0 0.0 0.0 0.0 0.0 0.0 0.0 0.0
46576.0 489609.0 187.0 5139450.0 1712328.0 1448.0 5813.0 3.0 0.0 53875744.0 26918409.0 4484301.0 60305.0 60977.0 30154.0 12796.0 60214.0 60.0 15.0 70.0 12.0 136.0 0.0 0.0 0.0 0.0 0.0 0.0 0.0 0.0
46282.0 484529.0 180.0 5068003.0 1690644.0 1483.0 5583.0 3.0 0.0 52949642.0 26501069.0 4428204.0 57948.0 58581.0 28744.0 12674.0 61799.0 57.0 22.0 50.0 16.0 138.0 0.0 0.0 0.0 1.0 0.0 0.0 0.0 0.0
46624.0 492179.0 191.0 5193995.0 1731981.0 1527.0 6129.0 5.0 0.0 54734522.0 27413376.5 4573986.0 66377.0 64712.0 32629.0 13419.0 64272.0 119.0 17.0 100.0 9.0 152.0 0.0 0.0 0.0 0.0 0.0 0.0 0.0 0.0
46209.0 481825.0 189.0 5016584.0 1668954.0 1468.0 5774.0 1.0 0.0 52155729.0 26029715.0 4320860.0 58852.0 59717.0 29204.0 12286.0 61290.0 20.0 17.0 31.0 10.0 144.0 0.0 0.0 0.0 0.0 0.0 0.0 0.0 0.0
46179.0 482560.0 198.0 5033443.0 1681072.0 1453.0 6306.0 3.0 0.0 52430069.0 26250735.5 4393847.0 66664.0 65579.0 33498.0 12313.0 60570.0 56.0 19.0 47.0 17.0 150.0 0.0 0.0 0.0 0.0 0.0 0.0 0.0 0.0
46674.0 492409.0 191.0 5185852.0 1729776.0 1523.0 6057.0 5.0 0.0 54537694.0 27270640.5 4555243.0 64012.0 63379.0 31651.0 13236.0 63976.0 97.0 18.0 97.0 5.0 144.0 0.0 0.0 0.0 0.0 0.0 0.0 0.0 0.0
46210.0 481984.0 195.0 5023910.0 1669512.0 1531.0 6094.0 8.0 0.0 52319848.0 26082189.5 4316261.0 63332.0 63325.0 31716.0 12467.0 63700.0 158.0 23.0 154.0 16.0 186.0 0.0 0.0 0.0 0.0 0.0 0.0 0.0 0.0
46026.0 477531.0 188.0 4947336.0 1644511.0 1422.0 5866.0 3.0 0.0 51193329.0 25518386.0 4229611.0 60707.0 60944.0 30294.0 12024.0 58440.0 58.0 18.0 61.0 8.0 116.0 0.0 0.0 0.0 0.0 0.0 0.0 0.0 0.0
45823.0 474906.0 188.0 4913999.0 1639847.0 1441.0 5789.0 5.0 0.0 50793224.0 25416342.0 4247903.0 59475.0 59542.0 29500.0 11745.0 59383.0 92.0 6.0 94.0 11.0 144.0 0.0 0.0 0.0 0.0 0.0 0.0 0.0 0.0
46308.0 484577.0 168.0 5061955.0 1688751.0 1471.0 5198.0 5.0 0.0 52823788.0 26412745.0 4417999.0 53437.0 54470.0 26753.0 12472.0 61264.0 108.0 10.0 116.0 12.0 138.0 0.0 0.0 0.0 0.0 0.0 0.0 0.0 0.0
46122.0 481437.0 197.0 5020057.0 1673114.0 1520.0 6113.0 6.0 0.0 52284649.0 26139814.5 4351719.0 63361.0 64088.0 31910.0 12438.0 63045.0 121.0 25.0 126.0 14.0 124.0 0.0 0.0 1.0 0.0 0.0 0.0 0.0 0.0
46628.0 491739.0 211.0 5181387.0 1727039.0 1569.0 6820.0 1.0 0.0 54519061.0 27270905.5 4538901.0 73769.0 72109.0 36577.0 13079.0 65999.0 27.0 25.0 17.0 15.0 194.0 0.0 0.0 0.0 0.0 0.0 0.0 0.0 0.0
46229.0 483835.0 193.0 5060455.0 1688796.0 1577.0 6243.0 5.0 0.0 52851588.0 26476486.0 4423113.0 67132.0 65430.0 33881.0 12685.0 66380.0 98.0 17.0 116.0 15.0 182.0 0.0 0.0 0.0 0.0 0.0 0.0 0.0 0.0
46505.0 489738.0 211.0 5149690.0 1719336.0 1494.0 6684.0 4.0 0.0 54082828.0 27073148.5 4529024.0 70493.0 70254.0 35488.0 12915.0 62551.0 78.0 20.0 94.0 13.0 150.0 0.0 0.0 0.0 0.0 0.0 0.0 0.0 0.0
46336.0 487205.0 195.0 5116101.0 1711215.0 1526.0 6153.0 3.0 0.0 53654305.0 26916153.5 4518020.0 64800.0 64310.0 32273.0 12861.0 64229.0 69.0 14.0 66.0 12.0 110.0 0.0 0.0 0.0 0.0 0.0 0.0 0.0 0.0
46363.0 485914.0 194.0 5083087.0 1692856.0 1504.0 6124.0 5.0 0.0 53118119.0 26512041.5 4404214.0 64360.0 64117.0 32048.0 12671.0 62610.0 104.0 15.0 98.0 13.0 140.0 0.0 0.0 0.0 0.0 0.0 0.0 0.0 0.0
46109.0 480361.0 189.0 4994123.0 1666409.0 1471.0 5836.0 6.0 0.0 51859925.0 25932869.0 4334166.0 59899.0 60438.0 29963.0 12264.0 60860.0 114.0 19.0 110.0 13.0 150.0 0.0 0.0 0.0 2.0 0.0 0.0 0.0 0.0
46538.0 489924.0 203.0 5149993.0 1719472.0 1537.0 6190.0 3.0 0.0 54057236.0 27074696.0 4526227.0 62732.0 64815.0 31222.0 13139.0 64888.0 54.0 17.0 64.0 17.0 124.0 0.0 0.0 0.0 0.0 0.0 0.0 0.0 0.0
46628.0 492539.0 215.0 5193514.0 1735449.0 1641.0 6754.0 3.0 0.0 54681067.0 27396772.5 4586950.0 70552.0 70992.0 35348.0 13245.0 69119.0 61.0 21.0 55.0 8.0 160.0 0.0 0.0 0.0 0.0 0.0 0.0 0.0 0.0
46284.0 484000.0 210.0 5059776.0 1684442.0 1525.0 6591.0 3.0 0.0 52824709.0 26400595.5 4393987.0 68925.0 69290.0 34313.0 12535.0 63899.0 66.0 15.0 60.0 12.0 172.0 0.0 0.0 0.0 0.0 0.0 0.0 0.0 0.0
46438.0 487855.0 212.0 5120414.0 1706647.0 1439.0 6621.0 4.0 0.0 53679062.0 26846511.5 4468890.0 69123.0 69230.0 34552.0 12914.0 60432.0 83.0 26.0 77.0 10.0 158.0 0.0 0.0 0.0 0.0 0.0 0.0 0.0 0.0
46115.0 481157.0 195.0 5011012.0 1672866.0 1457.0 6076.0 2.0 0.0 52120421.0 26082028.0 4359690.0 63307.0 62938.0 31263.0 12497.0 60652.0 45.0 19.0 44.0 4.0 122.0 0.0 0.0 0.0 0.0 0.0 0.0 0.0 0.0
45785.0 473169.0 204.0 4881402.0 1626561.0 1491.0 6305.0 3.0 0.0 50304022.0 25132613.5 4186856.0 64768.0 65084.0 32271.0 11762.0 61335.0 62.0 21.0 63.0 13.0 162.0 0.0 0.0 0.0 0.0 0.0 0.0 0.0 0.0
45984.0 478849.0 191.0 4977242.0 1664696.0 1456.0 5840.0 4.0 0.0 51668822.0 25901200.5 4354564.0 59788.0 60434.0 29750.0 12196.0 60434.0 80.0 14.0 82.0 17.0 144.0 0.0 0.0 0.0 0.0 0.0 0.0 0.0 0.0
46098.0 481601.0 176.0 5026990.0 1678241.0 1485.0 5561.0 2.0 0.0 52401292.0 26253801.0 4386855.0 58745.0 57707.0 29056.0 12558.0 61853.0 34.0 16.0 38.0 9.0 146.0 0.0 0.0 0.0 0.0 0.0 0.0 0.0 0.0
45894.0 475677.0 199.0 4923160.0 1639796.0 1446.0 6122.0 10.0 0.0 50884011.0 25420670.5 4233509.0 62882.0 63544.0 30852.0 12025.0 59359.0 221.0 15.0 203.0 12.0 152.0 1.0 0.0 2.0 0.0 0.0 0.0 0.0 0.0
46581.0 488715.0 178.0 5121750.0 1698521.0 1562.0 5611.0 4.0 0.0 53595572.0 26668524.5 4396106.0 58628.0 58371.0 29238.0 12879.0 64636.0 83.0 20.0 87.0 15.0 142.0 0.0 0.0 1.0 0.0 0.0 0.0 0.0 0.0
45959.0 476908.0 164.0 4941151.0 1646035.0 1439.0 5021.0 5.0 0.0 51133618.0 25543314.0 4255745.0 51003.0 51972.0 25320.0 12095.0 58982.0 100.0 17.0 107.0 10.0 124.0 0.0 0.0 1.0 0.0 0.0 0.0 0.0 0.0
46060.0 479164.0 201.0 4979366.0 1658215.0 1469.0 6425.0 3.0 0.0 51686462.0 25818723.5 4296862.0 68633.0 66671.0 34030.0 12377.0 60475.0 59.0 23.0 71.0 9.0 138.0 0.0 0.0 0.0 0.0 0.0 0.0 0.0 0.0
46777.0 492961.0 221.0 5188416.0 1723130.0 1458.0 6879.0 5.0 0.0 54530516.0 27170096.0 4493847.0 71190.0 72505.0 35613.0 12980.0 61484.0 97.0 24.0 106.0 12.0 142.0 0.0 0.0 0.0 0.0 0.0 0.0 0.0 0.0
45985.0 477924.0 177.0 4960656.0 1653738.0 1426.0 5497.0 5.0 0.0 51420580.0 25709642.0 4288257.0 56817.0 56792.0 28309.0 12023.0 58964.0 88.0 8.0 105.0 10.0 154.0 0.0 0.0 0.0 0.0 0.0 0.0 0.0 0.0
46584.0 490782.0 193.0 5167023.0 1723228.0 1580.0 6048.0 1.0 0.0 54314579.0 27195426.5 4537632.0 63252.0 63614.0 31443.0 13019.0 66593.0 18.0 19.0 20.0 15.0 154.0 0.0 0.0 0.0 0.0 0.0 0.0 0.0 0.0
46439.0 486740.0 195.0 5097655.0 1697467.0 1530.0 5963.0 4.0 0.0 53329611.0 26641871.0 4439312.0 60738.0 62676.0 30355.0 12761.0 63799.0 88.0 18.0 78.0 15.0 130.0 0.0 0.0 0.0 0.0 0.0 0.0 0.0 0.0
46360.0 486449.0 215.0 5100680.0 1700366.0 1534.0 6758.0 6.0 0.0 53399126.0 26722169.5 4449298.0 70587.0 71022.0 35343.0 12905.0 64128.0 125.0 21.0 99.0 13.0 184.0 1.0 0.0 0.0 0.0 0.0 0.0 0.0 0.0
46336.0 485210.0 188.0 5072144.0 1691250.0 1532.0 5840.0 5.0 0.0 52969126.0 26478011.0 4418579.0 60915.0 60744.0 30140.0 12600.0 63809.0 83.0 19.0 112.0 11.0 150.0 0.0 0.0 0.0 0.0 0.0 0.0 0.0 0.0
46249.0 482872.0 199.0 5032206.0 1678280.0 1476.0 6306.0 2.0 0.0 52363835.0 26195225.0 4376408.0 66085.0 65697.0 33370.0 12393.0 61466.0 43.0 20.0 33.0 14.0 154.0 0.0 0.0 0.0 0.0 0.0 0.0 0.0 0.0
46138.0 480364.0 204.0 4997062.0 1661131.0 1466.0 6397.0 4.0 0.0 51914435.0 25897509.5 4290699.0 66373.0 66729.0 33351.0 12468.0 61150.0 75.0 26.0 66.0 7.0 136.0 0.0 0.0 0.0 0.0 0.0 0.0 0.0 0.0
46409.0 486859.0 193.0 5103216.0 1701055.0 1567.0 6078.0 5.0 0.0 53432364.0 26727098.5 4452653.0 63455.0 63351.0 32042.0 12756.0 65990.0 103.0 13.0 109.0 12.0 160.0 0.0 0.0 1.0 0.0 0.0 0.0 0.0 0.0
46273.0 484661.0 193.0 5068057.0 1693162.0 1539.0 6135.0 1.0 0.0 52916151.0 26513372.5 4441929.0 64900.0 64182.0 32456.0 12478.0 64017.0 22.0 24.0 18.0 11.0 144.0 0.0 0.0 0.0 0.0 0.0 0.0 0.0 0.0
46162.0 481922.0 199.0 5025520.0 1674420.0 1527.0 6323.0 4.0 0.0 52336172.0 26162117.5 4351954.0 66927.0 65903.0 33508.0 12443.0 63581.0 94.0 20.0 93.0 10.0 150.0 0.0 0.0 0.0 0.0 0.0 0.0 0.0 0.0
46727.0 493209.0 232.0 5200615.0 1730084.0 1519.0 7383.0 10.0 0.0 54763971.0 27335328.0 4533172.0 78142.0 77913.0 38762.0 13277.0 63576.0 198.0 28.0 223.0 14.0 168.0 0.0 0.0 0.0 0.0 0.0 0.0 0.0 0.0
46438.0 487866.0 182.0 5118000.0 1706019.0 1517.0 5753.0 1.0 0.0 53602497.0 26812744.0 4465543.0 60786.0 59887.0 30152.0 12735.0 63494.0 21.0 20.0 24.0 15.0 188.0 0.0 0.0 0.0 0.0 0.0 0.0 0.0 0.0
46375.0 486279.0 172.0 5092602.0 1695848.0 1473.0 5512.0 2.0 0.0 53262423.0 26611725.0 4419363.0 58797.0 57362.0 29240.0 12748.0 61232.0 46.0 13.0 43.0 11.0 150.0 0.0 0.0 0.0 0.0 0.0 0.0 0.0 0.0
46053.0 479658.0 198.0 4988650.0 1664303.0 1388.0 6341.0 3.0 0.0 51819482.0 25926791.0 4326782.0 67714.0 65770.0 33695.0 12289.0 57746.0 70.0 20.0 63.0 13.0 148.0 0.0 0.0 0.0 0.0 0.0 0.0 0.0 0.0
46146.0 481482.0 195.0 5017891.0 1674089.0 1461.0 5963.0 4.0 0.0 52217613.0 26142999.5 4367472.0 60262.0 62203.0 30906.0 12416.0 60818.0 67.0 14.0 89.0 14.0 138.0 0.0 0.0 0.0 0.0 0.0 0.0 0.0 0.0
46241.0 484701.0 172.0 5073487.0 1693501.0 1587.0 5437.0 3.0 0.0 53036133.0 26557768.5 4429170.0 56899.0 56660.0 28562.0 12521.0 66612.0 68.0 16.0 61.0 17.0 142.0 0.0 0.0 0.0 0.0 0.0 0.0 0.0 0.0
46507.0 488634.0 207.0 5127403.0 1707499.0 1518.0 6421.0 2.0 0.0 53728122.0 26838844.5 4461527.0 66034.0 67533.0 33083.0 12750.0 64035.0 37.0 19.0 44.0 16.0 152.0 0.0 0.0 0.0 0.0 0.0 0.0 0.0 0.0
46316.0 485216.0 191.0 5080677.0 1694270.0 1527.0 5966.0 4.0 0.0 53135840.0 26593283.0 4435906.0 61805.0 62260.0 30926.0 12757.0 64244.0 80.0 21.0 89.0 8.0 172.0 0.0 0.0 0.0 0.0 0.0 0.0 0.0 0.0
45799.0 474198.0 191.0 4904596.0 1634009.0 1460.0 5848.0 2.0 0.0 50673666.0 25318691.0 4214379.0 59945.0 60610.0 29603.0 12022.0 60452.0 33.0 18.0 39.0 7.0 132.0 0.0 0.0 0.0 0.0 0.0 0.0 0.0 0.0
46019.0 478767.0 195.0 4967689.0 1659296.0 1453.0 6123.0 5.0 0.0 51468985.0 25755039.0 4311320.0 64317.0 63693.0 32174.0 11982.0 60054.0 94.0 14.0 104.0 13.0 142.0 0.0 0.0 0.0 0.0 0.0 0.0 0.0 0.0
46074.0 480313.0 196.0 5001649.0 1667363.0 1477.0 6121.0 8.0 0.0 52013364.0 26018176.5 4334012.0 63583.0 63914.0 31499.0 12243.0 61895.0 175.0 15.0 164.0 8.0 164.0 0.0 0.0 0.0 0.0 0.0 0.0 0.0 0.0
46016.0 479724.0 186.0 4992793.0 1667593.0 1453.0 5754.0 5.0 0.0 51908540.0 25990747.5 4345591.0 59483.0 59633.0 29816.0 12461.0 60792.0 108.0 19.0 90.0 14.0 136.0 0.0 0.0 0.0 0.0 0.0 0.0 0.0 0.0
46103.0 480282.0 206.0 4993178.0 1663779.0 1535.0 6526.0 6.0 0.0 51840813.0 25895177.5 4310138.0 68796.0 67163.0 34452.0 12163.0 63721.0 124.0 22.0 109.0 13.0 136.0 0.0 0.0 0.0 0.0 0.0 0.0 0.0 0.0
46370.0 486720.0 209.0 5098966.0 1705536.0 1465.0 6621.0 5.0 0.0 53346097.0 26745739.5 4496437.0 69577.0 69596.0 34882.0 12658.0 61517.0 115.0 26.0 101.0 16.0 156.0 0.0 0.0 0.0 0.0 0.0 0.0 0.0 0.0
46089.0 480369.0 182.0 4999511.0 1666751.0 1458.0 5733.0 4.0 0.0 51958174.0 25984620.5 4330622.0 59572.0 59373.0 30233.0 12191.0 60815.0 84.0 20.0 86.0 10.0 144.0 0.0 0.0 0.0 1.0 0.0 0.0 0.0 0.0
45969.0 478273.0 185.0 4969477.0 1658123.0 1487.0 5950.0 1.0 0.0 51560688.0 25803337.5 4304243.0 63528.0 61844.0 31808.0 12120.0 61683.0 29.0 19.0 20.0 8.0 164.0 0.0 0.0 0.0 0.0 0.0 0.0 0.0 0.0
46351.0 485713.0 195.0 5081594.0 1694702.0 1552.0 6336.0 3.0 0.0 53088539.0 26548127.5 4426785.0 68122.0 66222.0 33908.0 12493.0 64748.0 66.0 23.0 60.0 17.0 172.0 0.0 0.0 0.0 0.0 0.0 0.0 0.0 0.0
46235.0 483393.0 200.0 5047874.0 1682438.0 1529.0 6325.0 1.0 0.0 52643393.0 26317408.5 4388380.0 66549.0 65936.0 33471.0 12511.0 63855.0 25.0 14.0 25.0 14.0 166.0 0.0 0.0 0.0 0.0 0.0 0.0 0.0 0.0
46281.0 484577.0 186.0 5064902.0 1690011.0 1489.0 5862.0 3.0 0.0 52866090.0 26451115.5 4418116.0 61597.0 61262.0 30728.0 12665.0 62430.0 61.0 17.0 56.0 13.0 132.0 0.0 0.0 0.0 0.0 0.0 0.0 0.0 0.0
46122.0 482085.0 176.0 5032903.0 1682739.0 1484.0 5564.0 7.0 0.0 52456245.0 26312720.0 4414214.0 58574.0 58072.0 29178.0 12527.0 62103.0 136.0 22.0 150.0 16.0 134.0 0.0 0.0 2.0 0.0 0.0 0.0 0.0 0.0
46727.0 492751.0 177.0 5188204.0 1725769.0 1600.0 5612.0 3.0 0.0 54563596.0 27215043.0 4510779.0 59252.0 58832.0 29828.0 13060.0 66937.0 68.0 14.0 66.0 9.0 142.0 0.0 0.0 0.0 0.0 0.0 0.0 0.0 0.0
46132.0 480773.0 198.0 5002484.0 1668063.0 1535.0 6188.0 2.0 0.0 51975898.0 25993890.0 4337153.0 64640.0 64626.0 32189.0 12349.0 63452.0 42.0 22.0 43.0 16.0 152.0 0.0 0.0 0.0 0.0 0.0 0.0 0.0 0.0
46102.0 481037.0 186.0 5017612.0 1671556.0 1457.0 5904.0 2.0 0.0 52265490.0 26141821.5 4352565.0 62682.0 61469.0 31243.0 12485.0 60777.0 49.0 21.0 41.0 8.0 158.0 0.0 0.0 0.0 0.0 0.0 0.0 0.0 0.0
45990.0 478616.0 216.0 4974354.0 1660937.0 1469.0 6721.0 6.0 0.0 51635907.0 25853447.0 4329940.0 69515.0 69596.0 35071.0 12278.0 61110.0 128.0 24.0 135.0 7.0 162.0 0.0 0.0 0.0 0.0 0.0 0.0 0.0 0.0
46266.0 484283.0 204.0 5059643.0 1690022.0 1521.0 6281.0 3.0 0.0 52789796.0 26427490.0 4422062.0 64431.0 65689.0 32223.0 12457.0 63802.0 47.0 21.0 65.0 9.0 154.0 0.0 0.0 0.0 0.0 0.0 0.0 0.0 0.0
46717.0 493884.0 179.0 5210227.0 1739313.0 1613.0 5650.0 2.0 0.0 54889841.0 27464154.0 4589225.0 59308.0 59522.0 29610.0 12965.0 67316.0 40.0 19.0 38.0 12.0 172.0 0.0 0.0 0.0 0.0 0.0 0.0 0.0 0.0
46300.0 485386.0 171.0 5083973.0 1696773.0 1521.0 5313.0 3.0 0.0 53181020.0 26638356.0 4446553.0 55248.0 55530.0 27903.0 12695.0 63682.0 60.0 12.0 61.0 14.0 108.0 0.0 0.0 0.0 0.0 0.0 0.0 0.0 0.0
45982.0 477365.0 187.0 4949693.0 1647175.0 1527.0 5813.0 7.0 0.0 51249370.0 25587370.0 4248819.0 60157.0 60299.0 30024.0 12055.0 63276.0 145.0 19.0 161.0 18.0 148.0 0.0 0.0 0.0 0.0 0.0 0.0 0.0 0.0
46177.0 482041.0 197.0 5022822.0 1676056.0 1487.0 6218.0 3.0 0.0 52274665.0 26148611.5 4368630.0 65282.0 64667.0 32553.0 12444.0 61679.0 62.0 21.0 60.0 20.0 126.0 0.0 0.0 0.0 1.0 0.0 0.0 0.0 0.0
46298.0 486053.0 190.0 5096630.0 1703182.0 1611.0 5990.0 3.0 0.0 53354669.0 26755979.0 4483036.0 63041.0 62655.0 31214.0 12584.0 67655.0 67.0 15.0 61.0 13.0 170.0 0.0 0.0 0.0 0.0 0.0 0.0 0.0 0.0
46537.0 491080.0 177.0 5182789.0 1729517.0 1593.0 5670.0 3.0 0.0 54629293.0 27381538.0 4575186.0 61058.0 60177.0 30125.0 13207.0 67633.0 61.0 15.0 68.0 11.0 146.0 0.0 0.0 0.0 0.0 0.0 0.0 0.0 0.0
46260.0 483387.0 181.0 5045584.0 1679353.0 1415.0 5667.0 1.0 0.0 52592201.0 26269480.0 4362652.0 58902.0 59014.0 29352.0 12256.0 59224.0 14.0 13.0 16.0 6.0 132.0 0.0 0.0 0.0 0.0 0.0 0.0 0.0 0.0
46263.0 484144.0 184.0 5057660.0 1686081.0 1502.0 5771.0 2.0 0.0 52760373.0 26373551.0 4390821.0 60694.0 60481.0 29991.0 12433.0 62852.0 38.0 18.0 44.0 11.0 134.0 0.0 0.0 0.0 0.0 0.0 0.0 0.0 0.0
46323.0 485293.0 220.0 5077858.0 1694724.0 1503.0 6934.0 5.0 0.0 53050653.0 26567205.0 4441716.0 73134.0 72193.0 36667.0 12660.0 62832.0 109.0 19.0 90.0 11.0 166.0 0.0 0.0 0.0 0.0 0.0 0.0 0.0 0.0
46506.0 490059.0 229.0 5157634.0 1720835.0 1518.0 7318.0 7.0 0.0 54209394.0 27130414.0 4525408.0 77752.0 77180.0 38764.0 12922.0 63981.0 156.0 25.0 143.0 18.0 208.0 0.0 0.0 1.0 0.0 0.0 0.0 0.0 0.0
46097.0 480053.0 182.0 4990106.0 1664211.0 1465.0 5749.0 4.0 0.0 51823529.0 25902159.5 4320370.0 60698.0 59369.0 30280.0 12295.0 60707.0 84.0 18.0 71.0 15.0 172.0 0.0 0.0 0.0 0.0 0.0 0.0 0.0 0.0
46364.0 485037.0 175.0 5070541.0 1684203.0 1439.0 5385.0 1.0 0.0 52933935.0 26392179.5 4360353.0 55648.0 56251.0 27351.0 12503.0 59734.0 13.0 19.0 11.0 14.0 128.0 0.0 0.0 0.0 0.0 0.0 0.0 0.0 0.0
46075.0 479447.0 175.0 4982182.0 1660321.0 1526.0 5582.0 1.0 0.0 51710015.0 25841627.0 4304141.0 59041.0 57796.0 29593.0 12326.0 63297.0 28.0 12.0 18.0 11.0 170.0 0.0 0.0 0.0 0.0 0.0 0.0 0.0 0.0
46386.0 486396.0 191.0 5093526.0 1697607.0 1517.0 6030.0 1.0 0.0 53267569.0 26634480.5 4431455.0 63379.0 63034.0 31614.0 12577.0 63490.0 27.0 11.0 23.0 20.0 132.0 0.0 0.0 0.0 0.0 0.0 0.0 0.0 0.0
46243.0 482580.0 189.0 5029045.0 1672007.0 1497.0 5824.0 4.0 0.0 52339312.0 26102942.5 4322922.0 60200.0 60965.0 29685.0 12291.0 61917.0 90.0 20.0 83.0 14.0 156.0 0.0 0.0 0.0 0.0 0.0 0.0 0.0 0.0
46295.0 483276.0 198.0 5034398.0 1675283.0 1477.0 6216.0 3.0 0.0 52381693.0 26120412.5 4338543.0 65150.0 64853.0 32497.0 12369.0 60868.0 68.0 22.0 60.0 11.0 124.0 0.0 0.0 0.0 0.0 0.0 0.0 0.0 0.0
46450.0 487813.0 210.0 5114322.0 1704050.0 1454.0 6561.0 4.0 0.0 53542720.0 26753859.5 4451818.0 68578.0 68674.0 34151.0 12667.0 60401.0 80.0 15.0 73.0 8.0 152.0 0.0 0.0 0.0 0.0 0.0 0.0 0.0 0.0
46437.0 487779.0 166.0 5113018.0 1706152.0 1487.0 5230.0 2.0 0.0 53534272.0 26772561.5 4470291.0 54870.0 54911.0 27385.0 12944.0 62476.0 46.0 19.0 34.0 14.0 102.0 0.0 0.0 0.0 0.0 0.0 0.0 0.0 0.0
