54330.0 5743100.0 173712.0 188447506.0 1603764461.0 1743.0 89747571.0 5201012.0 703047.0 2262478399.0 40359611207.0 504342632520.0 9587381921.0 1469541649.0 35544123824.0 3259.0 899600.0 3838153939.0 209265252.0 638712209.0 0.0 54322.0 259454175.0 570641606.0 94225536.0 3861.0 81029404.0 24242.0 10946420.0 2935970.0
52556.0 5183511.0 163609.0 165181840.0 1432926242.0 1907.0 79020293.0 4666032.0 662373.0 2019988470.0 34419518606.5 446070427657.0 7833826458.0 1280003741.0 31080390383.0 3704.0 976675.0 3191151689.0 180700003.0 556992566.0 0.0 69952.0 207742340.0 500522647.0 80433090.0 4760.0 70466479.0 28206.0 9854257.0 2787429.0
45791.0 2352949.0 104058.0 79257615.0 256254269.0 1031.0 27960709.0 1743572.0 290953.0 1032200913.0 9609827242.5 29850957615.0 2484343849.0 557821350.0 4512901073.0 1353.0 401303.0 566779104.0 55157339.0 200053333.0 0.0 27730.0 42150754.0 138827340.0 21137420.0 1744.0 18948879.0 10213.0 2780183.0 859015.0
60762.0 34571896.0 205335.0 285145910.0 68528771117.0 1291.0 396829923.0 13351418.0 781849.0 2088597239.0 204120979396.0 1.20588403066e+14 15359260564.0 1850556158.0 1.0564579261e+12 1997.0 777170.0 49833930385.0 784262445.0 703827932.0 0.0 35248.0 3694969390.0 1687328149.0 272693096.0 2134.0 201733613.0 17783.0 16667157.0 2977719.0
56114.0 7459655.0 188578.0 237772832.0 2232594141.0 1733.0 118001321.0 7369175.0 781239.0 2515300279.0 58627746051.5 631632866312.0 14878276891.0 1772559967.0 49019581090.0 2870.0 1015326.0 6178109814.0 271240731.0 837634047.0 0.0 52622.0 716232531.0 753184528.0 119127621.0 3581.0 120741721.0 25967.0 14864418.0 3209045.0
57530.0 14449987.0 198640.0 289974567.0 10290689685.0 1380.0 207166638.0 12228766.0 828517.0 2330026078.0 118821095936.0 7.3291392035e+12 22349569750.0 1922383195.0 195634738111.0 2061.0 868969.0 19034779474.0 440175400.0 946162226.0 0.0 36472.0 2825793526.0 1149165614.0 194493577.0 2388.0 195623340.0 19334.0 19420804.0 3451401.0
52097.0 4353055.0 152778.0 157489850.0 797346493.0 1609.0 64854355.0 4156832.0 564099.0 2017718321.0 26609594877.0 155929317221.0 7095167244.0 1199468240.0 17046356299.0 3513.0 820687.0 2253723526.0 144459668.0 516816483.0 0.0 52716.0 196102231.0 401356176.0 64221630.0 3057.0 60078929.0 22177.0 8207249.0 2171634.0
52332.0 6187368.0 154736.0 186056533.0 1845309123.0 1134.0 89303776.0 4942320.0 572354.0 1908381034.0 44493542431.0 546526675641.0 10312126379.0 1309903198.0 37361119138.0 1865.0 631695.0 4179382012.0 193282906.0 571451010.0 0.0 29378.0 335481695.0 518052530.0 82942336.0 1611.0 73466414.0 13500.0 9158089.0 2150668.0
52870.0 6585996.0 157329.0 166788707.0 3366013696.0 1523.0 91371181.0 4099283.0 569879.0 1899952558.0 47991796702.5 1.9777418848e+12 7767534701.0 1249566171.0 65192831427.0 3879.0 773671.0 3666550161.0 213586866.0 490834351.0 0.0 51396.0 160649532.0 495858721.0 74179980.0 3005.0 57969865.0 20700.0 7977239.0 2075315.0
53837.0 15504491.0 151633.0 227647493.0 13793099594.0 1004.0 186638894.0 7811752.0 469529.0 1532056870.0 121972620510.0 1.08008077068e+13 18241106614.0 1362967909.0 229041379204.0 1220.0 691938.0 17759473317.0 381202470.0 516275132.0 0.0 24230.0 2011815270.0 768265596.0 124732620.0 1460.0 105596249.0 11422.0 7886938.0 1413836.0
54253.0 4333101.0 180379.0 169361595.0 747215269.0 2233.0 71001189.0 4855121.0 830121.0 2433632506.0 26547918367.5 155817350678.0 7723919312.0 1410423041.0 17245979094.0 4748.0 1141343.0 2165997635.0 167127794.0 648914597.0 0.0 88816.0 182012825.0 539850645.0 76560846.0 5680.0 78160193.0 38088.0 12457720.0 4194426.0
52696.0 6925065.0 164330.0 192060965.0 2748403173.0 1466.0 101432394.0 6247181.0 674388.0 2050423945.0 50022786106.0 1.18546693083e+12 10409697103.0 1360378799.0 54685083560.0 2946.0 785932.0 5597900466.0 213829710.0 643474908.0 0.0 48260.0 540974761.0 614061484.0 101264051.0 2997.0 97341937.0 22696.0 12310804.0 2926027.0
61995.0 21702121.0 231047.0 336306772.0 22426181553.0 1735.0 313574801.0 15667812.0 991228.0 2688711856.0 179050595184.0 2.11858888054e+13 28218787773.0 2358980671.0 434542831116.0 3207.0 1190716.0 36028570256.0 703807580.0 1030587131.0 0.0 54236.0 4973083074.0 1674550664.0 291252964.0 3172.0 262523305.0 26661.0 22775090.0 4186036.0
56794.0 15326691.0 185166.0 282222882.0 10279274470.0 1094.0 208994419.0 13513835.0 669782.0 1985867376.0 127910335784.0 5.9958896154e+12 24915208006.0 1796329072.0 192049875071.0 1605.0 818680.0 19850787123.0 435676648.0 842461632.0 0.0 23950.0 4076043260.0 1004809839.0 188760834.0 1447.0 197199382.0 13133.0 16568771.0 2254817.0
55725.0 16640086.0 170434.0 230168439.0 19316511082.0 1104.0 204632375.0 7630685.0 580752.0 1809257493.0 124292505494.0 2.13787835172e+13 13524397940.0 1516397255.0 324981945893.0 1576.0 687815.0 16950722416.0 441353870.0 581728388.0 0.0 26966.0 1337904496.0 897920368.0 139944356.0 1820.0 107285872.0 12609.0 9910526.0 1895834.0
69074.0 44729450.0 273175.0 462391346.0 60068056789.0 1389.0 590882172.0 49057718.0 1085821.0 2422817215.0 361769907280.0 6.77146718732e+13 61083149285.0 2833031600.0 1.045780842e+12 2433.0 1202127.0 119745838060.0 1195337760.0 1332611691.0 0.0 36902.0 39146317199.0 2663651332.0 505259579.0 2225.0 711037759.0 19701.0 50630102.0 3916651.0
60321.0 21545456.0 218452.0 263765936.0 33510635392.0 2146.0 281016518.0 8838905.0 986367.0 2711875262.0 147046001768.0 4.7486506057e+13 13501351258.0 1976969868.0 590095081053.0 4743.0 1306249.0 21226172112.0 638337094.0 814272330.0 0.0 83140.0 846562158.0 1475133472.0 209075494.0 4987.0 149290172.0 37396.0 17497302.0 4681077.0
57433.0 7278936.0 213363.0 238570063.0 2623753502.0 2121.0 123920363.0 7330432.0 1058862.0 2978165540.0 56916237281.5 1.13888396865e+12 13825783746.0 1958006508.0 60550936268.0 5669.0 1130892.0 5607539894.0 304761852.0 947516282.0 0.0 87358.0 384666082.0 921340962.0 137781689.0 5682.0 131230064.0 38461.0 19026856.0 5393028.0
62450.0 33211537.0 232591.0 318900683.0 65036913414.0 1720.0 405224153.0 13210411.0 1094001.0 2700408110.0 204850504782.0 1.14217695422e+14 20219691097.0 2164381258.0 1.04802868548e+12 2981.0 1003723.0 44230402018.0 810840384.0 975172187.0 0.0 56750.0 2126601642.0 2065401947.0 313870236.0 4055.0 229252439.0 30249.0 24355339.0 5576813.0
55811.0 16436886.0 171287.0 244887679.0 16685055695.0 1058.0 207386165.0 8121378.0 603796.0 1880350718.0 127392531554.0 1.58228663984e+13 18071675233.0 1553343223.0 288850820830.0 1577.0 648474.0 18150968254.0 432642544.0 639229171.0 0.0 24944.0 1457625597.0 945189061.0 157481873.0 1532.0 118245508.0 12299.0 10832212.0 2185648.0
54145.0 12611362.0 161566.0 215381052.0 10915570109.0 1218.0 161727153.0 6187309.0 559687.0 1746403854.0 99607477553.5 9.25189042528e+12 14266900730.0 1419317382.0 191087712069.0 1979.0 743088.0 11008987440.0 351180948.0 565857935.0 0.0 33092.0 612987969.0 758834305.0 119609782.0 2120.0 90731988.0 14745.0 9549994.0 1905206.0
57523.0 10087024.0 213950.0 275057923.0 4549109876.0 1720.0 163222874.0 10952354.0 1013564.0 2697528219.0 83126425753.0 2.12983597141e+12 18935562114.0 2040148878.0 98017349351.0 3285.0 995139.0 11093522830.0 367323559.0 1061022325.0 0.0 56432.0 1556035577.0 1092615977.0 182317994.0 3863.0 190107581.0 30054.0 23520843.0 4731217.0
53533.0 16569230.0 145887.0 170804299.0 24166937482.0 1191.0 182007711.0 4131049.0 426138.0 1382157103.0 112596050807.0 3.09251533279e+13 6863259084.0 1102338008.0 376973235923.0 2024.0 671593.0 10441531180.0 395210845.0 340392873.0 0.0 31844.0 321775661.0 672154730.0 86718406.0 1884.0 50965374.0 12917.0 5150675.0 1180026.0
61389.0 37488208.0 209260.0 292741399.0 73991572042.0 1213.0 423382747.0 16645375.0 792232.0 1954985110.0 232637143432.0 1.28973820163e+14 16975711953.0 1868863151.0 1.11910330534e+12 2032.0 776366.0 59395581734.0 835194289.0 712104788.0 0.0 35468.0 7319721433.0 1779566760.0 273189017.0 2263.0 240959055.0 17471.0 18435966.0 2968729.0
57756.0 19407454.0 188501.0 276667636.0 20827020731.0 1281.0 253599304.0 11345112.0 703759.0 2066143074.0 149905527710.0 2.0680663553e+13 20937959298.0 1792454716.0 367844674047.0 1878.0 774558.0 27686501620.0 531373765.0 733337407.0 0.0 32590.0 2953393002.0 1187055950.0 209585321.0 2037.0 172046482.0 16797.0 14313898.0 2597019.0
54606.0 29986413.0 146672.0 191067049.0 60188699311.0 998.0 292175229.0 7920499.0 397205.0 1157080751.0 172073123333.0 1.02068390852e+14 5720345985.0 1109892385.0 821999737238.0 1734.0 605335.0 30055641528.0 560517081.0 301744543.0 0.0 25060.0 2942213857.0 925934778.0 125410891.0 1382.0 92204968.0 10371.0 5806117.0 972790.0
63256.0 27600118.0 242333.0 350109475.0 34762633752.0 1464.0 380063435.0 17591563.0 1083257.0 2598766839.0 222162391965.0 3.84214445341e+13 34710216291.0 2388504842.0 641468648514.0 2586.0 1040806.0 49181642881.0 818317969.0 1069516753.0 0.0 43896.0 5624415989.0 2003945636.0 337460071.0 2599.0 296138719.0 22201.0 26491529.0 4847407.0
53086.0 7772277.0 160637.0 198185503.0 3365603848.0 1490.0 110282881.0 5548910.0 594827.0 1900521841.0 59597432846.0 1.45878073572e+12 11874400110.0 1377676457.0 66854102128.0 2295.0 872094.0 5948785059.0 244944262.0 600770317.0 0.0 43720.0 427039848.0 606448413.0 96844696.0 2809.0 82747254.0 20048.0 9810364.0 2242911.0
60001.0 28934267.0 201396.0 269586253.0 49972250153.0 1499.0 341790550.0 10533548.0 772738.0 2082929732.0 194178390932.0 7.59749366471e+13 19380256407.0 1774514571.0 807178055041.0 2626.0 934861.0 35040602451.0 723429781.0 680580263.0 0.0 43128.0 2758973232.0 1505452124.0 214432007.0 2631.0 158143848.0 21066.0 13883797.0 3042699.0
54221.0 5788320.0 174839.0 189367767.0 1596460316.0 1820.0 89852059.0 5478236.0 691435.0 2268659267.0 41314993572.5 471305651466.0 9634617465.0 1487335225.0 34944062513.0 4036.0 982785.0 3820409402.0 215200774.0 644324223.0 0.0 66100.0 439158701.0 561627360.0 87425918.0 4009.0 84521881.0 27486.0 10896880.0 2692187.0
59377.0 16740988.0 207926.0 311861858.0 14381636399.0 1483.0 240726688.0 11376611.0 864327.0 2509693922.0 141135655730.0 1.24990079322e+13 26467442389.0 2107388126.0 273849336474.0 2457.0 967638.0 22596339086.0 521525337.0 977867279.0 0.0 39998.0 1733152838.0 1321254213.0 228035254.0 2444.0 190531368.0 21584.0 19750981.0 3552083.0
56093.0 16649381.0 172740.0 236466130.0 19575010730.0 1325.0 205697655.0 7203273.0 609198.0 1931647716.0 125547815000.0 2.1990311715e+13 15134037615.0 1542688622.0 329157750605.0 2147.0 841608.0 15990075058.0 434821353.0 620181239.0 0.0 35768.0 868107046.0 931389283.0 146420794.0 2384.0 105367503.0 15636.0 10764878.0 2123141.0
55357.0 10344625.0 176394.0 210863106.0 7765545971.0 1419.0 142750139.0 6160983.0 689477.0 2043506968.0 81050347274.0 6.07488544159e+12 11331453896.0 1517661992.0 146179244419.0 2292.0 712073.0 8634479966.0 332078955.0 629641783.0 0.0 39514.0 668980623.0 766098779.0 111834182.0 2417.0 92838883.0 18454.0 10911869.0 2801857.0
49085.0 5521682.0 127446.0 135495491.0 2120560758.0 1072.0 71699495.0 3555728.0 386511.0 1321333374.0 36744240357.0 840197673185.0 6056549532.0 933974848.0 39911173431.0 2085.0 521553.0 3263800504.0 159982561.0 337600828.0 0.0 30260.0 338951934.0 333583796.0 53669315.0 1830.0 45589761.0 11397.0 4777922.0 1130149.0
50058.0 4081772.0 131265.0 127678862.0 937499533.0 1176.0 53983939.0 2785062.0 397142.0 1496057867.0 25115574230.5 236727064961.0 5158629817.0 936834547.0 18389418973.0 2033.0 554523.0 1701532329.0 120737765.0 340646507.0 0.0 30130.0 93279323.0 268898051.0 43645079.0 1850.0 33982734.0 11907.0 4461164.0 1169540.0
51527.0 7537811.0 145075.0 176272974.0 3740999889.0 1329.0 97619826.0 5285648.0 488588.0 1623954789.0 55992994673.5 1.92199159896e+12 9025061204.0 1179434027.0 67026590838.0 1576.0 732462.0 5191904739.0 210814984.0 495239587.0 0.0 32840.0 881864788.0 483801971.0 71814543.0 2534.0 71307788.0 15687.0 7386839.0 1630617.0
58245.0 35727309.0 171870.0 277539839.0 65712685778.0 819.0 375549460.0 15548282.0 513028.0 1483798981.0 223484426047.0 1.08074699903e+14 19422306740.0 1549873251.0 931360539625.0 922.0 685278.0 59963724317.0 676188563.0 554087532.0 0.0 16440.0 7074159477.0 1302854998.0 236388827.0 1046.0 195795724.0 8467.0 12045966.0 1405651.0
55358.0 13017872.0 182975.0 220973300.0 13434317731.0 1643.0 171555982.0 6379100.0 802556.0 2189990316.0 98128478272.0 1.36615009415e+13 12075140355.0 1541017915.0 237394492093.0 3151.0 888789.0 10348038221.0 373132339.0 690789656.0 0.0 56378.0 403033165.0 954526591.0 133424498.0 4189.0 102074350.0 27795.0 13780991.0 3849470.0
55604.0 13289608.0 178832.0 220381332.0 13668466455.0 1786.0 174916649.0 6894070.0 711100.0 2158717785.0 99086713891.0 1.38092174517e+13 11129368698.0 1542574768.0 244390928002.0 3658.0 1023588.0 12072252449.0 388437326.0 644632191.0 0.0 59582.0 758366230.0 894365233.0 133729161.0 3668.0 104827422.0 27732.0 12076766.0 2925996.0
49342.0 7663963.0 122659.0 143808380.0 5137616296.0 1014.0 89015444.0 3590743.0 342846.0 1253103082.0 54768181899.0 3.49734778241e+12 6089201147.0 911785473.0 84351538178.0 1731.0 506363.0 4931136007.0 186993117.0 320066731.0 0.0 24674.0 430577937.0 361403686.0 53887434.0 1434.0 42487029.0 10549.0 4064982.0 927467.0
52679.0 5550759.0 158001.0 171621303.0 1709696228.0 1575.0 82358512.0 4646788.0 583783.0 2032990792.0 38059536106.5 614597545052.0 8206443052.0 1294596522.0 36155541983.0 3013.0 816490.0 3626366167.0 187423290.0 542061892.0 0.0 46936.0 252845309.0 475516504.0 81058384.0 3120.0 68766403.0 20124.0 8725695.0 2155308.0
55517.0 8903080.0 189064.0 257510999.0 3056697199.0 957.0 138533055.0 9996077.0 820016.0 2335759112.0 70263236644.5 979852581643.0 18444086532.0 1750342075.0 64006088378.0 1495.0 561132.0 9261698435.0 285433283.0 954019683.0 0.0 23368.0 1238591635.0 876310405.0 151663076.0 1580.0 164380130.0 13563.0 20375763.0 3621752.0
52664.0 6166084.0 160149.0 169423519.0 2498989277.0 1557.0 89991473.0 4929119.0 616305.0 1895224196.0 43066453963.5 1.18774451902e+12 8085884154.0 1271218910.0 51181948260.0 2775.0 806980.0 4164787452.0 206594589.0 536487740.0 0.0 50354.0 294638691.0 516680087.0 83963938.0 3374.0 73798451.0 22239.0 9851994.0 2442116.0
51809.0 8977899.0 138665.0 191173015.0 4445693659.0 1007.0 114262025.0 5367472.0 405980.0 1481699454.0 69197301374.5 1.96785771171e+12 12762450554.0 1206352902.0 79920535764.0 1280.0 611972.0 7401827736.0 240201084.0 476071395.0 0.0 20478.0 706783136.0 490699745.0 87359883.0 1446.0 71166477.0 10186.0 6701260.0 1112271.0
58446.0 19787352.0 197733.0 292103731.0 19809156147.0 1438.0 264321192.0 11490501.0 770264.0 2111309271.0 161458978914.0 1.81602599549e+13 27168356889.0 1897889015.0 356660016834.0 2637.0 944600.0 27938907137.0 569857276.0 797203696.0 0.0 46056.0 2818722592.0 1313352987.0 209198116.0 2812.0 181002171.0 19844.0 15464571.0 2896237.0
54670.0 6983952.0 178505.0 206515805.0 2732278964.0 1738.0 107201989.0 5659926.0 756152.0 2320945373.0 52510371191.0 1.24835709944e+12 11465377296.0 1546383795.0 57739765362.0 3564.0 887751.0 4981335280.0 249081576.0 700116722.0 0.0 59504.0 326094622.0 692081867.0 102119843.0 3715.0 90632855.0 27039.0 12569347.0 3348663.0
49313.0 4741999.0 126282.0 112371880.0 2055562469.0 1180.0 59556252.0 2509475.0 361317.0 1213300561.0 30467280643.0 1.02115047306e+12 4087713629.0 811932194.0 38561696584.0 2095.0 575356.0 1965251498.0 139255465.0 267293614.0 0.0 32398.0 77961907.0 262414440.0 39032588.0 1962.0 28229504.0 11891.0 3773582.0 972662.0
56850.0 14483730.0 186678.0 237711508.0 14824470360.0 1744.0 193462641.0 7217200.0 741587.0 2167969197.0 112699740692.0 1.48542893443e+13 14430079328.0 1683006352.0 267622698341.0 3664.0 948173.0 14045996807.0 437437025.0 680759834.0 0.0 54292.0 773471087.0 997335179.0 148555589.0 3497.0 113500654.0 25476.0 12586426.0 2968591.0
56203.0 14641792.0 183155.0 292123582.0 9053328892.0 1074.0 204630188.0 12258947.0 705717.0 2077853247.0 120913406326.0 5.07814105001e+12 27625464959.0 1784621773.0 170209634192.0 1143.0 785356.0 20121706847.0 402730076.0 896113334.0 0.0 24348.0 2508259526.0 1058821679.0 196156722.0 1818.0 189921448.0 13761.0 18651565.0 2679186.0
52115.0 5667685.0 161252.0 174298833.0 1634090298.0 1419.0 85142587.0 5154390.0 656541.0 1915097073.0 38415438210.5 507601474788.0 9072103925.0 1273650783.0 34282610864.0 2031.0 743905.0 3779568438.0 183755945.0 588512110.0 0.0 45354.0 297921819.0 536473719.0 86968724.0 3689.0 79503296.0 21871.0 10775293.0 2847448.0
47572.0 2433521.0 116358.0 82243864.0 279638508.0 1291.0 29808518.0 2141836.0 339192.0 1152064151.0 10175853753.0 39482532579.0 2431560467.0 624310707.0 5206584727.0 2273.0 492261.0 632734389.0 61533685.0 226460543.0 0.0 35452.0 54704830.0 145451343.0 24944347.0 2066.0 23566553.0 12638.0 3487832.0 974566.0
55272.0 5652573.0 193913.0 206466454.0 1323515027.0 2484.0 96794341.0 6510691.0 936815.0 2685665301.0 38702467931.0 357615365861.0 10860895040.0 1669606066.0 31487882201.0 6647.0 1370989.0 4174810941.0 226847029.0 808323021.0 0.0 105254.0 394085187.0 732075836.0 113233530.0 7754.0 113031519.0 48415.0 16378518.0 4811969.0
49323.0 3393922.0 130836.0 111772843.0 605774023.0 1144.0 45605737.0 3069697.0 424349.0 1429406943.0 18215470356.0 123289623250.0 4069403516.0 844810517.0 12010699287.0 2001.0 506351.0 1365278760.0 98107461.0 328555078.0 0.0 33146.0 161314526.0 244194274.0 40891623.0 1830.0 39056615.0 12820.0 5136394.0 1391788.0
57889.0 16422265.0 199567.0 258098740.0 17927879118.0 1820.0 223763467.0 8255018.0 868821.0 2441746162.0 126294806720.0 1.88558423152e+13 16868141206.0 1824463802.0 329396522927.0 4043.0 1066846.0 17421923487.0 500371502.0 763421347.0 0.0 69266.0 1024346309.0 1215224702.0 182130886.0 4323.0 136144149.0 30274.0 15049722.0 4021483.0
56364.0 19081252.0 169965.0 234299710.0 24462991821.0 1366.0 230328263.0 8324580.0 546211.0 1718976982.0 139080830952.0 2.92885939686e+13 14372890914.0 1530151780.0 403836708677.0 2038.0 868389.0 20971626138.0 495536192.0 553490069.0 0.0 34492.0 1720933820.0 941364886.0 153498833.0 2253.0 116267441.0 15704.0 9552262.0 1617730.0
56727.0 12236636.0 188675.0 246509546.0 7834845941.0 1742.0 179388260.0 8640726.0 731615.0 2096495298.0 101005579630.0 4.5929912663e+12 18192603933.0 1769841298.0 159261757839.0 3459.0 1033800.0 13784700470.0 425052030.0 713871545.0 0.0 54510.0 1331756234.0 950094104.0 159083064.0 3682.0 139082776.0 25004.0 13231189.0 2756347.0
57338.0 10608323.0 200148.0 255665816.0 5823681030.0 1853.0 165752548.0 7863148.0 864924.0 2528332907.0 88616915150.0 3.10779601282e+12 17865969834.0 1912525817.0 125925402218.0 4941.0 1049326.0 10770178070.0 398270660.0 835915460.0 0.0 68358.0 683292665.0 1010707242.0 162586547.0 3824.0 134632433.0 30835.0 16154320.0 3707812.0
60546.0 27605680.0 211020.0 318816292.0 38230517689.0 1177.0 349177061.0 16186539.0 830707.0 2114960154.0 205539452924.0 4.93591353649e+13 27911880356.0 2036444392.0 638996027095.0 1862.0 869953.0 46198887386.0 708728399.0 869342964.0 0.0 30750.0 5354496413.0 1628844461.0 280428740.0 1774.0 250285888.0 15794.0 20714019.0 3169874.0
49468.0 4376870.0 130977.0 136159972.0 1039421984.0 1043.0 59216734.0 3393114.0 414081.0 1538721782.0 26914976004.5 267002315605.0 5910283881.0 967310703.0 20437187521.0 1895.0 485939.0 2204702557.0 128250714.0 388300285.0 0.0 28634.0 168819234.0 305343210.0 51566756.0 1792.0 44146796.0 10828.0 5442054.0 1308712.0
52426.0 7841760.0 152768.0 177512305.0 4502493605.0 1425.0 105903240.0 4915251.0 534231.0 1750913008.0 57839522156.5 2.8115293999e+12 9254681443.0 1247162494.0 84700021770.0 2431.0 776764.0 5488398649.0 236506408.0 503104481.0 0.0 40242.0 356789227.0 536037050.0 84802811.0 2560.0 70252540.0 16721.0 8366232.0 1850559.0
54509.0 4904701.0 182413.0 179079518.0 993133575.0 2506.0 80592202.0 5648754.0 795830.0 2400114727.0 31795502923.0 220226077592.0 8429739057.0 1497367869.0 23152704987.0 6424.0 1291359.0 3086628034.0 195537863.0 661755830.0 0.0 102378.0 380307392.0 559430707.0 88457840.0 6640.0 90923376.0 38862.0 12668948.0 3552081.0
63565.0 20298507.0 247284.0 384862561.0 15790359093.0 1632.0 316011584.0 18358253.0 1093046.0 2878736936.0 184165015119.0 1.12471977225e+13 41225625239.0 2660137243.0 329649092188.0 2778.0 1144019.0 35759257064.0 710824901.0 1319114361.0 0.0 48192.0 4402087475.0 1813054573.0 330161117.0 2849.0 321205846.0 23943.0 31557166.0 4623317.0
58454.0 13285751.0 200107.0 273455254.0 9772514964.0 1549.0 195911851.0 8380285.0 812022.0 2520060743.0 112482277005.0 7.01991017597e+12 20325804141.0 1963736665.0 197215559672.0 2904.0 978906.0 14548037974.0 456555658.0 843288444.0 0.0 46066.0 902126721.0 1089993352.0 178688750.0 2853.0 139112799.0 21487.0 15275394.0 3258731.0
46540.0 3094707.0 107755.0 85830310.0 811465452.0 1050.0 36882244.0 1794614.0 286344.0 1039559739.0 16122158512.0 279611356634.0 2655880601.0 607651580.0 14905209547.0 1638.0 428280.0 960651020.0 80250378.0 192805845.0 0.0 30090.0 43335902.0 162663316.0 24417699.0 1862.0 18553626.0 10234.0 2520791.0 742549.0
55319.0 8089499.0 181540.0 229415781.0 3201431404.0 1551.0 124228413.0 6623143.0 748731.0 2332696910.0 63816850163.5 1.33630408242e+12 14547568263.0 1674107355.0 67769991461.0 3412.0 861856.0 6757015275.0 284565931.0 754579215.0 0.0 52830.0 522049086.0 768281672.0 120457866.0 3009.0 108341733.0 23957.0 13356293.0 3146213.0
52552.0 6668405.0 161195.0 185667788.0 2794711377.0 1758.0 97260004.0 5279144.0 647881.0 2051801678.0 47528205389.5 1.36637627813e+12 9475286574.0 1336048845.0 55981874433.0 3019.0 956200.0 4894584429.0 211216159.0 594440565.0 0.0 61134.0 328282136.0 585755085.0 92803459.0 4359.0 81193139.0 25965.0 10655142.0 2746814.0
52893.0 13375986.0 148198.0 173399168.0 16409166135.0 1169.0 153577345.0 4010790.0 483497.0 1554556437.0 95934582312.0 1.83646781924e+13 8029988974.0 1135492116.0 263471110844.0 2198.0 610812.0 7563946139.0 334259647.0 406531806.0 0.0 33270.0 201844380.0 646194586.0 82053706.0 1858.0 53710343.0 13792.0 6415209.0 1606821.0
47835.0 2923514.0 116582.0 95672732.0 443480284.0 1086.0 37134751.0 2411571.0 334162.0 1225255221.0 14079713757.5 76031071848.0 3223416116.0 703894999.0 8483414962.0 2309.0 436562.0 1040974238.0 78207024.0 256461500.0 0.0 28958.0 92818822.0 179819851.0 31759558.0 1615.0 28161624.0 10237.0 3642667.0 946512.0
52391.0 11146601.0 148728.0 192483481.0 9459281430.0 1093.0 138129972.0 5437704.0 483868.0 1611630192.0 82750954054.5 8.0803424444e+12 10782733632.0 1261062507.0 161480646267.0 1840.0 636805.0 8911962838.0 293769935.0 486278579.0 0.0 25798.0 577829260.0 614514587.0 99853610.0 1730.0 74002760.0 12417.0 7413564.0 1514724.0
58071.0 16831254.0 193975.0 309051063.0 12145679389.0 1152.0 235939833.0 11767087.0 736970.0 2161844100.0 144930505254.0 7.77420959167e+12 31604656545.0 1949970639.0 230824743498.0 1611.0 806460.0 23788075685.0 491363302.0 909694530.0 0.0 28688.0 2254404251.0 1205589082.0 213532535.0 1761.0 187224051.0 14999.0 17943084.0 2688047.0
50325.0 4966378.0 138056.0 150766749.0 1269411043.0 1027.0 68432607.0 3642632.0 456415.0 1606177806.0 32722300135.0 321696749183.0 7249447738.0 1074435026.0 25187088852.0 1377.0 530340.0 2749719388.0 149774850.0 424627459.0 0.0 25694.0 188615238.0 361509951.0 59865308.0 1488.0 49319499.0 11361.0 6080173.0 1469341.0
50815.0 5074542.0 139331.0 141653186.0 1730390394.0 1525.0 69222216.0 3276901.0 461938.0 1601137045.0 34089119352.5 665203379880.0 6253846238.0 1036306108.0 34210669388.0 2609.0 710510.0 2598146207.0 158253817.0 383541302.0 0.0 47488.0 127471513.0 361825631.0 55640018.0 3026.0 43697872.0 17543.0 5651118.0 1535732.0
49025.0 3665105.0 129398.0 109681270.0 898969555.0 1309.0 49951298.0 3154829.0 416656.0 1374463859.0 19984765967.5 284553777900.0 3859605877.0 838099786.0 18257723573.0 2489.0 610170.0 1849477677.0 109801274.0 308482779.0 0.0 41638.0 141986745.0 254105338.0 47284427.0 2373.0 41178936.0 15639.0 5418223.0 1337733.0
48684.0 3105765.0 124789.0 99602145.0 563519641.0 1508.0 40575285.0 2454013.0 374978.0 1307970696.0 15795944126.5 130310759915.0 3316182442.0 764755786.0 11208490526.0 2626.0 697278.0 1125233165.0 90057992.0 268744014.0 0.0 46646.0 82185327.0 201730040.0 34385468.0 2923.0 28662127.0 17144.0 3957467.0 1096918.0
51922.0 5391275.0 157930.0 172282730.0 1528503044.0 1683.0 79990389.0 4768474.0 635630.0 2025945801.0 36518551410.5 495900778313.0 8504471710.0 1266650290.0 31314168942.0 3582.0 895280.0 3323389922.0 175342686.0 570889140.0 0.0 58680.0 308949125.0 508649616.0 76109958.0 4096.0 72378727.0 26236.0 9867347.0 2672941.0
46770.0 3060232.0 111680.0 102633760.0 457055406.0 980.0 38054719.0 2424416.0 335697.0 1235934382.0 15342734562.0 71475838871.0 3778359248.0 698422526.0 8256879893.0 1406.0 420190.0 985715303.0 74422056.0 281625068.0 0.0 26494.0 86349642.0 198798875.0 30763896.0 1693.0 28765415.0 9878.0 3973813.0 1084768.0
43751.0 2044753.0 85743.0 55221764.0 307000560.0 731.0 20636007.0 1384577.0 178230.0 638085101.0 8082054686.0 56491119456.0 1266401053.0 369072816.0 4898281604.0 1073.0 287291.0 492287349.0 39247677.0 109001688.0 0.0 16060.0 75636690.0 69899624.0 12916614.0 888.0 12162586.0 4921.0 1328691.0 331437.0
65170.0 31561559.0 254515.0 411307138.0 36042524459.0 1439.0 445490617.0 23477589.0 1120900.0 2651347194.0 268062504776.0 3.51705852846e+13 57976438216.0 2638112625.0 677502614744.0 2601.0 1043025.0 68438063725.0 919314941.0 1260291744.0 0.0 42246.0 8346273353.0 2342363022.0 422565040.0 2670.0 396309411.0 23679.0 33842960.0 4834343.0
54041.0 5850170.0 184781.0 194544513.0 1481853847.0 1857.0 98111920.0 6102750.0 825981.0 2278880538.0 40724451686.5 379444801870.0 10550882249.0 1578160114.0 35268297329.0 3502.0 978024.0 4439989354.0 241211739.0 706488281.0 0.0 68600.0 347087417.0 669144027.0 110484892.0 4418.0 103490471.0 30763.0 13915813.0 3724997.0
47755.0 2525650.0 118487.0 83171526.0 305146824.0 1350.0 31896729.0 2460513.0 347535.0 1122678097.0 10542323501.5 43326960545.0 2535864569.0 631065632.0 5866769810.0 2309.0 613073.0 799233852.0 65935357.0 241092976.0 0.0 39982.0 103362717.0 156153776.0 28447967.0 2953.0 28659784.0 13713.0 4009508.0 1009073.0
53116.0 6745672.0 161525.0 185729061.0 2616252922.0 1659.0 99024146.0 4801781.0 599368.0 1971496287.0 50174879284.0 1.07161518925e+12 10134350163.0 1377540855.0 54479737130.0 3129.0 830736.0 4608742532.0 231408048.0 556383706.0 0.0 52184.0 252338165.0 559661882.0 90852241.0 3134.0 72023676.0 22376.0 8988600.0 2215764.0
54081.0 11278506.0 170683.0 213008845.0 8130231503.0 1057.0 154910102.0 6596289.0 679263.0 1837726939.0 86526994394.0 5.61955590254e+12 14017411958.0 1440790639.0 154068503169.0 1846.0 609820.0 10670993530.0 336864323.0 614958101.0 0.0 28944.0 643652264.0 826641850.0 131652365.0 1638.0 102813918.0 14737.0 11777194.0 2846135.0
57780.0 7003067.0 225227.0 255796814.0 1948811035.0 2112.0 126928665.0 8532517.0 1257322.0 3225998832.0 53386964708.5 614978699045.0 15305489674.0 2074433000.0 47977546159.0 4434.0 1134609.0 5857270662.0 301432970.0 1107090040.0 0.0 86044.0 530004884.0 1078521441.0 153852665.0 5445.0 161926528.0 42397.0 23753987.0 7757850.0
51812.0 23390645.0 133789.0 183065918.0 39113566823.0 797.0 226946926.0 6214684.0 369534.0 1072824326.0 149574720910.0 5.61061299041e+13 10603448840.0 1007928195.0 528931266586.0 1020.0 516417.0 20280846139.0 420987617.0 327575670.0 0.0 17570.0 1611525632.0 749599313.0 102356123.0 1101.0 73199387.0 7525.0 5710162.0 963571.0
55709.0 7586097.0 196995.0 223923802.0 3050742613.0 2322.0 121841172.0 7061234.0 927587.0 2561555327.0 58974326868.0 1.37925749781e+12 12977674417.0 1747599425.0 66027056750.0 6398.0 1271044.0 6123175315.0 285877811.0 824959010.0 0.0 102446.0 502776312.0 844295634.0 129030198.0 6595.0 121761772.0 43070.0 16348137.0 4568071.0
47995.0 4581294.0 120586.0 133030531.0 1137741135.0 935.0 57529343.0 3729806.0 366238.0 1357442328.0 28509992435.0 274927021127.0 5903402023.0 874419485.0 20276310917.0 1374.0 494933.0 2373419645.0 114367660.0 367109805.0 0.0 23102.0 312206724.0 277861705.0 46389394.0 1549.0 46708181.0 10068.0 5197344.0 1088298.0
56590.0 10529763.0 196619.0 261708481.0 5918190012.0 1640.0 159613144.0 9083875.0 883065.0 2571485928.0 85799122719.5 3.54695330708e+12 17546860383.0 1848603348.0 118996197963.0 2767.0 945614.0 10935154683.0 344429437.0 920613214.0 0.0 55686.0 1127197387.0 1003110014.0 162803639.0 3687.0 154175611.0 27796.0 18418287.0 4123343.0
55895.0 11813188.0 182891.0 260482174.0 7112272750.0 1295.0 168644438.0 9771477.0 708237.0 2209967026.0 96066087719.0 4.30274598633e+12 18535624565.0 1749354425.0 136966763011.0 2097.0 745596.0 14086671262.0 354270485.0 827708763.0 0.0 33800.0 1488540313.0 900971143.0 165488233.0 2390.0 151386931.0 17633.0 15486377.0 2695174.0
56425.0 23894966.0 175062.0 258360908.0 36532703372.0 1090.0 274916529.0 9485068.0 639250.0 1863275822.0 160767089392.0 5.1399944719e+13 16583513789.0 1567665249.0 563905985303.0 1649.0 689056.0 28741486072.0 526631041.0 641783279.0 0.0 28646.0 1900575174.0 1186929346.0 195319414.0 1669.0 138061676.0 14299.0 12356421.0 2414212.0
46576.0 2392914.0 106882.0 79290907.0 283508754.0 1049.0 28314468.0 1784456.0 284537.0 1070206466.0 10021937760.0 39407686935.0 2350039403.0 577070127.0 5170906497.0 1648.0 446373.0 590916995.0 58335439.0 193064859.0 0.0 29186.0 45671288.0 130697745.0 21170684.0 1813.0 18604330.0 10293.0 2597777.0 741780.0
60363.0 27600868.0 211194.0 270781393.0 47508204543.0 1933.0 335308134.0 11203502.0 864074.0 2233390409.0 184706119118.0 7.30967293975e+13 14942933291.0 1895551736.0 776925385178.0 4327.0 1115362.0 34113427864.0 723861785.0 714941214.0 0.0 69470.0 2883569804.0 1566521772.0 227625486.0 4501.0 175394070.0 30634.0 16257219.0 3527772.0
47953.0 3398099.0 119486.0 111358776.0 578654266.0 1100.0 44158234.0 2561816.0 363617.0 1340723759.0 18296817260.5 100508175765.0 4295999913.0 796604318.0 11075763504.0 1677.0 494467.0 1265382805.0 93166369.0 302052797.0 0.0 28174.0 84558205.0 226909638.0 36509276.0 1847.0 31374805.0 11396.0 4278989.0 1115780.0
47595.0 3363175.0 117775.0 106755351.0 665774960.0 1411.0 44201920.0 2459000.0 361664.0 1333671653.0 17857895772.0 155917555216.0 3944967045.0 767053807.0 13211489806.0 2979.0 663100.0 1338132751.0 95919941.0 279453206.0 0.0 45656.0 83904838.0 228371172.0 36393011.0 2848.0 30159287.0 16789.0 4052783.0 1132862.0
47790.0 3117523.0 117900.0 100500407.0 528276902.0 1242.0 40402801.0 2470053.0 351299.0 1255989321.0 15744606191.0 101907764293.0 3587456311.0 732055436.0 10298488161.0 2576.0 598686.0 1189154419.0 85751036.0 267878970.0 0.0 37780.0 88827339.0 202954177.0 34353235.0 2295.0 29866105.0 14314.0 4049615.0 1044953.0
52028.0 4132652.0 161404.0 141960939.0 845738568.0 1811.0 63534943.0 4460642.0 678559.0 1904545217.0 24428962460.5 203221110779.0 5928865761.0 1148620360.0 18816912756.0 3996.0 941154.0 2052162761.0 149814355.0 492928819.0 0.0 73152.0 321491763.0 422616174.0 61392290.0 4528.0 67619355.0 27408.0 9623694.0 3041639.0
58747.0 12392458.0 213999.0 304930957.0 6510769826.0 1463.0 193507353.0 11814846.0 952939.0 2705522036.0 108190470202.0 3.26401170448e+12 24122854265.0 2153274512.0 137403077679.0 3029.0 890924.0 14606326566.0 435455911.0 1078230460.0 0.0 48518.0 2360722669.0 1205843307.0 198216561.0 2920.0 200605978.0 23453.0 21547661.0 4138246.0
50791.0 4260048.0 142697.0 149903969.0 803484312.0 1297.0 60016115.0 3932405.0 498102.0 1860131371.0 25953104819.0 160657367272.0 6634865880.0 1075885293.0 16296342466.0 1867.0 638100.0 2067111478.0 125015682.0 487205001.0 0.0 34952.0 183602895.0 348699124.0 56898788.0 2316.0 53705744.0 14581.0 7420417.0 1788753.0
49111.0 5383246.0 128576.0 141415074.0 1821558624.0 1056.0 69985410.0 3411313.0 404197.0 1386402085.0 35962272807.5 625615469058.0 6772323583.0 961039454.0 33925382324.0 1230.0 531353.0 2982253541.0 150484165.0 371102973.0 0.0 25214.0 212406583.0 342188420.0 54778029.0 1867.0 44190313.0 11265.0 5147517.0 1256521.0
59240.0 8214998.0 230238.0 286988793.0 2414288682.0 1877.0 148442839.0 9761610.0 1160411.0 3296140195.0 66641016096.5 724824437376.0 19141582064.0 2288086944.0 59729924943.0 3779.0 1087400.0 8433415512.0 351002673.0 1217272028.0 0.0 62492.0 680097215.0 1124143400.0 192748729.0 3995.0 182643772.0 32177.0 25387913.0 5998330.0
49762.0 6166341.0 129563.0 146344066.0 2642664244.0 1063.0 79294366.0 3448269.0 395521.0 1392102661.0 43254065930.0 1.13666973633e+12 7280704285.0 986784286.0 48808663005.0 2002.0 581629.0 3580992932.0 171901736.0 366035727.0 0.0 30010.0 182383299.0 370816403.0 60488598.0 1672.0 44955346.0 11974.0 5229198.0 1204278.0
54671.0 11930102.0 172075.0 217064729.0 10149598792.0 1386.0 159991040.0 7387635.0 669524.0 1995672651.0 89024980460.5 8.75924700563e+12 11344763468.0 1491654395.0 184058711968.0 2673.0 768026.0 12095477728.0 345330662.0 634535688.0 0.0 44792.0 1075346741.0 818419582.0 135194879.0 2765.0 110663153.0 20663.0 11712910.0 2726377.0
55774.0 14638049.0 168933.0 199201393.0 16846038577.0 2097.0 182803731.0 5353317.0 560425.0 1774310650.0 110322640716.0 1.79528288691e+13 11146641382.0 1389099541.0 296321660567.0 5147.0 1147190.0 11134175656.0 431789544.0 478802026.0 0.0 80142.0 521319915.0 794480514.0 107741634.0 5191.0 73277643.0 26989.0 7748375.0 1741324.0
54758.0 8095454.0 171618.0 211698062.0 3747069249.0 1724.0 118526637.0 5630871.0 657652.0 2161862226.0 63458976962.5 1.83441124874e+12 12439979129.0 1535594508.0 76393044668.0 3113.0 994526.0 6376305151.0 273811625.0 645185139.0 0.0 57726.0 429645074.0 678616642.0 105992202.0 3910.0 86344770.0 25412.0 10397910.0 2581134.0
63697.0 36364655.0 235503.0 329416476.0 60902771402.0 1463.0 453132821.0 20510386.0 999407.0 2453544235.0 249107546292.0 8.59765596969e+13 26058286589.0 2184036494.0 1.03138083444e+12 2827.0 1024949.0 64499201365.0 936082441.0 889510635.0 0.0 48292.0 12649063838.0 2119290652.0 341715260.0 3098.0 311541866.0 25348.0 23304377.0 4353480.0
47369.0 2766473.0 113816.0 87828397.0 455884697.0 1139.0 34342470.0 2078307.0 322402.0 1161034298.0 13038665049.0 97421727517.0 2802269583.0 648382565.0 8698640224.0 2115.0 490797.0 817218109.0 73580087.0 227586442.0 0.0 33838.0 55778384.0 164421038.0 26747116.0 2013.0 22899536.0 11584.0 3221053.0 903166.0
55050.0 9901404.0 185892.0 248773179.0 4427139078.0 1099.0 150550706.0 9541689.0 776385.0 2162249074.0 77593986768.0 1.93851009227e+12 17969974447.0 1708192754.0 90883123044.0 1706.0 708981.0 11159234342.0 313810719.0 868194346.0 0.0 28614.0 1094324331.0 884629304.0 168144877.0 1817.0 156218470.0 15389.0 17915088.0 3242188.0
53649.0 9393185.0 160056.0 208063251.0 5343591540.0 1446.0 128452061.0 5968677.0 562276.0 1852510261.0 74385429145.5 3.07695107051e+12 12709879590.0 1421781601.0 101207072542.0 2841.0 792893.0 7956286365.0 286614085.0 580829576.0 0.0 41666.0 693689704.0 648984867.0 106044621.0 2923.0 86896843.0 19608.0 9228135.0 1938473.0
54016.0 7363856.0 172540.0 183456476.0 4029290863.0 1792.0 107446407.0 5013071.0 696359.0 2088163210.0 54351707055.0 2.49545768555e+12 9028449830.0 1405368553.0 81175451741.0 3977.0 906608.0 5047241331.0 255321292.0 582295949.0 0.0 65866.0 248823763.0 629885558.0 94468001.0 3884.0 76514697.0 27093.0 10512740.0 2863787.0
52371.0 8860522.0 150429.0 169877987.0 6958762279.0 1576.0 113131279.0 4013526.0 527229.0 1733500953.0 65500880228.0 5.58742728765e+12 8149370578.0 1175752825.0 123991265681.0 3149.0 871542.0 5070093630.0 255013570.0 458320440.0 0.0 53710.0 171299940.0 553801522.0 76385813.0 3546.0 55299618.0 22653.0 7395548.0 1905393.0
54507.0 7529634.0 183216.0 212811302.0 3134357198.0 1808.0 118849316.0 6677698.0 803462.0 2334975106.0 55595901942.5 1.48795935471e+12 12302253290.0 1595347586.0 67787087267.0 3621.0 963817.0 6493742776.0 271415031.0 743420973.0 0.0 62682.0 431226508.0 767963441.0 125007323.0 4101.0 111455816.0 29690.0 14964236.0 3617926.0
49775.0 2989069.0 136110.0 112129080.0 350820800.0 1781.0 42309868.0 3044012.0 476617.0 1637154821.0 14074077511.5 45509097544.0 4038687823.0 885792742.0 7351747943.0 3319.0 842951.0 1087862652.0 91160045.0 360768293.0 0.0 63116.0 95025005.0 253126512.0 42351120.0 4392.0 40273676.0 24186.0 6001389.0 1747242.0
62945.0 22316441.0 244927.0 353077355.0 25621074410.0 2006.0 325584688.0 15868306.0 1146656.0 2984796006.0 180318423934.0 2.90226832592e+13 27276365848.0 2526001457.0 489156736677.0 4136.0 1318850.0 36552699217.0 724114389.0 1176187393.0 0.0 72220.0 3747922144.0 1867856275.0 316202408.0 4757.0 277932021.0 35937.0 27141170.0 5414647.0
64261.0 28106801.0 244675.0 411732036.0 28174524087.0 1278.0 398593648.0 26542878.0 999044.0 2556023958.0 244029603064.0 2.52322287274e+13 50400937002.0 2606491968.0 528268368488.0 1790.0 999230.0 61181987970.0 811881516.0 1304993850.0 0.0 31756.0 10052640623.0 1993288330.0 395503147.0 2028.0 424304915.0 18647.0 35688542.0 3776239.0
69830.0 52252393.0 291193.0 436070621.0 94954983212.0 1939.0 671674325.0 39703068.0 1405708.0 2944883139.0 357706549735.0 1.47024880587e+14 43773176435.0 2822345957.0 1.61893420459e+12 3552.0 1366474.0 129700462059.0 1332197800.0 1284847332.0 0.0 68172.0 33947927235.0 3402603374.0 572091528.0 5034.0 617082332.0 39176.0 42190864.0 7150901.0
47163.0 2533961.0 112725.0 81275246.0 362525996.0 1387.0 30637331.0 1871532.0 314161.0 1095749964.0 11387977545.5 65037194440.0 2438793442.0 602430391.0 6811410692.0 3336.0 615335.0 648032928.0 65530441.0 205344318.0 0.0 47698.0 37354642.0 144659527.0 22548448.0 2998.0 19321719.0 14260.0 2893557.0 849859.0
59101.0 12369110.0 226955.0 322085317.0 5981717788.0 1708.0 204483154.0 12383594.0 1136526.0 2885830057.0 106977448397.0 2.77776742712e+12 27226687008.0 2274199760.0 131464172411.0 3064.0 1063280.0 16158477626.0 445706572.0 1214187215.0 0.0 59732.0 1735812566.0 1422839537.0 233563373.0 3627.0 229233997.0 31242.0 27329686.0 5791281.0
55611.0 8422271.0 182857.0 213812800.0 3818406399.0 1700.0 124861328.0 7460461.0 716901.0 2080305750.0 67433609442.0 1.70848791658e+12 12036114824.0 1603612004.0 78585823110.0 3396.0 935271.0 7210947520.0 303952206.0 689089841.0 0.0 57602.0 1301910924.0 705854163.0 107495329.0 3427.0 113509474.0 23252.0 12034880.0 2757524.0
58648.0 18839540.0 211719.0 251241046.0 26713622925.0 2186.0 248566464.0 8265512.0 1042264.0 2609652079.0 130976617010.0 3.5032438378e+13 12922720907.0 1829956668.0 470272245246.0 6510.0 1244125.0 18042014845.0 544780571.0 807170033.0 0.0 101476.0 632839139.0 1407059636.0 194689962.0 6908.0 144678889.0 45452.0 18592424.0 5804737.0
50910.0 6296842.0 136584.0 138717235.0 3448959159.0 1400.0 80684565.0 2972765.0 417985.0 1418751757.0 45318619729.0 2.00812517379e+12 6030989452.0 983736850.0 64378933860.0 2555.0 717624.0 3001348031.0 191783041.0 337288780.0 0.0 40344.0 110409657.0 370949247.0 50770959.0 2417.0 36773354.0 14895.0 4787430.0 1228802.0
48121.0 3835024.0 122606.0 116769846.0 822190252.0 1074.0 50593307.0 3115791.0 390194.0 1301335206.0 21391793641.0 194168141284.0 4805871043.0 819888807.0 15644029216.0 1968.0 508566.0 1803166480.0 103937939.0 327838503.0 0.0 29260.0 148175098.0 261392251.0 45003192.0 1950.0 41070052.0 12290.0 5382013.0 1260607.0
58063.0 9516179.0 220059.0 280639687.0 3933675248.0 1795.0 162429759.0 9960411.0 1091929.0 2968435281.0 77913171650.0 1.71857849697e+12 19641791682.0 2127463027.0 90448649080.0 3494.0 1065730.0 10618212892.0 367302221.0 1113010939.0 0.0 63064.0 795291718.0 1156175490.0 198045872.0 3832.0 183452248.0 31741.0 24741722.0 5478455.0
53269.0 8371725.0 162923.0 209478918.0 4054405518.0 983.0 118323828.0 6693760.0 618804.0 1965667098.0 63173214852.5 2.15433172489e+12 12653620938.0 1411158328.0 78193292959.0 1310.0 578190.0 7073286900.0 245186662.0 671157542.0 0.0 23666.0 612037757.0 650127463.0 113996347.0 1402.0 101397858.0 12384.0 12129930.0 2443345.0
54007.0 8466485.0 171428.0 242690076.0 2805716003.0 991.0 126824552.0 7618857.0 691808.0 2165269360.0 66138662996.0 831823018688.0 17679688894.0 1592149446.0 57148876493.0 1444.0 600851.0 7676318053.0 259780353.0 810831437.0 0.0 24816.0 781319112.0 771745035.0 126050753.0 1378.0 122319298.0 12922.0 15237134.0 2799962.0
52144.0 12813932.0 149883.0 190664503.0 12916248004.0 860.0 149373691.0 6479804.0 514007.0 1439002737.0 96239466818.5 1.26254414956e+13 11409125346.0 1184816730.0 202388622661.0 1009.0 466557.0 9593355656.0 299730255.0 521230669.0 0.0 18792.0 710062195.0 658474042.0 100409344.0 1220.0 90923120.0 9075.0 10795948.0 1768998.0
47500.0 3605947.0 115987.0 110819641.0 710728671.0 932.0 45387055.0 2606232.0 337994.0 1230056678.0 19885177930.0 142603638073.0 4351364816.0 767512128.0 13070483640.0 1383.0 436721.0 1403212752.0 94044071.0 287221158.0 0.0 24660.0 136156078.0 220897258.0 35264819.0 1518.0 31351826.0 10120.0 3896481.0 989593.0
50509.0 4004850.0 142376.0 146689405.0 616118596.0 1195.0 56283720.0 3823147.0 534652.0 1781771948.0 23123222828.5 89553755100.0 6597206983.0 1031368505.0 12096879657.0 1701.0 535012.0 1711950146.0 113290894.0 484490023.0 0.0 33202.0 192033628.0 363661156.0 48939619.0 2141.0 54081477.0 13960.0 7444359.0 2243823.0
57004.0 9298545.0 201668.0 255987906.0 4221693291.0 1629.0 148534288.0 9151324.0 901777.0 2628714330.0 74814485847.5 2.06471696284e+12 16084366018.0 1911507639.0 91277704734.0 3502.0 963498.0 9864824112.0 337512503.0 918551913.0 0.0 57786.0 1148512093.0 952652260.0 164979497.0 3194.0 154893023.0 25621.0 18173690.0 4066843.0
55211.0 6865298.0 189561.0 227440595.0 2102387534.0 1791.0 112794054.0 6309168.0 884288.0 2630283149.0 51985318211.0 704217068655.0 13640958324.0 1714364684.0 47560164739.0 4101.0 956210.0 5167126318.0 257169005.0 828231737.0 0.0 65562.0 303015691.0 814624323.0 120732189.0 4123.0 109404156.0 31611.0 16021074.0 4323228.0
52088.0 4960267.0 166218.0 174515093.0 1089068278.0 1623.0 76769126.0 5119746.0 728221.0 2128155618.0 32551394464.5 267216879689.0 8708307230.0 1318618596.0 23233544402.0 3520.0 870960.0 2751417096.0 167687419.0 644505245.0 0.0 59246.0 255804119.0 537610790.0 78195993.0 3700.0 81187900.0 26631.0 12202615.0 3368536.0
58650.0 11202815.0 210017.0 266639801.0 7321386446.0 2127.0 174203011.0 8478486.0 930632.0 2747779328.0 93766092916.5 5.16624187018e+12 17312018987.0 2028844202.0 153140059493.0 4666.0 1192974.0 11249349576.0 417488483.0 920166545.0 0.0 71380.0 742210617.0 1070687917.0 174199721.0 4591.0 146268789.0 34513.0 17760355.0 4233539.0
56814.0 23923559.0 174380.0 248240843.0 35656351705.0 1094.0 275624505.0 9324137.0 602832.0 1751119300.0 167886683586.0 4.78236007229e+13 18320178227.0 1529439018.0 560592125050.0 1894.0 758188.0 27889983025.0 551609530.0 586807716.0 0.0 30392.0 1996720473.0 1136383606.0 181408027.0 1756.0 132635916.0 14317.0 11497721.0 2098026.0
53658.0 7823122.0 165793.0 193349380.0 4068382126.0 1676.0 112464946.0 5218761.0 629798.0 2027695682.0 59359719026.5 2.31161880285e+12 10353053708.0 1414761233.0 81710512174.0 3742.0 873893.0 5752414093.0 262759166.0 578800200.0 0.0 55356.0 333256197.0 626663287.0 96192226.0 3328.0 78756668.0 22518.0 9567059.0 2414552.0
52419.0 5488202.0 159648.0 182130787.0 1338255079.0 1474.0 82912395.0 5145519.0 634211.0 2076537490.0 37303394559.5 330399380849.0 9566657378.0 1325494214.0 28237689264.0 3154.0 781284.0 3666026174.0 178757052.0 612844401.0 0.0 51292.0 310233663.0 524125183.0 83995287.0 3234.0 79416318.0 23677.0 10329311.0 2625573.0
51409.0 4273152.0 150134.0 148918987.0 782786934.0 1377.0 62375453.0 4136291.0 557514.0 1818632566.0 25770111191.0 145896699564.0 6657715376.0 1119314419.0 16325473053.0 2128.0 700699.0 2101843784.0 137480035.0 497320348.0 0.0 37998.0 218084430.0 377918228.0 58925848.0 2658.0 59259485.0 17473.0 8157405.0 2143686.0
71991.0 70263088.0 276126.0 382559982.0 149554858449.0 1961.0 813028505.0 55194504.0 1031055.0 2134815429.0 431528808708.0 2.51964289543e+14 41096660802.0 2404764009.0 2.39009907415e+12 3631.0 1248743.0 165266143620.0 1706868743.0 796113764.0 0.0 62456.0 77932579740.0 3213193338.0 462895484.0 4043.0 705361495.0 28091.0 33666972.0 3589304.0
49135.0 5724687.0 127060.0 127126780.0 3086120291.0 933.0 71571346.0 2964111.0 401039.0 1332535027.0 37933670549.5 1.8351453299e+12 4967987835.0 879374366.0 54999220375.0 1824.0 452817.0 2825647307.0 155781786.0 315216981.0 0.0 27260.0 114116399.0 336891109.0 50816642.0 1459.0 37247497.0 10649.0 4838457.0 1328425.0
52409.0 5686217.0 159879.0 180694556.0 1514221310.0 1443.0 84500931.0 5130777.0 618432.0 1976071448.0 39127326308.5 420493446057.0 9528547288.0 1318362615.0 31616157515.0 2530.0 776247.0 3655332925.0 185020094.0 599342427.0 0.0 43448.0 345292301.0 515246083.0 83424835.0 2838.0 76883473.0 20113.0 9999174.0 2437955.0
58857.0 14199491.0 217597.0 292483298.0 11132985432.0 1669.0 216285170.0 10836085.0 1039352.0 2744330253.0 115791639214.0 9.05789524183e+12 21253541774.0 2102398071.0 222904462384.0 3146.0 1004177.0 18300846843.0 474818331.0 1007077707.0 0.0 59800.0 1386328877.0 1347287335.0 225698541.0 3974.0 193565213.0 31749.0 21862755.0 5230911.0
51302.0 8866374.0 145979.0 157095790.0 7044051759.0 1386.0 113200957.0 4558086.0 498147.0 1514471224.0 61436013924.5 5.64442675143e+12 6522502509.0 1106532945.0 125410715125.0 2529.0 687476.0 6467802493.0 252489824.0 397490189.0 0.0 42790.0 405822284.0 523869871.0 81798547.0 2530.0 63088826.0 18237.0 7059560.0 1662448.0
49101.0 3436973.0 127298.0 112499260.0 616802454.0 1146.0 45488031.0 2636730.0 392608.0 1400207777.0 18789841402.5 122972815423.0 4161954137.0 847478629.0 12154552555.0 2073.0 528094.0 1273819735.0 101034397.0 305867434.0 0.0 32972.0 98810089.0 232946710.0 37487141.0 1815.0 31962242.0 12356.0 4295209.0 1186411.0
54774.0 6265648.0 181455.0 212215936.0 1660704466.0 1662.0 101114663.0 6247967.0 789470.0 2483335615.0 45607302472.5 454855743684.0 11812515206.0 1612545523.0 37454125446.0 3548.0 902630.0 4629992583.0 229998709.0 758525060.0 0.0 59630.0 412925278.0 688204687.0 110881218.0 3920.0 103858718.0 27457.0 13793965.0 3591787.0
54546.0 9110721.0 171919.0 238419274.0 4007156168.0 1204.0 131245432.0 7727674.0 667176.0 2184775186.0 72422222271.0 1.78362915072e+12 15703937632.0 1587511458.0 78573998279.0 2082.0 736874.0 8775611169.0 267736100.0 781304964.0 0.0 32456.0 885769539.0 746657165.0 131947429.0 2156.0 118501450.0 15983.0 13530019.0 2639296.0
50898.0 8295734.0 137313.0 156279970.0 6089543455.0 1147.0 100828465.0 3678511.0 444448.0 1443133640.0 60597195297.5 4.5698167007e+12 7188289205.0 1044010806.0 103335884771.0 2175.0 619053.0 4961037283.0 217368259.0 375057616.0 0.0 34538.0 251644115.0 457496292.0 65982581.0 1913.0 47925618.0 13702.0 5574197.0 1466328.0
51411.0 5840689.0 143647.0 156412046.0 2161258962.0 1567.0 80050311.0 3762886.0 477975.0 1666386195.0 41329906015.5 824274852419.0 7581430040.0 1125004981.0 42712808426.0 3188.0 867533.0 3457426798.0 182624242.0 428026597.0 0.0 51268.0 200524347.0 415047939.0 64984606.0 3084.0 51091816.0 19074.0 6287418.0 1575512.0
50564.0 9706802.0 129793.0 146141083.0 8577573696.0 1169.0 112004745.0 3361044.0 370795.0 1141347032.0 71119840796.0 7.19870253845e+12 6694477097.0 944389589.0 140843252149.0 1824.0 631903.0 5937863244.0 251278567.0 289361773.0 0.0 30674.0 352614849.0 439152023.0 55978704.0 1875.0 40485501.0 11296.0 3833125.0 1025653.0
51197.0 7372679.0 144970.0 186124548.0 2935681247.0 1123.0 100854006.0 5377157.0 499930.0 1677285765.0 53684919762.0 1.16529180175e+12 11085657359.0 1231625933.0 55602958780.0 1698.0 616369.0 5896238592.0 211431379.0 527127598.0 0.0 29078.0 544541413.0 520795220.0 89077413.0 1759.0 76797364.0 13678.0 8421327.0 1712868.0
54488.0 6943064.0 185738.0 219145967.0 2153793231.0 1517.0 111857094.0 7081684.0 876999.0 2353791601.0 51344236093.0 707324297729.0 13394422485.0 1589689233.0 47003602045.0 2866.0 799548.0 5575059684.0 239794014.0 830046313.0 0.0 49930.0 460662155.0 798769361.0 121848775.0 3420.0 121779821.0 24579.0 18063946.0 4402711.0
55358.0 13017872.0 182975.0 220973300.0 13434317731.0 1643.0 171555982.0 6379100.0 802556.0 2189990316.0 98128478272.0 1.36615009415e+13 12075140355.0 1541017915.0 237394492093.0 3151.0 888789.0 10348038221.0 373132339.0 690789656.0 0.0 56378.0 403033165.0 954526591.0 133424498.0 4189.0 102074350.0 27795.0 13780991.0 3849470.0
53402.0 38022025.0 134490.0 161908826.0 98228115606.0 870.0 321938672.0 4617615.0 359167.0 948800848.0 181058114474.0 2.03802044696e+14 4088623934.0 879671688.0 1.19050715817e+12 1101.0 505996.0 22372000824.0 570358140.0 209656520.0 0.0 19922.0 672432991.0 932049835.0 96499431.0 1271.0 52587408.0 8616.0 4359445.0 936340.0
50949.0 8200276.0 142694.0 169970880.0 4815567764.0 1138.0 106075069.0 4767845.0 474360.0 1552052639.0 60020766189.5 2.80541891921e+12 8833207932.0 1145419881.0 87358125429.0 2149.0 597960.0 6426241381.0 230563885.0 441178472.0 0.0 32532.0 513352674.0 503185100.0 80360169.0 1957.0 64745649.0 14113.0 6638590.0 1533720.0
50582.0 5423531.0 136421.0 148157553.0 1952498649.0 1183.0 71989127.0 3278190.0 442336.0 1568281701.0 37153121649.5 792850450623.0 6861832604.0 1040529940.0 37144364704.0 1894.0 639834.0 2801985700.0 159647512.0 393603589.0 0.0 31310.0 144155438.0 367689176.0 55861412.0 1958.0 42862423.0 13305.0 5497662.0 1440691.0
51904.0 5249227.0 159275.0 166337547.0 1383933370.0 1573.0 80019355.0 4660222.0 638734.0 1927246819.0 34740665251.0 387327732734.0 8356076111.0 1252011501.0 29914292931.0 3499.0 802445.0 3314193515.0 179508677.0 552094057.0 0.0 54088.0 209486257.0 504397104.0 82280000.0 3739.0 71640397.0 23469.0 10199488.0 2634700.0
63503.0 18420389.0 251443.0 387915291.0 12525487364.0 1969.0 298264427.0 17281725.0 1158777.0 3128602737.0 171008908725.0 7.66494172502e+12 40377807600.0 2744482508.0 271525634166.0 3268.0 1312700.0 31537106548.0 678063883.0 1380305610.0 0.0 55434.0 3523048503.0 1825576332.0 329958658.0 4144.0 315617625.0 32590.0 31980627.0 5162315.0
51351.0 6407202.0 145236.0 140295989.0 3900136768.0 1584.0 83686042.0 3474716.0 506690.0 1570090385.0 45001295065.5 2.57898218147e+12 5704265297.0 1023153003.0 72534707473.0 3061.0 771331.0 3044954026.0 197150590.0 386972254.0 0.0 51950.0 131867174.0 422206540.0 55761985.0 3263.0 46168437.0 20424.0 6431273.0 1817946.0
56374.0 10734360.0 188705.0 249861605.0 6085289312.0 1618.0 159123733.0 8761393.0 782827.0 2294095428.0 88091228340.5 3.49012559089e+12 17125698843.0 1761077472.0 122169495254.0 2780.0 915759.0 11188644630.0 358869219.0 809817884.0 0.0 49434.0 1175905779.0 920381431.0 148563205.0 3223.0 144044295.0 24067.0 15701358.0 3278065.0
62259.0 19003446.0 241891.0 365011984.0 17130302231.0 1555.0 288117627.0 17360615.0 1139440.0 3023414167.0 160943302500.0 1.60852851983e+13 30916339406.0 2515197934.0 335114908379.0 2661.0 1048340.0 31774134793.0 607878068.0 1339740006.0 0.0 44374.0 3470799144.0 1724776698.0 308536159.0 2800.0 306214668.0 23969.0 33873976.0 5428025.0
56275.0 12106202.0 188195.0 248503409.0 8119611271.0 1210.0 174107742.0 10230084.0 761700.0 2244765252.0 95590382987.0 5.2402140605e+12 15020230343.0 1738204120.0 158993022149.0 2183.0 741240.0 14835244068.0 385719489.0 774228723.0 0.0 35386.0 2396160083.0 938758631.0 161747719.0 1899.0 158439982.0 16987.0 15117816.0 3122694.0
55512.0 8437526.0 185250.0 237678671.0 3310048690.0 1371.0 130920918.0 7413865.0 774350.0 2352557083.0 66419351890.5 1.31949250783e+12 15563707819.0 1720297870.0 70790299411.0 2138.0 818240.0 7679111777.0 292035466.0 809768711.0 0.0 37906.0 635252559.0 809522779.0 137805157.0 2286.0 122304885.0 19729.0 14738361.0 3246934.0
56450.0 11800516.0 190224.0 272576329.0 6288678685.0 1147.0 174172180.0 9131110.0 790288.0 2237340067.0 99207257807.5 3.13154415609e+12 22611926799.0 1814761669.0 126546064926.0 1253.0 754862.0 12846180589.0 371886338.0 891403594.0 0.0 28112.0 1044394210.0 1011000909.0 169044047.0 1936.0 151023248.0 14848.0 17570543.0 3331213.0
45290.0 2277009.0 94446.0 68510383.0 303082692.0 783.0 24558771.0 1349383.0 213152.0 825586047.0 9569666883.0 43942534118.0 1924654237.0 470419249.0 5063786221.0 1250.0 304727.0 517701560.0 48345643.0 139927573.0 0.0 17972.0 28807101.0 94757867.0 16111066.0 884.0 12301326.0 6166.0 1634081.0 442604.0
49072.0 5367542.0 128285.0 136806459.0 2180925502.0 1073.0 69563531.0 3257724.0 417563.0 1405827135.0 35083044338.0 1.02640198733e+12 6097149871.0 927780492.0 39911641448.0 1547.0 521928.0 2945532746.0 146627974.0 357266581.0 0.0 28656.0 178466268.0 351758532.0 53672808.0 1769.0 43221061.0 13196.0 5548466.0 1397932.0
56540.0 19972107.0 170634.0 248518751.0 22311084987.0 1404.0 243717284.0 9201807.0 552146.0 1665553047.0 156387951000.0 2.17336003492e+13 21307338280.0 1546211598.0 378321127063.0 2363.0 880669.0 25045327473.0 521524066.0 567226383.0 0.0 39544.0 2578630934.0 1006004969.0 159698129.0 2541.0 127746936.0 17344.0 9337967.0 1688070.0
65715.0 23513458.0 280704.0 415661886.0 21803052905.0 1800.0 377556509.0 23641236.0 1437045.0 3352065764.0 204074186971.0 1.91592542133e+13 41130438541.0 2990507838.0 458818230782.0 3613.0 1240763.0 49194971199.0 832179928.0 1555629648.0 0.0 54650.0 6101871768.0 2357832752.0 437293650.0 3380.0 440249624.0 31693.0 45244991.0 7326397.0
60526.0 19202888.0 218943.0 313216030.0 18360506793.0 1771.0 271131444.0 14496256.0 926574.0 2534276896.0 161664280507.0 1.60822174862e+13 24387911634.0 2167063130.0 349140732904.0 3762.0 1191743.0 29159476968.0 602343801.0 983748141.0 0.0 58102.0 4240161279.0 1442046746.0 244126710.0 3595.0 231531723.0 27670.0 21155232.0 3913236.0
51040.0 5835958.0 144823.0 153940642.0 2223552307.0 1287.0 80351463.0 4096353.0 505179.0 1626951415.0 40980053348.0 892241339800.0 7303213532.0 1107052979.0 43911279623.0 2899.0 664527.0 3397961800.0 186228458.0 436147001.0 0.0 42804.0 315541932.0 428197072.0 62862577.0 2422.0 56536220.0 17227.0 6810224.0 1766038.0
59336.0 25193794.0 199953.0 279221102.0 35331799813.0 1491.0 312997924.0 14441192.0 735197.0 1971304969.0 180930734564.0 4.51699808907e+13 18198005849.0 1848019751.0 591473324208.0 2813.0 949272.0 36825850396.0 666653206.0 715076738.0 0.0 44792.0 5908033067.0 1379784033.0 225412131.0 2372.0 211467047.0 19734.0 16277707.0 2533333.0
49585.0 4822069.0 129052.0 136580172.0 1441467966.0 1277.0 63134089.0 3157063.0 393683.0 1449622174.0 31595187847.5 461821934869.0 6147133271.0 950258944.0 27420773941.0 2172.0 635753.0 2350641984.0 137706075.0 365015754.0 0.0 33138.0 142444742.0 309689770.0 49215904.0 2068.0 40208821.0 13637.0 5014375.0 1161869.0
50020.0 4721332.0 129258.0 129994950.0 1468494777.0 1138.0 61530198.0 2857499.0 374189.0 1395160794.0 30608640767.5 493851955009.0 5481851173.0 932973480.0 28316260525.0 2221.0 555371.0 2321439429.0 140364749.0 322022003.0 0.0 31006.0 153506685.0 286293792.0 45570397.0 1784.0 35035391.0 11527.0 4067617.0 1030837.0
55507.0 14504896.0 172789.0 234454473.0 12327923098.0 1171.0 189129824.0 10595749.0 602163.0 1836276473.0 112771112948.0 9.66094129671e+12 13541302075.0 1557754612.0 219824685402.0 1817.0 719924.0 19038869660.0 402117993.0 629404602.0 0.0 32988.0 3171159001.0 852826428.0 154814483.0 1867.0 147998147.0 14180.0 12364424.0 2012313.0
60194.0 23137529.0 212968.0 334351921.0 27742002880.0 1330.0 302567600.0 15328562.0 872639.0 2366339566.0 183467499660.0 3.28550511569e+13 30648549012.0 2089902562.0 475752677420.0 2455.0 904555.0 34707138191.0 599318413.0 1069944502.0 0.0 35622.0 3199628057.0 1531603378.0 262715805.0 2606.0 243183097.0 18440.0 24826162.0 3536239.0
57137.0 6702352.0 221896.0 252489521.0 1586975073.0 2469.0 124121424.0 8385988.0 1232605.0 3167450295.0 49664990888.5 395433898681.0 15591491431.0 2034323550.0 40053370144.0 7194.0 1352851.0 5830742701.0 290235073.0 1090138957.0 0.0 104912.0 462350391.0 1061680044.0 156036245.0 6822.0 162241642.0 51352.0 24458376.0 7172179.0
58202.0 16555528.0 194964.0 273734803.0 15772321250.0 1529.0 225416788.0 9367977.0 771672.0 2236124248.0 137031459700.0 1.43478511888e+13 21770555358.0 1843877192.0 290874588665.0 2810.0 916682.0 19245329679.0 505168685.0 801221796.0 0.0 43990.0 1589218363.0 1159463562.0 174711147.0 3076.0 149369781.0 21218.0 15275569.0 3081895.0
58513.0 26970158.0 182792.0 249927842.0 45100201603.0 1633.0 310915775.0 10209163.0 610112.0 1781313070.0 179772590433.0 6.72344476877e+13 13739870930.0 1617922256.0 711429447769.0 3273.0 1030642.0 33929833167.0 653214662.0 545807028.0 0.0 53054.0 3229378084.0 1235610090.0 189750096.0 3234.0 141653067.0 21606.0 10259169.0 1938289.0
51236.0 4311934.0 146424.0 151132267.0 828307034.0 1348.0 62755882.0 3791794.0 525161.0 1861349319.0 26460639081.0 167574380210.0 6777791078.0 1131344298.0 17469595876.0 2372.0 644922.0 2161322648.0 137799580.0 475907068.0 0.0 40632.0 150144744.0 373620410.0 61460042.0 2467.0 53244683.0 17848.0 7287064.0 1949996.0
55161.0 16389714.0 162034.0 238112093.0 15334863995.0 1189.0 205164900.0 7762951.0 514231.0 1646921006.0 130304884676.0 1.27245949337e+13 20013432980.0 1484035154.0 267734529786.0 1998.0 778124.0 18599738912.0 439888388.0 555848814.0 0.0 30106.0 1520630033.0 864365060.0 143468472.0 1691.0 109448031.0 13854.0 8829017.0 1525735.0
54053.0 6808221.0 173179.0 211305294.0 2191989688.0 1420.0 104117690.0 6127900.0 717866.0 2255183683.0 50816629618.5 763863896694.0 12258577518.0 1529017736.0 45998488550.0 2282.0 767636.0 5205291859.0 230143832.0 723241886.0 0.0 41896.0 446696193.0 663605689.0 103163597.0 2583.0 97803347.0 19305.0 12866944.0 3102602.0
46930.0 3778998.0 106836.0 105065159.0 1010423753.0 781.0 44030768.0 2305928.0 279193.0 1121024720.0 21827733165.5 316429098359.0 3907531628.0 688927687.0 17292164137.0 982.0 345263.0 1364873437.0 88960822.0 249590887.0 0.0 16876.0 113033691.0 190576549.0 29947238.0 1034.0 25213467.0 6956.0 3022216.0 721055.0
50949.0 5205243.0 146983.0 154033567.0 1538430414.0 1240.0 74320196.0 4037740.0 542718.0 1699430720.0 34602946113.5 490281277621.0 7423029263.0 1118712613.0 31099738771.0 1993.0 643638.0 2991591706.0 163352942.0 470691905.0 0.0 37132.0 181538280.0 431001480.0 68629367.0 2204.0 58102548.0 16343.0 8157825.0 2060405.0
56774.0 10159430.0 193510.0 247828198.0 5382403934.0 1797.0 157253640.0 7921307.0 814809.0 2445743472.0 82085852955.0 2.85434887394e+12 16705930156.0 1822416338.0 114821707342.0 3663.0 968651.0 10638827832.0 366794277.0 800626346.0 0.0 61348.0 858659787.0 939050118.0 156952831.0 3719.0 132899535.0 28436.0 15228339.0 3446046.0
48167.0 4243479.0 118071.0 123122725.0 1022163979.0 920.0 52871003.0 2849866.0 339370.0 1272518663.0 25790334166.0 246263446745.0 5285188430.0 828060710.0 18421873243.0 1605.0 461782.0 1907625280.0 108949493.0 317162249.0 0.0 20568.0 156855395.0 246934550.0 40420728.0 1229.0 34180075.0 8259.0 4164787.0 966408.0
53169.0 7045535.0 169523.0 194626002.0 2746986137.0 1612.0 105146036.0 5455984.0 679430.0 2024460054.0 53035408556.5 1.13795078952e+12 11059328929.0 1444393017.0 57222261094.0 3264.0 874137.0 5048214317.0 242478095.0 632365081.0 0.0 51686.0 295257596.0 626030201.0 101068656.0 3253.0 84445529.0 21767.0 11220354.0 2684920.0
54407.0 7801959.0 172511.0 222246670.0 2646317745.0 1167.0 117035409.0 7523371.0 656555.0 2120578328.0 59487800390.5 842188341133.0 14099067290.0 1561990805.0 54703281730.0 1721.0 701843.0 7266924970.0 252880887.0 742982442.0 0.0 28090.0 850374825.0 666445352.0 118467709.0 1824.0 117848162.0 14529.0 13430327.0 2427506.0
52118.0 9375650.0 150030.0 176916112.0 6945002131.0 1022.0 119648666.0 5435115.0 526204.0 1620267591.0 68554764533.5 5.21266691135e+12 8368698823.0 1185387139.0 122745268210.0 1612.0 520857.0 7239165818.0 262582053.0 480819343.0 0.0 25850.0 830813256.0 574290365.0 85069578.0 1519.0 74053472.0 11810.0 7770140.0 1946103.0
58541.0 13235854.0 207227.0 265260157.0 11321917085.0 1652.0 195123402.0 8598185.0 895492.0 2590377668.0 107787122998.0 1.01196168009e+13 17385296307.0 1978348598.0 222734135969.0 3248.0 984571.0 13250457372.0 459223352.0 873086889.0 0.0 53034.0 782067320.0 1127592771.0 178616179.0 3280.0 147488256.0 24790.0 17247744.0 3881748.0
56217.0 8939246.0 195908.0 258206891.0 3212465079.0 1610.0 143727468.0 8773317.0 870287.0 2476651489.0 72057244421.0 1.06942246098e+12 18369669357.0 1858194896.0 70852373744.0 2659.0 945678.0 8915440242.0 321667651.0 924582051.0 0.0 48360.0 939156450.0 941198916.0 155032767.0 3200.0 150561074.0 24913.0 18105818.0 3887467.0
67802.0 19081122.0 320052.0 492477603.0 10956202114.0 2004.0 356651563.0 23857670.0 1916257.0 4201300665.0 188752018526.0 5.92099375167e+12 56256990449.0 3603397314.0 265245403911.0 3583.0 1490139.0 37163141946.0 784426036.0 2248887889.0 0.0 63224.0 3374775253.0 2827159891.0 498499638.0 4200.0 511796134.0 40432.0 67387674.0 11441784.0
45196.0 5462192.0 92282.0 92510172.0 3586633151.0 764.0 54689329.0 1619065.0 200189.0 762173266.0 36016849841.0 2.33662333742e+12 2982267357.0 542306030.0 53095852469.0 1044.0 363144.0 1711433963.0 111285298.0 161217412.0 0.0 16824.0 69041901.0 178217932.0 22117374.0 1036.0 14794881.0 5947.0 1618693.0 402242.0
54244.0 10896416.0 167137.0 216843183.0 7282394743.0 1296.0 147313280.0 8578136.0 614135.0 1910805008.0 84807215660.5 4.70447312253e+12 11714466383.0 1478484836.0 135450420122.0 1990.0 770693.0 10187628930.0 323029828.0 622650241.0 0.0 35640.0 2498846933.0 730446199.0 125692799.0 2129.0 122092938.0 16151.0 10919289.0 2288662.0
52825.0 13325058.0 147458.0 202687916.0 11969728087.0 1266.0 158533610.0 6207137.0 467840.0 1487923188.0 104014342809.0 9.86855876342e+12 13299015788.0 1251888830.0 196573322577.0 1972.0 760600.0 12444666690.0 333094109.0 473083287.0 0.0 35932.0 1234219505.0 671750039.0 97595709.0 3086.0 83765336.0 15452.0 6939043.0 1441895.0
50666.0 4622741.0 141848.0 150914578.0 1013776542.0 1225.0 65140136.0 4099929.0 486174.0 1717157883.0 29221756905.0 227415589046.0 6882726472.0 1100111591.0 20502544409.0 2012.0 596132.0 2477905416.0 142269734.0 459478905.0 0.0 32386.0 274103310.0 361125673.0 60773916.0 1889.0 56423237.0 13913.0 6933728.0 1679789.0
51185.0 7738650.0 136962.0 175221833.0 4175351791.0 966.0 96938846.0 4157279.0 421034.0 1558513838.0 58318122249.0 2.41069348308e+12 9716558302.0 1131688966.0 72655723348.0 1317.0 528519.0 4801188539.0 202754550.0 461611525.0 0.0 22456.0 274979381.0 445274413.0 72355527.0 1372.0 54982106.0 10281.0 6231775.0 1284780.0
53614.0 6013187.0 175081.0 203478310.0 1469478063.0 1580.0 95325979.0 6551062.0 750932.0 2318378238.0 41976501481.5 354746668154.0 11352137057.0 1502690817.0 32238071471.0 2799.0 839191.0 4481430595.0 205804508.0 743391004.0 0.0 50170.0 550886571.0 638280302.0 104037360.0 3334.0 107417130.0 24409.0 13740858.0 3336685.0
55116.0 21955177.0 159364.0 209764425.0 36005489020.0 1311.0 240000106.0 5866623.0 522514.0 1622901981.0 143902807993.0 5.18933340553e+13 11014845391.0 1315736515.0 546190241142.0 1952.0 745799.0 18310413357.0 487488138.0 444461445.0 0.0 36570.0 716841533.0 938470361.0 132258840.0 2559.0 80202367.0 16456.0 7551194.0 1706450.0
52923.0 9558824.0 151452.0 175457144.0 8053878174.0 1502.0 121065435.0 4198582.0 509447.0 1722747964.0 70774834442.0 6.85538281473e+12 8402603852.0 1211847787.0 142740323214.0 2594.0 800263.0 5777236010.0 274116366.0 461243866.0 0.0 44540.0 207234699.0 566898563.0 80800647.0 2806.0 57052292.0 18110.0 7031686.0 1751076.0
51985.0 3577040.0 152328.0 130867707.0 582222392.0 1676.0 52228502.0 3503241.0 569654.0 1871187024.0 19677403380.5 118096188753.0 5050593654.0 1056149616.0 12400708089.0 3451.0 792059.0 1411867733.0 119546507.0 433175892.0 0.0 57360.0 133587803.0 329260464.0 49221033.0 3419.0 47842302.0 23612.0 7123261.0 2259342.0
48780.0 4465698.0 119530.0 112366152.0 1792272145.0 1340.0 53556668.0 2323410.0 332496.0 1247216157.0 28691438239.5 849464701814.0 3966202289.0 777330997.0 31710877147.0 2457.0 578371.0 1741167074.0 117099984.0 260928636.0 0.0 36528.0 84816353.0 236287559.0 34540966.0 2273.0 25440757.0 13341.0 3277479.0 896571.0
48852.0 4475587.0 123564.0 122110651.0 1323761219.0 1122.0 57140067.0 2864651.0 369468.0 1254902686.0 28410517277.0 421158036276.0 5213006192.0 847135305.0 24510951248.0 1773.0 540738.0 2004609617.0 124430087.0 313064625.0 0.0 28570.0 121925836.0 272658166.0 43498459.0 1980.0 35445263.0 11095.0 4576570.0 1082083.0
52270.0 10353252.0 147721.0 187779168.0 7894758650.0 1134.0 130297022.0 4946619.0 501188.0 1624844921.0 78483351966.0 5.94117947389e+12 11018315127.0 1223944764.0 137682960597.0 1761.0 609892.0 7828689794.0 279792128.0 474355138.0 0.0 30290.0 450247795.0 609709121.0 93072992.0 2084.0 69277520.0 13375.0 7345799.0 1735907.0
59339.0 25987394.0 192509.0 274181205.0 34839041971.0 1536.0 320314789.0 11917663.0 680426.0 1862517839.0 195491245166.0 3.9447753967e+13 25734985264.0 1747466291.0 594530222838.0 2698.0 938196.0 37857234643.0 690095811.0 626424759.0 0.0 46728.0 4408375329.0 1363574117.0 213554650.0 3212.0 172039309.0 21745.0 12192620.0 2343937.0
57828.0 12623986.0 203472.0 259235194.0 9469781898.0 1514.0 186923056.0 9331633.0 877798.0 2393136009.0 101960710255.0 7.38018805213e+12 16673241923.0 1904635933.0 187461293290.0 2643.0 905574.0 14693201839.0 427336957.0 854321893.0 0.0 48070.0 1264795889.0 1077188593.0 180890516.0 2899.0 155705095.0 24361.0 17502259.0 3826988.0
51555.0 9010110.0 141764.0 155519375.0 7359867378.0 1274.0 112117694.0 4055461.0 450320.0 1432896218.0 65071262513.5 5.99073857463e+12 7033145693.0 1069064085.0 128956711694.0 2209.0 673544.0 5443326051.0 253342717.0 380560374.0 0.0 37334.0 258502650.0 490984498.0 74159272.0 2283.0 53498144.0 14338.0 6237044.0 1406952.0
50780.0 5562689.0 144107.0 172884120.0 1403699527.0 1306.0 76905237.0 5461328.0 524920.0 1796929695.0 37292886900.0 339815158884.0 8947843214.0 1149398132.0 26712970463.0 2024.0 711101.0 3632594529.0 152746226.0 555970680.0 0.0 34046.0 576720879.0 441691300.0 70193082.0 2399.0 77197206.0 15425.0 8945055.0 1997720.0
53098.0 9183823.0 161367.0 189539661.0 6230049240.0 1650.0 122331635.0 5322084.0 603882.0 1769984779.0 71585644156.0 4.40002379921e+12 10704220531.0 1323543389.0 112630045525.0 2733.0 860894.0 6464690053.0 275210074.0 553718212.0 0.0 49406.0 403294492.0 640552777.0 92484496.0 3533.0 79470854.0 21004.0 9930117.0 2294036.0
50977.0 7384149.0 138483.0 179860156.0 3209700904.0 1143.0 96217884.0 4836191.0 442611.0 1608496331.0 54604849499.0 1.41686450193e+12 10463955994.0 1162019988.0 58689829568.0 1389.0 622993.0 5108382838.0 200743462.0 486488208.0 0.0 27568.0 476035784.0 464311711.0 76506802.0 1600.0 65641490.0 12184.0 7050266.0 1386986.0
55941.0 7534986.0 186906.0 234714650.0 2492721091.0 1591.0 120259530.0 6961918.0 798639.0 2515359996.0 58774289535.5 841679384515.0 14463176862.0 1738044892.0 54932650482.0 3050.0 874906.0 6319562146.0 271840837.0 824354022.0 0.0 46368.0 470260162.0 783513592.0 131585044.0 3188.0 116470207.0 22925.0 15268474.0 3590508.0
47597.0 2515066.0 121688.0 90867331.0 257287015.0 1548.0 32960594.0 2412875.0 395833.0 1316526493.0 10460888893.0 28746269344.0 2962170187.0 692151320.0 5010051449.0 3657.0 735720.0 732404506.0 68613545.0 274583202.0 0.0 58484.0 68020684.0 185383068.0 28371205.0 4089.0 29471040.0 20330.0 4325076.0 1362661.0
53676.0 5417708.0 172082.0 179019668.0 1378804896.0 1589.0 84732258.0 5687212.0 687283.0 2128221869.0 36282074966.5 386418546865.0 8769510441.0 1409213319.0 30419440485.0 2733.0 829153.0 3850258939.0 197223905.0 632364044.0 0.0 47808.0 391539690.0 528185054.0 90118478.0 2980.0 88119976.0 22245.0 11149267.0 2835125.0
56537.0 9038453.0 194792.0 247343444.0 4440127495.0 1353.0 141540100.0 7303805.0 854119.0 2574681291.0 72086732586.0 2.50358153515e+12 15509971535.0 1831328368.0 93667731844.0 2335.0 739597.0 8331949930.0 322662905.0 861894964.0 0.0 39836.0 514843826.0 906106902.0 147691312.0 2555.0 122983721.0 20366.0 16166915.0 3857321.0
57704.0 17094888.0 194501.0 257555942.0 19570004620.0 1901.0 225854098.0 8472393.0 784945.0 2274808929.0 131613339718.0 2.15960153111e+13 17563244582.0 1781877036.0 347984308416.0 4160.0 1149064.0 17506496503.0 498266740.0 760164713.0 0.0 67514.0 977707847.0 1148822632.0 177721854.0 4736.0 135709621.0 30068.0 14915366.0 3222171.0
57767.0 6980629.0 225234.0 254818474.0 1854133377.0 2375.0 126436773.0 8544416.0 1223967.0 3141845918.0 53304706556.0 551459638256.0 15624952399.0 2073945814.0 45495943727.0 4843.0 1306630.0 5813019488.0 299940605.0 1109894206.0 0.0 95008.0 488897747.0 1048986974.0 155175865.0 6330.0 161665105.0 47302.0 24116566.0 7042161.0
59610.0 11539209.0 231367.0 309542900.0 5274694651.0 2000.0 197879084.0 13223715.0 1127171.0 2938940837.0 96572794130.0 2.38058478528e+12 24312059948.0 2304005836.0 121214031104.0 3984.0 1238517.0 16458700246.0 440548563.0 1202881728.0 0.0 65104.0 1571528017.0 1334653386.0 249447821.0 4360.0 245973740.0 33696.0 31090904.0 5374696.0
57285.0 21321326.0 193124.0 251299459.0 32531103462.0 1211.0 258407409.0 8863983.0 815987.0 2186757986.0 145788109546.0 4.53886862277e+13 14759317876.0 1670729295.0 527651838441.0 2194.0 731006.0 20595870138.0 525030292.0 757872863.0 0.0 37028.0 871232032.0 1269946483.0 191848149.0 2252.0 142615663.0 17179.0 16548323.0 3662873.0
60932.0 45941266.0 187501.0 294073618.0 88374213241.0 928.0 474268531.0 24601501.0 582136.0 1453701750.0 290140682660.0 1.39318810651e+14 24785348808.0 1617596541.0 1.25338916433e+12 1194.0 730412.0 82310933086.0 866183882.0 546200392.0 0.0 20282.0 24356218908.0 1623965996.0 266700136.0 1173.0 288930033.0 10450.0 14232583.0 1728824.0
62403.0 22927638.0 253587.0 338252709.0 32963288656.0 2089.0 322086025.0 13176062.0 1396662.0 3297730325.0 169718165790.0 4.56251249776e+13 25221182047.0 2430797174.0 595711480418.0 5072.0 1251080.0 27214118788.0 685472512.0 1286328055.0 0.0 82340.0 1307990243.0 2060410848.0 293462492.0 4996.0 256411274.0 43647.0 33643423.0 8240638.0
47080.0 3127112.0 109454.0 95321078.0 554503233.0 1084.0 37213718.0 2352439.0 283057.0 1102488217.0 16140421237.0 101962794078.0 3236660644.0 664766857.0 9890858953.0 1558.0 512019.0 1066329737.0 76888097.0 237450375.0 0.0 27230.0 140899246.0 158248416.0 27896400.0 1602.0 25553021.0 9375.0 2905252.0 685507.0
46112.0 2446679.0 104409.0 79939417.0 325191713.0 1047.0 29050910.0 1829219.0 286897.0 1073940672.0 10385100513.0 56596496557.0 2432499711.0 563029171.0 5912328813.0 1975.0 425491.0 622670451.0 58203481.0 199546579.0 0.0 30534.0 44354395.0 140327408.0 21973597.0 1803.0 19449703.0 10887.0 2785199.0 828641.0
54812.0 6800884.0 174098.0 208854012.0 2122796116.0 1659.0 104548219.0 5817095.0 664432.0 2243402731.0 51381445601.5 663429174784.0 11973957846.0 1578025641.0 46084283786.0 2626.0 967846.0 5116490450.0 244747233.0 678155053.0 0.0 49156.0 397046413.0 619849127.0 105124207.0 3261.0 90672313.0 23538.0 11101963.0 2481368.0
57974.0 13726969.0 208268.0 265037316.0 10817571573.0 1599.0 199519203.0 12619799.0 924385.0 2500055095.0 109788762000.0 8.21193536152e+12 14850223609.0 1927714178.0 212292271190.0 2788.0 985239.0 15561489278.0 452910654.0 913289514.0 0.0 50918.0 4214505399.0 1134600897.0 187347416.0 3383.0 199233858.0 26091.0 20006660.0 4192897.0
56176.0 13745246.0 179343.0 257638837.0 9835517756.0 1216.0 188174528.0 8740375.0 654628.0 1985556099.0 114795797237.0 6.49430903638e+12 20471388490.0 1706607144.0 184662901382.0 1654.0 817507.0 16250429968.0 410697482.0 721416883.0 0.0 31636.0 1483370186.0 933868446.0 157415882.0 2072.0 132555823.0 15105.0 12346471.0 2310306.0
53528.0 16283281.0 151544.0 189289848.0 21806242920.0 1149.0 185438686.0 5418056.0 492907.0 1550781483.0 111503615070.0 2.64719413278e+13 8251941419.0 1209444276.0 345699368825.0 1654.0 650441.0 13413530774.0 384490980.0 421819240.0 0.0 30716.0 631447531.0 747427319.0 111531900.0 1992.0 72078545.0 13668.0 7070509.0 1620181.0
53079.0 4517103.0 170281.0 165772315.0 901024862.0 2037.0 71910571.0 4761450.0 719881.0 2277082780.0 28126786587.5 214868491997.0 7528416120.0 1347422918.0 20465109062.0 5573.0 1064788.0 2462292983.0 168481733.0 600188843.0 0.0 83400.0 228027236.0 493575296.0 75939165.0 4871.0 73693528.0 32917.0 10844776.0 3148739.0
50721.0 4995903.0 142568.0 151419257.0 1358996838.0 1256.0 69304021.0 4028652.0 487283.0 1682911592.0 33243659161.5 385682230199.0 6875298210.0 1100105640.0 27109910334.0 2150.0 652996.0 2890884293.0 153984704.0 445123807.0 0.0 35998.0 293722914.0 370205207.0 60059471.0 2317.0 55169080.0 15524.0 6552221.0 1626820.0
52803.0 8360151.0 157338.0 184703317.0 4771494348.0 1245.0 113803752.0 5657079.0 561563.0 1740987554.0 62236722478.5 2.86503992839e+12 9763616598.0 1297127326.0 90074807541.0 1945.0 768221.0 6975953234.0 252253212.0 533989499.0 0.0 33728.0 591090109.0 575894166.0 95451027.0 2093.0 80686611.0 15317.0 8890725.0 1996136.0
56744.0 13335666.0 193036.0 242536194.0 9930128640.0 1883.0 192310919.0 10651501.0 788498.0 2125808173.0 104722985278.0 6.85638818881e+12 15240430788.0 1749998795.0 195260958156.0 4348.0 1093388.0 17549124110.0 437537499.0 706988196.0 0.0 68270.0 2649402885.0 1015213069.0 174557330.0 4630.0 169060004.0 30576.0 15717642.0 3207124.0
51105.0 7183560.0 140535.0 148311839.0 4504953546.0 1241.0 92350286.0 3967971.0 445649.0 1474660502.0 50467443784.5 3.00863706491e+12 6560041250.0 1046650364.0 81992767111.0 2262.0 604615.0 4456630579.0 206442621.0 383455667.0 0.0 32348.0 242808150.0 423064211.0 68426599.0 1922.0 52442925.0 13464.0 6151687.0 1352147.0
61607.0 10707451.0 258764.0 337726266.0 3907222086.0 2207.0 199771140.0 13167935.0 1466869.0 3484892132.0 93609428786.5 1.35198105612e+12 27288376421.0 2633506906.0 97503745668.0 4314.0 1371564.0 13616644106.0 466927473.0 1464062281.0 0.0 75584.0 1207586195.0 1610761951.0 259041288.0 5491.0 269767405.0 42179.0 38236737.0 8611793.0
52629.0 7884988.0 160282.0 205680869.0 2928621791.0 1078.0 111562320.0 8066845.0 588003.0 1839078077.0 57926365930.0 1.03328914211e+12 12928434451.0 1378722887.0 56545876807.0 1729.0 617099.0 7182069912.0 226529916.0 665458940.0 0.0 26170.0 1246705779.0 592707561.0 108787508.0 1569.0 120087176.0 13045.0 13386094.0 2081035.0
43751.0 2044753.0 85743.0 55221764.0 307000560.0 731.0 20636007.0 1384577.0 178230.0 638085101.0 8082054686.0 56491119456.0 1266401053.0 369072816.0 4898281604.0 1073.0 287291.0 492287349.0 39247677.0 109001688.0 0.0 16060.0 75636690.0 69899624.0 12916614.0 888.0 12162586.0 4921.0 1328691.0 331437.0
57421.0 9403078.0 204099.0 264461506.0 3905806437.0 1879.0 152035787.0 8507392.0 905576.0 2655414561.0 78086718438.5 1.59458869196e+12 18529562172.0 1967082721.0 86781610152.0 3510.0 1098828.0 9304285223.0 353293518.0 948232797.0 0.0 61690.0 721978098.0 989723432.0 162831361.0 4079.0 147835379.0 29963.0 18327161.0 4007159.0
67232.0 31413477.0 276827.0 455826354.0 37122153252.0 1671.0 462537215.0 27255109.0 1284117.0 3113856163.0 269727437746.0 4.17191249932e+13 55876969834.0 3005417753.0 707952236177.0 2596.0 1262827.0 68250964606.0 963529365.0 1579785457.0 0.0 47224.0 9952785079.0 2590680177.0 478022455.0 3167.0 477082043.0 27426.0 45396746.0 5688605.0
53180.0 9418993.0 155795.0 187592215.0 6645446840.0 1223.0 123560809.0 5295714.0 537447.0 1722052162.0 70589619430.5 4.87353355694e+12 9634770994.0 1293458274.0 120311809869.0 1448.0 655368.0 7657125332.0 272025335.0 503100187.0 0.0 30060.0 523918863.0 598176208.0 96541558.0 1989.0 74788865.0 14846.0 7942448.0 1891201.0
51506.0 4248925.0 153683.0 143022380.0 905656365.0 1710.0 63640212.0 4218241.0 585557.0 1846051909.0 25140486218.0 228850781978.0 6029659023.0 1126252618.0 19673052032.0 3855.0 826412.0 2333920101.0 144234904.0 471858922.0 0.0 61000.0 225594894.0 386263086.0 65413355.0 3904.0 61319461.0 24276.0 8516889.0 2255620.0
48718.0 7684555.0 115372.0 118087266.0 6378843990.0 912.0 85933747.0 2670910.0 292913.0 1013087289.0 52332530937.5 5.09134581819e+12 3806625874.0 759060268.0 103626519493.0 1674.0 433508.0 4088290552.0 186089166.0 222925747.0 0.0 23224.0 196956220.0 309971453.0 45498798.0 1263.0 29037313.0 8491.0 2962056.0 684528.0
63239.0 14985936.0 258598.0 377109369.0 8211797723.0 2107.0 258263582.0 15334353.0 1281200.0 3374441489.0 139970189404.0 4.21812142581e+12 35466016483.0 2817002076.0 189846294539.0 4353.0 1336117.0 22759585189.0 609592107.0 1464983199.0 0.0 71752.0 2212773544.0 1759262835.0 299537996.0 4438.0 294813465.0 37203.0 34261938.0 6198915.0
53723.0 8606428.0 165776.0 204409902.0 4637675866.0 1589.0 121606708.0 5421068.0 642619.0 2032005339.0 67326506380.0 2.56756247717e+12 11997821235.0 1435892453.0 91396356163.0 3430.0 885028.0 6690686161.0 272430088.0 602295395.0 0.0 53344.0 369776433.0 681080142.0 104723836.0 3619.0 82247387.0 23282.0 10175994.0 2531422.0
52617.0 6986376.0 152897.0 180485032.0 2812885885.0 1119.0 97326161.0 5648075.0 521771.0 1797809708.0 51036126968.0 1.12169363527e+12 9357845010.0 1277105656.0 55239801207.0 2042.0 602447.0 5384551801.0 217707598.0 523088681.0 0.0 32054.0 834818643.0 497808735.0 83970079.0 1710.0 80260955.0 13724.0 8018709.0 1726390.0
52318.0 4429155.0 164152.0 158958880.0 894691628.0 1928.0 69194762.0 4520537.0 687156.0 2109357997.0 27301201302.0 210952363775.0 7212576029.0 1256025050.0 19983260675.0 4102.0 992522.0 2349132763.0 160578028.0 562484571.0 0.0 75306.0 197798792.0 471846412.0 69873673.0 5787.0 69120671.0 31813.0 9960907.0 3070600.0
57098.0 10530967.0 191047.0 249109678.0 5730739639.0 1552.0 158181846.0 8088888.0 728844.0 2289927458.0 88171115764.0 3.09284861188e+12 17064583032.0 1838877752.0 118847924417.0 2575.0 902322.0 10790704949.0 375366354.0 784184259.0 0.0 42636.0 961384689.0 864713607.0 150269078.0 2592.0 129205314.0 20841.0 13616362.0 2628126.0
51464.0 6484060.0 149375.0 176053909.0 2341082422.0 1176.0 92534206.0 4767086.0 539543.0 1752160485.0 45543652587.5 877000732517.0 9678012562.0 1228055120.0 47099885318.0 1715.0 657907.0 4747938480.0 201381454.0 517407353.0 0.0 31938.0 314204645.0 508846116.0 86238066.0 2211.0 70501071.0 15201.0 8451192.0 2004002.0
54114.0 11893355.0 164719.0 203959835.0 10539995842.0 1532.0 154376063.0 5506402.0 601963.0 1832215453.0 90917661875.0 9.16805987915e+12 11787669109.0 1398159789.0 188034008443.0 3141.0 876909.0 9710917811.0 346248130.0 540452286.0 0.0 49552.0 492752933.0 757577162.0 110601385.0 2970.0 80853254.0 21331.0 8923964.0 2235457.0
59503.0 25907724.0 198773.0 297938236.0 36299095649.0 1203.0 321087150.0 11968734.0 755934.0 2138841123.0 192898058507.0 4.60132535294e+13 27594793743.0 1879531987.0 607180148439.0 2075.0 760707.0 35978868574.0 658014812.0 783555739.0 0.0 34852.0 2930766011.0 1465454803.0 239733450.0 1933.0 184754216.0 17011.0 16192206.0 2866047.0
50519.0 3850645.0 148810.0 137539170.0 680613226.0 1524.0 56980229.0 3903225.0 572609.0 1819075378.0 21815735585.0 141477683665.0 5737671641.0 1075895582.0 14347591207.0 2989.0 725748.0 1838360428.0 125790606.0 464805853.0 0.0 50394.0 170172569.0 359552678.0 56500434.0 3240.0 56195358.0 22160.0 8138857.0 2279937.0
54770.0 11439433.0 166439.0 233818348.0 7523777819.0 1150.0 152475340.0 8028538.0 583514.0 1920024339.0 91662817206.5 4.94686928855e+12 15458931290.0 1534320877.0 135945497920.0 1527.0 696971.0 11895431929.0 322769895.0 675318866.0 0.0 27402.0 1498268216.0 743870623.0 125797962.0 1746.0 116459666.0 13109.0 11063738.0 1998348.0
56466.0 6805809.0 210587.0 238920268.0 1866969270.0 2174.0 120774492.0 7564294.0 1077918.0 2953658334.0 50844784535.0 544315949712.0 14306267547.0 1919785877.0 45801092478.0 4804.0 1175610.0 5839569726.0 284752700.0 965841049.0 0.0 84834.0 413518613.0 942031555.0 147363062.0 6117.0 138995406.0 37166.0 20588640.0 5760365.0
58872.0 17175681.0 203812.0 317475950.0 13503203909.0 1019.0 244448007.0 12258937.0 852640.0 2380829303.0 146451780916.0 9.89639286556e+12 30453009828.0 2027310888.0 257863043489.0 1699.0 705444.0 24228076919.0 503581344.0 992797110.0 0.0 25264.0 2149614421.0 1338493732.0 232090461.0 1525.0 203127437.0 12988.0 20771244.0 3685606.0
53057.0 7481321.0 161279.0 180569842.0 4068855520.0 1510.0 106495174.0 5098890.0 606391.0 1923907305.0 54280861219.0 2.47954704086e+12 9042305306.0 1327073667.0 80589927433.0 3376.0 780981.0 5399910752.0 245696298.0 541898272.0 0.0 50200.0 298077720.0 580557914.0 92913776.0 2768.0 76355692.0 21654.0 9906947.0 2306880.0
47838.0 2948342.0 118166.0 99193857.0 425938956.0 1300.0 36982098.0 2439094.0 355812.0 1275266780.0 14347936356.5 66829667555.0 3468593076.0 708253248.0 7892783327.0 2110.0 574436.0 952147766.0 74007811.0 275744709.0 0.0 35934.0 88910679.0 189608016.0 30040732.0 2719.0 28733989.0 13180.0 3938833.0 1101247.0
50543.0 4698876.0 134924.0 151657338.0 1028668569.0 1206.0 63983970.0 3588297.0 432240.0 1671659403.0 29750738409.0 225994629808.0 7265810754.0 1049154905.0 20040225117.0 1993.0 632836.0 2393804321.0 134719092.0 438629030.0 0.0 31228.0 174355408.0 341424447.0 55094331.0 2051.0 48204480.0 14339.0 6298599.0 1399130.0
56972.0 16164031.0 188211.0 279407658.0 13633261200.0 1102.0 220593067.0 10170005.0 733881.0 2138902373.0 131806661748.0 1.07713213467e+13 23849722252.0 1804463531.0 251181093184.0 1339.0 758307.0 20647526467.0 457419259.0 818390198.0 0.0 28318.0 1619927155.0 1125025887.0 199114195.0 1758.0 161536696.0 14990.0 15974600.0 2854428.0
54000.0 11352183.0 162432.0 220628322.0 7237047349.0 1148.0 151803178.0 8145195.0 562185.0 1775556717.0 89940473486.0 4.26419557729e+12 14775921366.0 1455494951.0 133438958950.0 1779.0 768396.0 12347800089.0 324618931.0 593559792.0 0.0 30946.0 1605923468.0 719942462.0 125287892.0 1666.0 118563611.0 13773.0 10422582.0 1885157.0
54398.0 9940979.0 168131.0 221297505.0 6054729565.0 1383.0 137628790.0 6231063.0 624594.0 2043516827.0 79108072975.5 3.80167797497e+12 14321672206.0 1517225729.0 114623495647.0 2506.0 792975.0 8441494277.0 300092928.0 655891770.0 0.0 41092.0 557877893.0 732123869.0 118675551.0 2489.0 95492049.0 18547.0 10768536.0 2315751.0
