286658.0 89845454.0 2417511.0 6198298189.0 85306680010.0 62614.0 3340591435.0 190769973.0 24833306.0 167279124822.0 3.64853673008e+12 9.56647435134e+13 808414185888.0 113391572616.0 4.37137785316e+12 334579.0 80275650.0 407910285742.0 18589299097.0 52059748016.0 0.0 5603686.0 37162405876.0 52115813919.0 7994676796.0 367294.0 7418275809.0 2446450.0 977896964.0 271334193.0
284435.0 138941035.0 2238635.0 6248905812.0 269887397957.0 51184.0 4443651531.0 192028955.0 20017828.0 136865361106.0 5.69556292852e+12 5.70298752647e+14 956502033329.0 103480645033.0 1.16066699635e+13 236435.0 68113389.0 723435394306.0 23182316094.0 44421793582.0 0.0 4033868.0 48545295976.0 55383457374.0 8623552696.0 265015.0 6955508075.0 1736508.0 785092658.0 186752256.0
284693.0 134617560.0 2230768.0 6712591060.0 196996442454.0 42900.0 4401417689.0 234355132.0 19410650.0 135061382134.0 5.87167863625e+12 2.88503077479e+14 1.07551307341e+12 108496013855.0 8.79459198935e+12 178295.0 58739571.0 770020440969.0 22779833628.0 48353817379.0 0.0 2985768.0 99597136492.0 54600871708.0 8978572139.0 187162.0 8355463438.0 1355596.0 840215171.0 172666878.0
296421.0 121642685.0 2551754.0 7302986756.0 143562507660.0 61692.0 4456895206.0 240450179.0 25332280.0 169657964758.0 5.4745461061e+12 1.74301223873e+14 1.16045137062e+12 129201437862.0 7.24551370141e+12 318802.0 85070282.0 661593776797.0 24924480020.0 59135809788.0 0.0 5278486.0 70598918358.0 64857180248.0 10398488392.0 344846.0 9478133431.0 2293653.0 1105587985.0 257627260.0
281119.0 75236004.0 2262188.0 5618492754.0 53175465218.0 51874.0 2753510560.0 164762327.0 22100707.0 150609317443.0 2.94284993035e+12 4.28014787411e+13 700032731423.0 101341587588.0 2.73409511894e+12 237004.0 64574235.0 284507223514.0 14956443161.0 46418408892.0 0.0 4084162.0 23402847558.0 42568856157.0 6600302328.0 264049.0 6176527379.0 1806535.0 854725435.0 236485795.0
278159.0 106521081.0 2122056.0 5782074362.0 144127124290.0 43893.0 3488973876.0 166058778.0 17802027.0 129593456314.0 4.43999803239e+12 2.16699732041e+14 812427938287.0 97487774762.0 6.52451215547e+12 185018.0 57466720.0 479264862861.0 18621333700.0 41359336319.0 0.0 3129926.0 33007136052.0 43459553776.0 6990592616.0 194275.0 5771628311.0 1330328.0 667304808.0 150387073.0
245329.0 44803129.0 1548108.0 3329642032.0 20553664454.0 34392.0 1348932673.0 79170215.0 10961982.0 90203017185.0 1.36092195148e+12 1.06309011634e+13 308006609162.0 54936043312.0 911915723727.0 133436.0 37416454.0 95558722967.0 6594108891.0 21446375280.0 0.0 2248956.0 8045428237.0 16376610059.0 2549861253.0 143972.0 2273882177.0 882625.0 301888206.0 81032167.0
297777.0 155662291.0 2537168.0 7750438782.0 287380059185.0 48221.0 5299797747.0 266868179.0 24915450.0 165512314864.0 6.71247547043e+12 6.13383253926e+14 1.31716693896e+12 129122713487.0 1.27700430509e+13 204078.0 67866638.0 965259514790.0 27484076921.0 62283517688.0 0.0 3451950.0 84352025057.0 72619708647.0 11693091912.0 224170.0 10393917412.0 1664738.0 1193943074.0 253841884.0
270527.0 132788240.0 1919491.0 5020845617.0 280005312409.0 37513.0 3848109848.0 142380902.0 14738890.0 99030368575.0 5.28246614106e+12 5.86548106826e+14 750062141798.0 78995350182.0 1.11967461499e+13 147282.0 47425245.0 581539745666.0 19790880666.0 30909487916.0 0.0 2558822.0 39049951119.0 41169206486.0 5942172330.0 162163.0 4615940454.0 1063661.0 494368270.0 116980299.0
284158.0 106309993.0 2249260.0 6134028981.0 136867542438.0 50271.0 3636984387.0 182845784.0 20238985.0 144169100120.0 4.44099413962e+12 2.05040768873e+14 860606251641.0 106175092959.0 6.39874711692e+12 233196.0 66385992.0 503442909192.0 19642404864.0 45883067495.0 0.0 3842474.0 40059423708.0 48597557240.0 7820055299.0 245287.0 6696125072.0 1680948.0 788316966.0 188571951.0
281246.0 135700136.0 2161983.0 5995866493.0 254974601429.0 47790.0 4283527090.0 179637938.0 18580700.0 127167683254.0 5.61834136011e+12 5.02636320731e+14 921820286266.0 98757318851.0 1.09179699845e+13 228673.0 62337845.0 687970119375.0 22617737771.0 40899253164.0 0.0 3666984.0 49653242711.0 51729855599.0 7875325827.0 224846.0 6363677351.0 1533426.0 696550319.0 164157554.0
268655.0 63020689.0 2011417.0 4761739834.0 37836074729.0 47695.0 2194003408.0 131762248.0 17624425.0 130757381134.0 2.27218441491e+12 2.56129271713e+13 533016958829.0 85123343772.0 1.88864461808e+12 229140.0 57582895.0 204466620641.0 11700420412.0 36435547288.0 0.0 3787000.0 17419515510.0 31216224927.0 5024554815.0 234583.0 4559488400.0 1581884.0 611703029.0 161537672.0
288814.0 126588297.0 2356080.0 7117666050.0 164100410582.0 43188.0 4366913835.0 229631889.0 22139574.0 152389177076.0 5.5649327504e+12 2.25048289992e+14 1.15780148401e+12 116964706245.0 7.70884260838e+12 168419.0 58527940.0 705983666341.0 22628739720.0 55466923831.0 0.0 3024998.0 62627130164.0 59707464220.0 9834114849.0 198654.0 8660812058.0 1450706.0 990341271.0 218504938.0
292806.0 120132877.0 2500651.0 7581856482.0 134705783766.0 47028.0 4353314015.0 265017386.0 25203212.0 169684504840.0 5.32183293636e+12 1.71630546518e+14 1.21125520896e+12 127785075345.0 6.53567440359e+12 195042.0 65280584.0 669163038698.0 22672662621.0 64419816400.0 0.0 3321416.0 78586435671.0 64590312744.0 10630758527.0 221590.0 10415024341.0 1662872.0 1248280242.0 264573935.0
299902.0 103334045.0 2630969.0 7286085319.0 90177161654.0 63290.0 3995359103.0 232478198.0 26455980.0 180529189798.0 4.60177160822e+12 8.24100260791e+13 1.08490418207e+12 135923767070.0 4.8428936016e+12 316054.0 86639092.0 539184260094.0 23168292127.0 61837267827.0 0.0 5084818.0 50788073471.0 61203928457.0 10007341254.0 324998.0 9382037271.0 2250239.0 1152624029.0 267310761.0
279425.0 93473215.0 2154060.0 5694187755.0 101110266047.0 44874.0 3158847237.0 177525047.0 18729706.0 134834164097.0 3.81517539173e+12 1.24901065235e+14 743963130651.0 98039800576.0 4.72636634377e+12 183555.0 56941796.0 420292377688.0 16926397005.0 42793637303.0 0.0 3129116.0 43851143254.0 41434831070.0 6605938777.0 197897.0 6285273646.0 1379522.0 724962375.0 168165072.0
304509.0 152421161.0 2764014.0 7868296663.0 261196505431.0 71672.0 5514376029.0 290426517.0 30168923.0 189836423446.0 6.69401264511e+12 4.72659907934e+14 1.24848795379e+12 140143872250.0 1.26111214549e+13 417409.0 98314650.0 970835920674.0 30310013817.0 66552377475.0 0.0 6866736.0 125526424128.0 82314722525.0 12811817857.0 440560.0 11817333220.0 3032460.0 1383741119.0 346337892.0
284377.0 97319998.0 2248279.0 5954568020.0 115838407669.0 52344.0 3321021323.0 174013940.0 20607203.0 148142078158.0 4.07365932202e+12 1.59936007589e+14 771388022968.0 103944910098.0 5.40694591344e+12 256417.0 67934265.0 402260158185.0 18031602678.0 45768744000.0 0.0 4161486.0 48277589892.0 45951281759.0 6944629588.0 272044.0 6245784821.0 1774701.0 770058562.0 201268674.0
278624.0 78486699.0 2165598.0 5245261720.0 68936850961.0 53060.0 2753843987.0 152983997.0 19248927.0 137656393714.0 3.06875134075e+12 7.03154274781e+13 624668847751.0 95308592306.0 3.4248640992e+12 267695.0 64881360.0 313164144259.0 15299468279.0 39524390675.0 0.0 4431788.0 27539945227.0 37998469573.0 6141204523.0 276218.0 5431539667.0 1785376.0 678406989.0 178142018.0
272542.0 64789932.0 2080418.0 5094573905.0 36927326629.0 48737.0 2288470402.0 137608634.0 18743125.0 140039877002.0 2.38335233346e+12 2.34981652303e+13 593505722709.0 90549832847.0 1.8538355385e+12 215817.0 58307647.0 209374664290.0 12105708293.0 40447901326.0 0.0 3712554.0 15837695485.0 33929171476.0 5284946724.0 246673.0 4861070626.0 1589646.0 672850853.0 180606466.0
294407.0 187136625.0 2341443.0 7311441174.0 389604899255.0 44035.0 5866551643.0 287652212.0 19988121.0 135145728644.0 8.10748591306e+12 7.74186561616e+14 1.35469218626e+12 114862040553.0 1.66730176159e+13 188680.0 63016230.0 1.23578635851e+12 30166091967.0 50429936030.0 0.0 3126178.0 189784084134.0 67534779040.0 10979696141.0 197475.0 10091633630.0 1350442.0 918711664.0 172095122.0
280009.0 76109934.0 2189120.0 5580150462.0 54602082870.0 49623.0 2712744148.0 157091526.0 19501437.0 146504426770.0 2.99988248065e+12 4.44216254196e+13 688370682823.0 100391493622.0 2.75578223981e+12 220758.0 61291401.0 295514071011.0 14698144232.0 43701173275.0 0.0 3540554.0 22941628752.0 38439095418.0 6412418326.0 226499.0 5639506929.0 1531119.0 731785721.0 179154818.0
288071.0 123316705.0 2307308.0 6696936267.0 178474936586.0 49693.0 4201105644.0 213294601.0 20830141.0 148540178161.0 5.26462755547e+12 2.96010272913e+14 1.00989936961e+12 113210731453.0 8.20796568301e+12 226898.0 66432201.0 667763063573.0 22467098848.0 50081603574.0 0.0 3668348.0 63578832402.0 55183140412.0 8994628308.0 221394.0 7922029884.0 1620426.0 882340509.0 192473958.0
322452.0 150332911.0 3323072.0 9813271078.0 225198865132.0 68647.0 6155890622.0 370535240.0 43534681.0 249973070075.0 6.82661967075e+12 4.38109026917e+14 1.67867586865e+12 181848511967.0 1.16417266912e+13 359805.0 96058276.0 1.03474356136e+12 33796539956.0 102469713165.0 0.0 6176352.0 87944456297.0 113015684847.0 17512229208.0 406055.0 17288577259.0 3222488.0 2414101374.0 609131042.0
277190.0 82318541.0 2151571.0 5422580429.0 78287185944.0 49587.0 2861188595.0 154721943.0 19255217.0 138039364830.0 3.26766829857e+12 8.90284136543e+13 675493028966.0 96289387820.0 3.78659298295e+12 220255.0 61165874.0 325919671821.0 15545153419.0 41447250550.0 0.0 3670952.0 23580242593.0 39581558381.0 6402425928.0 228752.0 5562927919.0 1576399.0 716483281.0 178707505.0
302959.0 150281875.0 2724603.0 8078337961.0 229410614684.0 55286.0 5476032951.0 310410203.0 28942062.0 178590290830.0 6.68313833979e+12 3.74230450619e+14 1.35988328695e+12 140465852161.0 1.11830790993e+13 271958.0 76907197.0 943877902507.0 29759743226.0 68232825263.0 0.0 4546160.0 150754384073.0 80719676207.0 13073321628.0 286349.0 12564471791.0 2161454.0 1426895983.0 318483757.0
300974.0 189183612.0 2562003.0 7806686292.0 465192181832.0 48720.0 6161076235.0 277090835.0 24987149.0 162918330180.0 7.66092443086e+12 1.26651577016e+15 1.38312647195e+12 128847675472.0 1.97095957022e+13 202905.0 69523641.0 1.22976240485e+12 31680433866.0 60406865094.0 0.0 3616400.0 98638436901.0 79889885054.0 12723123153.0 238643.0 10740638838.0 1749387.0 1165997251.0 255553477.0
305034.0 180616838.0 2640039.0 8335962104.0 320560898177.0 53877.0 6249729568.0 313438144.0 25111092.0 162676190765.0 8.31658776069e+12 5.65727516985e+14 1.65768963716e+12 138855532369.0 1.49389099993e+13 249540.0 78173036.0 1.28374416587e+12 33523192685.0 64248926847.0 0.0 4111230.0 131766402182.0 81737112777.0 13801924173.0 264823.0 12271899507.0 1848372.0 1272256873.0 238710079.0
349257.0 412939297.0 3565697.0 11625405554.0 1.59023493365e+12 63595.0 13714576686.0 685910598.0 41241275.0 216429805117.0 1.48749492553e+13 6.30337261197e+15 2.80956742115e+12 194984723602.0 6.63558619577e+13 317750.0 100073549.0 4.97820858099e+12 69076966851.0 99163020390.0 0.0 5433174.0 611744697331.0 184913057178.0 31056960869.0 345518.0 29048050875.0 2793767.0 2710708337.0 495712772.0
272003.0 74810563.0 2035381.0 5313414970.0 53626744158.0 45642.0 2567750224.0 147108708.0 17489307.0 132205728785.0 2.89706050832e+12 4.17822730683e+13 663636377913.0 91069731265.0 2.60150248903e+12 196011.0 55975185.0 276906281926.0 13452095328.0 39923660685.0 0.0 3279350.0 24052295316.0 35295374298.0 5694683950.0 207447.0 5158405377.0 1404824.0 647324831.0 156111065.0
299965.0 130082461.0 2606699.0 7289550931.0 198191559470.0 59665.0 4682190410.0 242192095.0 25800185.0 172049221800.0 5.635234922e+12 3.58186854066e+14 1.10154023987e+12 131562486290.0 9.55274772644e+12 317960.0 81077376.0 741415754342.0 26337824905.0 59446627734.0 0.0 4910024.0 62122292122.0 66478483853.0 10698716417.0 311959.0 9530271030.0 2124064.0 1121249594.0 259136472.0
283361.0 127682944.0 2195341.0 5908609893.0 221551906817.0 51342.0 4065080168.0 180436250.0 19013221.0 132741359545.0 5.42425802281e+12 3.84551418601e+14 842985268920.0 99127255468.0 9.73835189266e+12 249902.0 65316242.0 618715484100.0 21980071813.0 41172510220.0 0.0 4059438.0 68274304685.0 49870640484.0 7260456132.0 258807.0 6259993072.0 1660959.0 681266926.0 171766134.0
286126.0 78940251.0 2353841.0 6136195810.0 52804828135.0 55776.0 2944658644.0 182431091.0 23069798.0 165538393869.0 3.1687822068e+12 3.96479151858e+13 790967622196.0 111751249147.0 2.75301348432e+12 281629.0 71598848.0 310419615893.0 16119887095.0 51991211863.0 0.0 4531064.0 29845497691.0 45932157667.0 7256816961.0 298405.0 6982775766.0 2018613.0 930344187.0 240434815.0
325545.0 207820317.0 3238336.0 10354971028.0 394531740239.0 64216.0 7881020705.0 443712541.0 37714293.0 214121303157.0 9.68427992277e+12 8.37919384002e+14 2.1492518019e+12 181511267036.0 1.92505571929e+13 318116.0 95931442.0 1.79666742298e+12 42620680330.0 94375503754.0 0.0 5385952.0 181130684881.0 122278331198.0 20527192529.0 344487.0 19611787737.0 2716277.0 2216207550.0 448492759.0
259580.0 63084376.0 1744605.0 4224019270.0 46191678862.0 35399.0 1955870887.0 102806020.0 12777691.0 102839879853.0 2.2703360181e+12 4.07847773527e+13 466534783536.0 69760306200.0 2.05115660884e+12 135704.0 42124073.0 176715495676.0 9929682250.0 27964791470.0 0.0 2221676.0 13544190856.0 23462714000.0 3692822477.0 141699.0 3157221193.0 911742.0 393303325.0 96210576.0
316714.0 183128353.0 2978280.0 9564731352.0 278181031357.0 55389.0 6877028462.0 384633524.0 32427061.0 192334713443.0 8.81455071147e+12 4.10948703248e+14 1.98671522252e+12 163169767202.0 1.40185663715e+13 243011.0 83035002.0 1.4568899602e+12 36998741520.0 82147358326.0 0.0 4358340.0 152501766703.0 102541917481.0 17396110932.0 288196.0 16325068428.0 2125401.0 1824767167.0 363932259.0
341536.0 349547303.0 3343803.0 11873025888.0 868469303284.0 55408.0 12064534865.0 756701297.0 34902743.0 186088845650.0 1.62636430744e+13 1.94272861147e+15 3.53706353878e+12 187170896055.0 3.96906781077e+13 246259.0 91967585.0 4.05646739796e+12 62084143056.0 96079479007.0 0.0 4164552.0 786025291193.0 156250370690.0 27183375090.0 265785.0 30107176189.0 2123460.0 2648424017.0 358776983.0
314495.0 118579461.0 3168383.0 9354168427.0 104512217379.0 70027.0 5071399636.0 330183302.0 41258096.0 244569209199.0 5.47638516436e+12 1.11378497867e+14 1.55709335846e+12 172282699352.0 5.89464388364e+12 364907.0 97848981.0 716173083812.0 27559010968.0 97863918164.0 0.0 6440264.0 62646407116.0 98474818003.0 15168328276.0 437099.0 15323058105.0 3327834.0 2208975968.0 578692964.0
276730.0 97255924.0 2119521.0 5776604677.0 118093790825.0 44684.0 3250101309.0 162791825.0 18620432.0 136131066992.0 3.97517710812e+12 1.72997255029e+14 783331121505.0 97397893426.0 5.36656579776e+12 184636.0 57361399.0 413438722427.0 17036008961.0 42785467339.0 0.0 3199220.0 30656169029.0 43131960748.0 6846376286.0 204575.0 5807598676.0 1408923.0 716225266.0 169863674.0
276970.0 94249994.0 2174247.0 5756668684.0 107449821071.0 42768.0 3211638310.0 194060290.0 20272798.0 139663989612.0 3.73769727771e+12 1.44999728114e+14 724079559848.0 97735829752.0 4.969997829e+12 176577.0 53930605.0 436459312511.0 16447248397.0 45748518772.0 0.0 3094748.0 56144054599.0 44352831765.0 7254832538.0 203046.0 7032827547.0 1437786.0 860833125.0 202224570.0
300294.0 147390544.0 2603484.0 7753402097.0 212855236388.0 57769.0 5258284313.0 269834138.0 25506165.0 163080486533.0 6.79489746922e+12 3.09280322058e+14 1.38318688394e+12 133903613196.0 1.03286171835e+13 308835.0 81479488.0 920542000657.0 29180422161.0 60912680261.0 0.0 4859446.0 89099113770.0 73142106839.0 11626197537.0 310351.0 10692710274.0 2099480.0 1161656905.0 252498361.0
275580.0 77100091.0 2088180.0 5056326428.0 73526395168.0 53184.0 2627110367.0 139770966.0 17945033.0 132677427783.0 2.99395609338e+12 8.76849150355e+13 591627437886.0 90843650851.0 3.48910820567e+12 255862.0 65392260.0 286518169666.0 14417195770.0 37100832676.0 0.0 4228846.0 21113366591.0 35233859202.0 5592318682.0 265382.0 4840202698.0 1701985.0 614316447.0 158782586.0
300127.0 143256837.0 2656120.0 7701324243.0 250927294724.0 53623.0 5098138155.0 278723040.0 28429349.0 177092732993.0 5.99730433194e+12 5.35109651749e+14 1.18794636175e+12 132965558520.0 1.15755639183e+13 228759.0 73681496.0 872241533143.0 26749384721.0 66664565028.0 0.0 4087430.0 87960804238.0 75690247826.0 12186947164.0 271918.0 11256737419.0 2066420.0 1384910366.0 328218584.0
266832.0 58853937.0 1965798.0 4627332052.0 32457751140.0 44954.0 2010763708.0 125783633.0 16992431.0 128972369244.0 2.05425396102e+12 2.23101946796e+13 503332444578.0 81195940278.0 1.57798283271e+12 186951.0 52127600.0 172299019492.0 10410888610.0 36089462488.0 0.0 3283870.0 14738910552.0 28815955843.0 4472066076.0 216061.0 4255334562.0 1388661.0 590555655.0 157605033.0
293241.0 120322782.0 2472675.0 7376259977.0 136609968138.0 52691.0 4317610907.0 247877756.0 24381882.0 165407991681.0 5.3535732491e+12 1.66025315459e+14 1.1759266638e+12 125211743817.0 6.64378744755e+12 258249.0 72860943.0 679844679737.0 22655186025.0 60358273925.0 0.0 4215506.0 69023741015.0 62674291842.0 10317216662.0 279173.0 9626711228.0 1939402.0 1137172994.0 251506717.0
299340.0 116705516.0 2620626.0 7922958907.0 114849462379.0 55470.0 4398065908.0 256147145.0 27037716.0 183194255091.0 5.29333287759e+12 1.24958103215e+14 1.29880927086e+12 137583940149.0 5.87353246057e+12 265480.0 77914220.0 628137275003.0 23663754125.0 68643927374.0 0.0 4316242.0 60357289221.0 68392200698.0 11059459222.0 286966.0 10383132107.0 2026360.0 1296227673.0 291234058.0
270444.0 77965792.0 1972306.0 4912920443.0 71933811161.0 48152.0 2582240676.0 130714042.0 15853244.0 120462754069.0 3.0570827437e+12 7.31594920909e+13 591809201140.0 84688647421.0 3.41678950225e+12 221822.0 59074422.0 283436613726.0 14059224485.0 34188424901.0 0.0 3567158.0 21649303318.0 32545085440.0 5193370753.0 230681.0 4349437668.0 1401187.0 530245636.0 129007164.0
280767.0 106455761.0 2193980.0 6140716728.0 127191044436.0 43063.0 3604923707.0 187038656.0 19583164.0 137307811311.0 4.45794270837e+12 1.66066738237e+14 881568869345.0 102920453711.0 5.93362898668e+12 174176.0 56903180.0 514646385731.0 18978411605.0 45742117785.0 0.0 2991626.0 48329953922.0 47716103567.0 7754119702.0 193344.0 6762359843.0 1352632.0 785433823.0 182375248.0
277369.0 108162327.0 2124524.0 5699592122.0 163466537740.0 44684.0 3513127103.0 169224972.0 18485098.0 130784787205.0 4.36804517582e+12 2.90057871867e+14 757745423820.0 96180912842.0 7.15347845121e+12 197262.0 56470155.0 506283082706.0 18416184151.0 41120296498.0 0.0 3259874.0 40016252972.0 44666090589.0 7037694008.0 204481.0 5949390438.0 1402934.0 698987422.0 166271606.0
284571.0 85539889.0 2332899.0 6270905923.0 69605671642.0 51139.0 3132099219.0 181342507.0 22880661.0 162995567664.0 3.50277838024e+12 6.87399219988e+13 843656817951.0 111059045727.0 3.51021507688e+12 242616.0 65625468.0 352073780882.0 16726718454.0 52505062937.0 0.0 3974972.0 25633763581.0 48178346389.0 7602507405.0 258282.0 6922083741.0 1835025.0 940235112.0 239378850.0
306560.0 91494189.0 2932893.0 7825276782.0 59471216371.0 78390.0 3879302632.0 254022325.0 35455857.0 226268047050.0 3.94482789976e+12 4.39871876727e+13 1.12949588364e+12 152606905781.0 3.45922411248e+12 453512.0 105143017.0 433479372530.0 22299130683.0 78244237568.0 0.0 7583502.0 37817498377.0 73179740767.0 11144211775.0 503620.0 11189978343.0 3540366.0 1638760926.0 456015493.0
276730.0 97255924.0 2119521.0 5776604677.0 118093790825.0 44684.0 3250101309.0 162791825.0 18620432.0 136131066992.0 3.97517710812e+12 1.72997255029e+14 783331121505.0 97397893426.0 5.36656579776e+12 184636.0 57361399.0 413438722427.0 17036008961.0 42785467339.0 0.0 3199220.0 30656169029.0 43131960748.0 6846376286.0 204575.0 5807598676.0 1408923.0 716225266.0 169863674.0
288540.0 86631197.0 2453902.0 6498313598.0 66838847986.0 63786.0 3296530645.0 197632666.0 25533198.0 174398811281.0 3.57647824249e+12 5.91653310717e+13 882476836013.0 118362066923.0 3.5128101609e+12 349022.0 83234134.0 380344244101.0 18122255273.0 56058587591.0 0.0 5802728.0 33499866328.0 53412358910.0 8250260476.0 392300.0 7856318847.0 2538573.0 1055655147.0 284419831.0
276623.0 83747878.0 2165932.0 5337952858.0 101608458840.0 52463.0 2841454027.0 146294563.0 20180470.0 142884294094.0 3.23670295351e+12 1.6658572749e+14 636989325743.0 94497667003.0 4.61086265309e+12 257311.0 63544029.0 303535351861.0 15225765025.0 41885982884.0 0.0 4183610.0 19351082925.0 40553049727.0 5903612483.0 265639.0 5240554643.0 1767453.0 730663786.0 199720504.0
272396.0 82433240.0 1980819.0 4853641234.0 89184511510.0 45571.0 2678390552.0 131504351.0 15538704.0 116524593069.0 3.28409929156e+12 1.1056715118e+14 576106723217.0 84715298555.0 4.09413174521e+12 214478.0 55426727.0 302059264706.0 14736731386.0 32812486304.0 0.0 3333914.0 25344868863.0 32395204337.0 5196069654.0 199028.0 4292509730.0 1298456.0 500597964.0 121092665.0
279623.0 76897269.0 2161537.0 5454952116.0 59229358114.0 52898.0 2696459112.0 147922337.0 18816339.0 142363198028.0 3.06710029539e+12 5.12523517057e+13 675581752300.0 98112767914.0 2.95184278402e+12 239608.0 67125492.0 281960576849.0 14868113282.0 41514054479.0 0.0 4022490.0 20490996706.0 37404049631.0 5998796575.0 254424.0 5221550037.0 1669758.0 672811206.0 167339233.0
295376.0 111434276.0 2587488.0 7355029868.0 114137607942.0 59401.0 4199852225.0 235561269.0 26984698.0 177335673614.0 4.93627623978e+12 1.25210603983e+14 1.15189374648e+12 130951421821.0 5.88738510574e+12 287278.0 79795935.0 590753278804.0 23027164733.0 63219476507.0 0.0 4882232.0 46261955680.0 65220893645.0 10493289079.0 320668.0 9565964563.0 2263573.0 1230002873.0 292181451.0
277962.0 71049367.0 2158511.0 5028525762.0 57142383253.0 59630.0 2509764290.0 136768976.0 19150495.0 140224867904.0 2.71597763093e+12 5.78240052346e+13 575693312740.0 93737296167.0 2.8704732705e+12 324801.0 73862454.0 245220779983.0 14186909741.0 38275097506.0 0.0 5242800.0 15360148687.0 35278147675.0 5596060627.0 330333.0 4798099310.0 2025208.0 650864151.0 174629190.0
316216.0 218549196.0 2928707.0 9346777999.0 460322541793.0 60670.0 7666716539.0 391557451.0 31156797.0 182683296635.0 9.85049295879e+12 9.74683506681e+14 2.01739968685e+12 156203720340.0 2.13540020548e+13 306855.0 90963583.0 1.80035782634e+12 40344155390.0 77063682852.0 0.0 5066214.0 188224272157.0 106840259551.0 17607716571.0 336644.0 16139754666.0 2446920.0 1694711331.0 343700747.0
315216.0 290550941.0 2730891.0 8828724917.0 826278387650.0 49667.0 9098854639.0 450342516.0 25275773.0 151519013529.0 1.19799972911e+13 2.15752798753e+15 2.00072359341e+12 139059461611.0 3.46624231811e+13 222665.0 75873068.0 2.69314433465e+12 46243103322.0 62251835889.0 0.0 3647694.0 418409246536.0 105086963962.0 17373649156.0 236662.0 16520304879.0 1705935.0 1387775661.0 234566666.0
305792.0 175161463.0 2678777.0 8761587589.0 269200557520.0 46205.0 6173020320.0 371404329.0 26088875.0 166342677135.0 8.06799524095e+12 4.14710311179e+14 1.72405664042e+12 142933395252.0 1.27062676922e+13 185489.0 72642909.0 1.35875008399e+12 31651337506.0 70993287084.0 0.0 3116680.0 175007424319.0 82867282718.0 14815298609.0 195934.0 14509147032.0 1554749.0 1515506842.0 256022102.0
312852.0 179961689.0 2956943.0 8506214210.0 428941696401.0 64165.0 6394215719.0 307641116.0 33928083.0 206099590751.0 7.35359729003e+12 1.18261624205e+15 1.43253881883e+12 152064254705.0 1.93673950498e+13 320450.0 88363625.0 1.1715020976e+12 34379050734.0 77511111041.0 0.0 5496748.0 75492622620.0 97166685605.0 14889258963.0 367844.0 13183091336.0 2688372.0 1689508375.0 416154203.0
301910.0 131195766.0 2722488.0 8162848334.0 151421567301.0 58266.0 4952478588.0 287638885.0 29663316.0 186560376690.0 6.04693844605e+12 1.79319217768e+14 1.37213074696e+12 141960991583.0 7.73145709772e+12 278428.0 80889056.0 795428292124.0 26931538893.0 70793152482.0 0.0 4928882.0 92075017584.0 77977632551.0 12243605843.0 333194.0 11890101428.0 2375331.0 1418151275.0 344220449.0
301690.0 121203405.0 2683411.0 7776472514.0 132825918416.0 60547.0 4606080668.0 278936631.0 27592598.0 181390733165.0 5.44117243097e+12 1.63081830315e+14 1.23770938653e+12 140118118912.0 6.81137906242e+12 297965.0 83070867.0 732667593495.0 25586203855.0 67071211472.0 0.0 4900982.0 77935401176.0 69504893698.0 11709375503.0 311662.0 11404235924.0 2256119.0 1349547609.0 287491129.0
284745.0 89112864.0 2358149.0 6457191923.0 74882735420.0 53002.0 3272525226.0 196838877.0 23568561.0 164786171509.0 3.66522412699e+12 7.66422887189e+13 887029112931.0 113355331694.0 3.73293622926e+12 236479.0 69095317.0 395987616285.0 17246200714.0 55026399241.0 0.0 4129086.0 34967409906.0 50770262663.0 8020428382.0 269472.0 7618487372.0 1885609.0 1014912154.0 248121458.0
285148.0 92095895.0 2336040.0 6377234493.0 77834211616.0 51612.0 3364244810.0 188910107.0 22527476.0 156362107873.0 3.85460429986e+12 7.01029492838e+13 898821376764.0 112513428850.0 3.96303678316e+12 230990.0 67183131.0 418013490586.0 18332857926.0 51620045086.0 0.0 3949278.0 35211818183.0 50031651184.0 7978555578.0 255611.0 7216881318.0 1792015.0 918878583.0 226117658.0
279503.0 98518315.0 2170196.0 5791834605.0 120729358005.0 47931.0 3327384599.0 172442949.0 19189486.0 138290822948.0 4.00703473684e+12 1.75402825651e+14 764338670107.0 99492688990.0 5.59311641646e+12 212276.0 61489626.0 448662952483.0 17710137279.0 43117206739.0 0.0 3492378.0 36899332174.0 44013344615.0 7110437347.0 228839.0 6157165854.0 1527249.0 735394903.0 176405072.0
277082.0 86172851.0 2140453.0 5714895003.0 76556700577.0 47037.0 2978531398.0 162911583.0 19051175.0 138901560867.0 3.52099438784e+12 7.45653835663e+13 762857913947.0 98501498986.0 3.6910249655e+12 221628.0 60358357.0 350318427563.0 15887329029.0 43428402041.0 0.0 3509836.0 29021901334.0 41192824792.0 6515064233.0 213191.0 5883780502.0 1504626.0 732170549.0 174067012.0
312983.0 188459074.0 2882323.0 9083259540.0 348881522206.0 56596.0 6801332220.0 384991874.0 30410501.0 186480339364.0 8.43326700149e+12 7.02333281059e+14 1.72947909766e+12 154553869815.0 1.64457820412e+13 252504.0 82091282.0 1.51880488739e+12 36010262187.0 76853536046.0 0.0 4288144.0 175851763178.0 96529980284.0 16575870977.0 284180.0 15887390765.0 2134350.0 1707564706.0 328630536.0
278429.0 63661809.0 2218665.0 5318462568.0 32096604570.0 56515.0 2343605095.0 152850915.0 20951912.0 154402426864.0 2.33455611022e+12 1.79555790514e+13 612452914805.0 99133134700.0 1.68229500577e+12 271935.0 69308894.0 208664644172.0 12872830639.0 44636169605.0 0.0 4561938.0 19565631046.0 36306815844.0 5686844199.0 290516.0 5582559428.0 1946733.0 776339961.0 207269331.0
304545.0 96294932.0 2884392.0 8110657221.0 60369575747.0 63761.0 4017289900.0 275263197.0 33866288.0 217719414225.0 4.23698060879e+12 3.79021197931e+13 1.22639034262e+12 151948313443.0 3.45201892799e+12 316734.0 86824588.0 487594801193.0 22219479658.0 81170596718.0 0.0 5493868.0 48081434724.0 73120396068.0 11639436550.0 365354.0 11996304760.0 2709808.0 1680410437.0 418558750.0
294148.0 108257101.0 2519062.0 6863242399.0 128346052728.0 58782.0 3976578391.0 212094155.0 25513521.0 173216539990.0 4.65688327658e+12 1.78963308236e+14 988402639449.0 124026738807.0 6.39728543727e+12 296349.0 78038740.0 535931225826.0 22086057040.0 57211645512.0 0.0 4891362.0 40286517222.0 59698552092.0 9489348557.0 309596.0 8369977004.0 2201746.0 1075961255.0 272931831.0
293214.0 89327128.0 2561689.0 6872601164.0 66216661033.0 57287.0 3480097009.0 215415202.0 27308225.0 182517491576.0 3.73438622836e+12 5.53050018526e+13 956482665811.0 126397299470.0 3.55866198598e+12 268685.0 74221823.0 416601392025.0 19041010079.0 61666274888.0 0.0 4637690.0 34105206907.0 57544416846.0 9288447355.0 302456.0 8765560721.0 2198540.0 1213288859.0 309417625.0
276377.0 71044909.0 2185969.0 5825621808.0 37196783571.0 44691.0 2572568654.0 165519316.0 21203076.0 151803130180.0 2.711381071e+12 1.96955977472e+13 746600946973.0 100129993204.0 1.86121802242e+12 177700.0 55814509.0 251632517158.0 13000948465.0 49065117170.0 0.0 3216960.0 25017915601.0 41054741097.0 6158887938.0 212132.0 6187266324.0 1508820.0 853988097.0 224122813.0
314292.0 256449344.0 2752951.0 8882692020.0 695162844789.0 50255.0 8276607991.0 405308244.0 26179524.0 163442452185.0 1.06477549223e+13 1.89796914052e+15 1.79705220634e+12 143751775694.0 2.94802621135e+13 229294.0 75253032.0 2.22696530931e+12 42522756714.0 66006792207.0 0.0 3734918.0 309202166836.0 100626245432.0 16938397508.0 236380.0 15357641200.0 1740723.0 1383062954.0 251831853.0
266217.0 74982543.0 1907710.0 4495605899.0 93290605405.0 46433.0 2371133200.0 112753027.0 15648672.0 119633740267.0 2.75581796422e+12 1.53422506392e+14 486177158467.0 77379024022.0 4.05387275008e+12 212399.0 55598199.0 233665617337.0 12424090956.0 31363488342.0 0.0 3557110.0 11920056028.0 30151755555.0 4471436988.0 231699.0 3660127460.0 1439929.0 492851110.0 135873031.0
295678.0 157606483.0 2505670.0 6554074567.0 414481210687.0 59943.0 5100440839.0 211672673.0 24516796.0 163435739231.0 5.86043685978e+12 1.21253934987e+15 907822666014.0 117507268797.0 1.74694238292e+13 299478.0 78177656.0 828158120289.0 27598048016.0 51653359928.0 0.0 5044780.0 48655939088.0 66488476918.0 9959376562.0 317409.0 8050174458.0 2175747.0 987300723.0 248962783.0
279496.0 66726349.0 2235954.0 5644953292.0 34406719091.0 47701.0 2464961133.0 160533667.0 21765302.0 159420710082.0 2.46755183158e+12 2.10364645109e+13 679196556867.0 101359920417.0 1.77640392209e+12 205976.0 58015526.0 226903714996.0 12938685573.0 48472848538.0 0.0 3485976.0 20565745852.0 39618793197.0 6080700478.0 229383.0 5979079510.0 1575860.0 857815528.0 229856209.0
272617.0 67294027.0 2115277.0 5268497823.0 40938722829.0 49954.0 2395024136.0 150573223.0 19858270.0 144200790303.0 2.4886629568e+12 2.98141012784e+13 622533401760.0 92685381565.0 2.039353377e+12 229031.0 61879737.0 229794493073.0 12427949934.0 43194994520.0 0.0 3930028.0 20989404465.0 36552297111.0 5663510890.0 266274.0 5422116859.0 1735838.0 749161346.0 201649804.0
270614.0 75796525.0 1958009.0 5066673410.0 57860026881.0 43508.0 2518743971.0 141636609.0 15383198.0 119517209528.0 2.96420091989e+12 4.68300352978e+13 624397440080.0 86880955048.0 2.7416599911e+12 173919.0 55385191.0 275454643177.0 13484290319.0 35580321409.0 0.0 2852422.0 29352532729.0 31420117442.0 5235166843.0 182973.0 4741644445.0 1195149.0 544161307.0 120175963.0
281063.0 85795557.0 2252516.0 6081926234.0 68640598409.0 50521.0 3078553147.0 179276399.0 21420691.0 151411752571.0 3.52359533714e+12 6.12102077316e+13 824594825229.0 106033232991.0 3.41682129884e+12 227559.0 64942038.0 353102782208.0 16428645207.0 49261814264.0 0.0 3911430.0 31213684381.0 45627662388.0 7180895380.0 266485.0 6723995833.0 1752320.0 871576995.0 216071931.0
283078.0 81470885.0 2310193.0 6128172881.0 55302135929.0 51929.0 3015653098.0 185688801.0 22344067.0 157107839313.0 3.2969713183e+12 3.93550298497e+13 820793922863.0 109529483164.0 2.866577288e+12 243669.0 66293405.0 337846666050.0 16294815617.0 51145947921.0 0.0 4051044.0 31733020469.0 45984478364.0 7428791062.0 257202.0 7102203441.0 1819486.0 929587066.0 224618090.0
288086.0 88193624.0 2379222.0 6133824901.0 77553964246.0 55307.0 3232073242.0 183360247.0 22822404.0 157827058885.0 3.66972850596e+12 7.90728007005e+13 816726404027.0 112444318279.0 3.95434579452e+12 253227.0 70569820.0 376901584029.0 18089439027.0 50487069884.0 0.0 4281754.0 28364709888.0 47711957420.0 7689356486.0 275789.0 6952889947.0 1891686.0 920913221.0 226554151.0
286133.0 107699671.0 2342315.0 6629644075.0 117174732425.0 55461.0 3831275400.0 206959933.0 22133460.0 153798548603.0 4.65880563243e+12 1.35720316029e+14 987097730018.0 114833921561.0 5.73591303207e+12 266179.0 74103340.0 534430278911.0 20828953575.0 51832529258.0 0.0 4422440.0 52714273747.0 54088781137.0 8730564001.0 285781.0 7854860659.0 1926134.0 926096321.0 213615015.0
313257.0 159885626.0 2925100.0 9512564894.0 208693841513.0 55843.0 6095255895.0 359628531.0 32239644.0 202499024105.0 7.67433679893e+12 2.80465043617e+14 1.83101160709e+12 161784207065.0 1.06228666253e+13 243771.0 81799095.0 1.123566043e+12 32448057110.0 85258143383.0 0.0 4284924.0 131524929005.0 95211093614.0 15889944793.0 282390.0 15252374121.0 2204144.0 1783612039.0 371245497.0
267006.0 73846495.0 1914900.0 4647517522.0 80674020708.0 41575.0 2373794276.0 121778744.0 15594238.0 120505891535.0 2.71375967248e+12 1.19192849701e+14 510831156189.0 79333458027.0 3.58950911081e+12 172561.0 48238081.0 246082992798.0 12361941180.0 33116789352.0 0.0 2884410.0 16730798571.0 30321812124.0 4699607562.0 181525.0 3988654003.0 1218732.0 517625833.0 133949227.0
280083.0 99800930.0 2141268.0 6073334603.0 103312307713.0 44689.0 3377882225.0 179746402.0 17919103.0 133647018172.0 4.20841748583e+12 1.157445765e+14 883051406311.0 101852792754.0 4.85375302389e+12 172461.0 58764199.0 457692752016.0 17853683457.0 44709657251.0 0.0 2903202.0 39747822926.0 43243486831.0 7305283851.0 185008.0 6391845488.0 1281355.0 737291147.0 149415067.0
288778.0 98145630.0 2416097.0 6620380075.0 92381676235.0 57713.0 3584217188.0 218903132.0 23719969.0 164176525673.0 4.18242015782e+12 9.61324597732e+13 907799904883.0 117853418026.0 4.64536348033e+12 304276.0 75803291.0 461446042718.0 19671132782.0 54615427927.0 0.0 4884728.0 67885700948.0 53286194878.0 8510277022.0 311892.0 8344227649.0 2122037.0 999575718.0 241636036.0
301630.0 129249264.0 2680454.0 8381141400.0 137502289124.0 48645.0 4857892200.0 283944119.0 28309012.0 184343295832.0 5.98451630348e+12 1.53309396217e+14 1.46548272593e+12 142177754121.0 6.9848985283e+12 191270.0 68561210.0 760518745540.0 25580524995.0 73341649539.0 0.0 3478244.0 76456746372.0 75629940626.0 12372110315.0 224216.0 11657799529.0 1780915.0 1424630276.0 315464998.0
254162.0 44359473.0 1690134.0 3438400006.0 18961656378.0 42315.0 1380235256.0 85013883.0 12582726.0 98988044528.0 1.34486028455e+12 9.63808868279e+12 310755729781.0 60203516417.0 865602321446.0 184609.0 47789979.0 93812889604.0 7010464234.0 23626219282.0 0.0 3033224.0 7351454388.0 17433374936.0 2745339167.0 199430.0 2487337554.0 1142455.0 348671072.0 97963150.0
300999.0 268636807.0 2443171.0 7039261652.0 997551553947.0 49759.0 7696715781.0 289602579.0 21437335.0 138838101127.0 8.97003766475e+12 3.53910774312e+15 1.17929121369e+12 113994127838.0 3.79215226587e+13 229872.0 71155469.0 1.88540729149e+12 38436510238.0 47524548456.0 0.0 3662176.0 241227524566.0 83106713042.0 12609655909.0 239782.0 10190048887.0 1627726.0 926014346.0 190695593.0
277512.0 124808897.0 2065253.0 5660251096.0 219117137088.0 42158.0 3873807133.0 165221008.0 17081391.0 120755004925.0 5.17836957198e+12 3.98795914906e+14 817161955369.0 92188526330.0 9.33533474186e+12 186243.0 54611202.0 580850896188.0 20417053466.0 37609214440.0 0.0 3009872.0 54419755493.0 45669980566.0 6798470884.0 188858.0 5629835108.0 1280032.0 608201117.0 147457814.0
288694.0 101251474.0 2433642.0 6770837643.0 99421943124.0 54570.0 3689299295.0 216479955.0 24514668.0 165862434384.0 4.33454276963e+12 1.0980144968e+14 974647129204.0 118703267967.0 4.91620261378e+12 257026.0 72968394.0 490611036496.0 19730396260.0 56729653595.0 0.0 4502700.0 53760802865.0 56112438695.0 8826983153.0 292887.0 8402661935.0 2056090.0 1048882114.0 259850621.0
304353.0 187171099.0 2610442.0 7947437821.0 388632387696.0 55776.0 6266140045.0 307912696.0 25231667.0 163019566327.0 8.17897077554e+12 8.0540532667e+14 1.41654659123e+12 132480510299.0 1.74802835714e+13 288962.0 80023568.0 1.28579036851e+12 33378269479.0 60292161104.0 0.0 4525784.0 187024055524.0 81072761312.0 12945797095.0 297326.0 11718871649.0 2026253.0 1175818963.0 252826287.0
293242.0 96104379.0 2521305.0 6887464750.0 78792057738.0 62242.0 3656404348.0 217550434.0 25634564.0 175653398536.0 4.15575117929e+12 6.63812692248e+13 992844663144.0 125425154836.0 4.19129640266e+12 318864.0 82327690.0 458652714863.0 20397852506.0 58868148847.0 0.0 5334468.0 41880324226.0 56995120028.0 9200143773.0 340645.0 8627743602.0 2369703.0 1110905571.0 270768614.0
298154.0 142884189.0 2569889.0 7662675091.0 223229978278.0 53759.0 5026059485.0 270086665.0 25701977.0 170237260636.0 6.33577615034e+12 3.87197759962e+14 1.25691989584e+12 130948716691.0 1.04809946215e+13 243701.0 74277019.0 838645798972.0 26990899215.0 62551320093.0 0.0 4132110.0 98410876026.0 71027295156.0 11343307188.0 267836.0 10565848304.0 1935589.0 1201336761.0 266677132.0
311598.0 204018093.0 2839743.0 8786089221.0 438367027674.0 57208.0 7084226228.0 341781437.0 29845711.0 183168457473.0 9.07350049619e+12 9.47809209216e+14 1.76667684868e+12 148661331042.0 2.01320835502e+13 284231.0 82355410.0 1.5186739295e+12 37731542620.0 71731740513.0 0.0 4713614.0 152730051593.0 98356213840.0 15750503747.0 307868.0 14019123738.0 2229430.0 1517092224.0 323875381.0
294580.0 134024714.0 2467081.0 7426995348.0 173431580600.0 50417.0 4732683214.0 250360338.0 23266848.0 156205815590.0 6.0740677429e+12 2.26150413116e+14 1.26961375585e+12 125636510790.0 8.38279774189e+12 233022.0 69336415.0 800513448897.0 25444371949.0 57663997991.0 0.0 3768842.0 73984969289.0 64542448165.0 10728741865.0 236675.0 9668542839.0 1684993.0 1082724202.0 221716058.0
263993.0 76138224.0 1849974.0 4554710144.0 76419299886.0 42374.0 2417441122.0 122686979.0 14493648.0 109247175378.0 2.88462509191e+12 8.69899153043e+13 525645972840.0 75968052360.0 3.43716200236e+12 175068.0 51406182.0 271944822770.0 12544832793.0 30681818005.0 0.0 2932392.0 22014900314.0 29511301627.0 4708753546.0 189934.0 3974159355.0 1230909.0 477142708.0 118454748.0
299788.0 248179956.0 2488272.0 7176151406.0 995685422504.0 48927.0 7139831302.0 269904315.0 23603003.0 154591294788.0 7.48016154402e+12 4.10243814075e+15 1.13592560891e+12 117315786200.0 3.67888775173e+13 221414.0 67855407.0 1.55917631182e+12 34613554637.0 54474953119.0 0.0 3703878.0 97189956844.0 82855741647.0 12548934168.0 242305.0 10077189081.0 1727347.0 1094179315.0 236693583.0
331683.0 195616378.0 3472104.0 10401946202.0 438377128800.0 73255.0 7634067178.0 432127531.0 44086474.0 253466885718.0 8.42574959469e+12 1.2225279284e+15 1.87818603954e+12 194744641527.0 2.10315119443e+13 371874.0 106611071.0 1.53868191514e+12 42219180530.0 106768612485.0 0.0 6349438.0 121968667824.0 128558393201.0 20893596253.0 422967.0 20208025707.0 3278583.0 2620467853.0 576845252.0
321941.0 212874692.0 3077537.0 10174425727.0 402423262535.0 53405.0 7748970106.0 460655953.0 33731033.0 200197229928.0 9.99554752346e+12 8.02740391605e+14 2.13299834828e+12 171123794175.0 1.91226916198e+13 235228.0 81033689.0 1.81304349247e+12 40716091514.0 89438005737.0 0.0 3979384.0 246904976028.0 113011957852.0 19242363811.0 253714.0 19187617830.0 2057354.0 2049614045.0 379706364.0
333170.0 249352028.0 3386337.0 11244705426.0 517761582472.0 62298.0 9369332650.0 553066159.0 40410200.0 223060646351.0 1.16358677103e+13 1.08366418375e+15 2.5948767547e+12 190340968947.0 2.52842978353e+13 282377.0 95566463.0 2.45828963966e+12 49129181474.0 103240921189.0 0.0 5065114.0 320094191171.0 143387931257.0 24475368042.0 340660.0 24424901450.0 2725754.0 2655912303.0 501010177.0
293319.0 180763574.0 2385902.0 6999642035.0 490990623543.0 46783.0 5592534495.0 232696223.0 22016550.0 146969262651.0 6.89483019295e+12 1.47513245662e+15 1.14181045268e+12 114447563208.0 1.96445463412e+13 212048.0 65235378.0 1.05049104605e+12 28345277077.0 52245004759.0 0.0 3428728.0 69999874787.0 68689463588.0 10558241053.0 223019.0 8690851082.0 1565147.0 977640044.0 210639653.0
294498.0 104358924.0 2521015.0 7065149034.0 102718281193.0 59893.0 3887689244.0 221130248.0 25423535.0 175838233447.0 4.57288937965e+12 1.11980813123e+14 1.04408517285e+12 126659844960.0 5.27250816718e+12 303823.0 79723956.0 510596479450.0 21477386103.0 59674413121.0 0.0 5015726.0 45678872475.0 59257624524.0 9485793338.0 329293.0 8721455365.0 2246887.0 1102350537.0 267123534.0
312761.0 238288699.0 2827833.0 8993214766.0 570582970861.0 53264.0 7996052205.0 422460432.0 28746689.0 169375091820.0 1.01551901236e+13 1.37249335506e+15 1.82961668175e+12 147209439402.0 2.5187985092e+13 236060.0 78805353.0 2.0773710174e+12 41278438952.0 70166752938.0 0.0 4128928.0 296851244898.0 103986264382.0 17399553884.0 266784.0 16534960244.0 2008569.0 1586069511.0 297990451.0
259288.0 47979489.0 1780804.0 3643793191.0 24276264021.0 45647.0 1543633881.0 89810887.0 13655211.0 106749598445.0 1.52500177001e+12 1.54753029566e+13 339059825040.0 65403038885.0 1.15552342088e+12 211762.0 51605779.0 110831286348.0 8178609194.0 25111976798.0 0.0 3530892.0 7257038309.0 19949773925.0 3112375990.0 216093.0 2701764454.0 1313021.0 377962138.0 108043945.0
308783.0 182586234.0 2780094.0 8178285764.0 406740540880.0 60101.0 6367733131.0 323711588.0 28902214.0 180686920869.0 7.50765056359e+12 1.02582438663e+15 1.34012717828e+12 143089512710.0 1.84017668858e+13 320609.0 85308151.0 1.3490626296e+12 34184693312.0 67013038872.0 0.0 5043344.0 132185120647.0 87851483696.0 14576436811.0 325364.0 13098373994.0 2341005.0 1429511536.0 312723580.0
256357.0 54795450.0 1758754.0 4008897143.0 30147314813.0 36215.0 1755437356.0 109575565.0 13636435.0 104592009061.0 1.84148337651e+12 1.88196338383e+13 412320689941.0 68015463595.0 1.38928866342e+12 138457.0 39923370.0 151253445333.0 8819703391.0 28810643642.0 0.0 2349666.0 14588127206.0 22402049762.0 3706286394.0 144696.0 3447924164.0 956755.0 444043903.0 109935730.0
