46414.0 487106.0 180.0 5107419.0 1701148.0 1530.0 5665.0 2.0 0.0 53489573.0 26734809.0 4444025.0 59744.0 59179.0 29664.0 12735.0 64120.0 52.0 15.0 37.0 8.0 146.0 0.0 0.0 0.0 0.0 0.0 0.0 0.0 0.0
46158.0 481983.0 171.0 5029294.0 1677650.0 1541.0 5259.0 3.0 0.0 52411246.0 26241732.5 4382410.0 54040.0 54887.0 26776.0 12505.0 64577.0 57.0 14.0 54.0 14.0 142.0 0.0 0.0 0.0 0.0 0.0 0.0 0.0 0.0
46201.0 482105.0 167.0 5024248.0 1674494.0 1527.0 5122.0 4.0 0.0 52293618.0 26142181.5 4357770.0 52292.0 53459.0 26286.0 12264.0 63579.0 75.0 12.0 99.0 18.0 130.0 0.0 0.0 0.0 0.0 0.0 0.0 0.0 0.0
46318.0 484196.0 197.0 5054536.0 1678907.0 1501.0 6254.0 3.0 0.0 52695687.0 26245089.5 4337877.0 65779.0 64963.0 32916.0 12429.0 62453.0 68.0 26.0 72.0 10.0 178.0 0.0 0.0 0.0 0.0 0.0 0.0 0.0 0.0
46034.0 478617.0 188.0 4967583.0 1657198.0 1455.0 5934.0 3.0 0.0 51492183.0 25760805.0 4307780.0 61975.0 61399.0 31055.0 12100.0 60261.0 59.0 17.0 74.0 10.0 116.0 0.0 0.0 0.0 0.0 0.0 0.0 0.0 0.0
45962.0 477818.0 167.0 4961569.0 1656790.0 1488.0 5217.0 2.0 0.0 51455026.0 25776186.5 4320422.0 54184.0 54072.0 27093.0 12277.0 62065.0 52.0 6.0 45.0 13.0 150.0 0.0 0.0 0.0 0.0 0.0 0.0 0.0 0.0
46174.0 482169.0 171.0 5025871.0 1676190.0 1511.0 5187.0 2.0 0.0 52306167.0 26158332.5 4361821.0 52189.0 54483.0 26353.0 12371.0 62956.0 39.0 13.0 40.0 20.0 126.0 0.0 0.0 0.0 0.0 0.0 0.0 0.0 0.0
46425.0 487516.0 191.0 5112714.0 1705591.0 1561.0 6055.0 2.0 0.0 53551900.0 26796654.0 4473460.0 63963.0 63127.0 31921.0 12784.0 65000.0 43.0 16.0 39.0 11.0 142.0 0.0 0.0 0.0 0.0 0.0 0.0 0.0 0.0
46396.0 486857.0 194.0 5098864.0 1701343.0 1498.0 6056.0 3.0 0.0 53335100.0 26671063.5 4454575.0 62734.0 63220.0 31303.0 12745.0 62586.0 51.0 26.0 76.0 14.0 156.0 0.0 0.0 0.0 0.0 0.0 0.0 0.0 0.0
46030.0 481107.0 179.0 5022088.0 1681218.0 1435.0 5626.0 0.0 0.0 52354732.0 26286470.5 4418799.0 58872.0 59012.0 29654.0 12320.0 60159.0 0.0 15.0 0.0 12.0 146.0 0.0 0.0 0.0 0.0 0.0 0.0 0.0 0.0
46347.0 485305.0 199.0 5076282.0 1691183.0 1489.0 6151.0 3.0 0.0 53026221.0 26507988.0 4416658.0 63413.0 64030.0 31831.0 12618.0 61989.0 49.0 19.0 52.0 11.0 160.0 0.0 0.0 0.0 0.0 0.0 0.0 0.0 0.0
46377.0 486898.0 172.0 5105112.0 1702850.0 1559.0 5404.0 3.0 0.0 53454836.0 26747763.5 4457221.0 56652.0 56296.0 28180.0 12608.0 65740.0 58.0 9.0 63.0 15.0 118.0 0.0 0.0 0.0 0.0 0.0 0.0 0.0 0.0
46400.0 486262.0 191.0 5086838.0 1695040.0 1485.0 6060.0 6.0 0.0 53150828.0 26552556.5 4422967.0 63857.0 62737.0 32172.0 12573.0 61626.0 120.0 26.0 124.0 12.0 160.0 0.0 0.0 0.0 0.0 0.0 0.0 0.0 0.0
46269.0 483980.0 233.0 5058630.0 1685071.0 1460.0 7256.0 6.0 0.0 52795753.0 26397762.0 4394236.0 75294.0 75597.0 37596.0 12742.0 60891.0 107.0 19.0 120.0 11.0 162.0 0.0 0.0 0.0 0.0 0.0 0.0 0.0 0.0
46213.0 482994.0 189.0 5040740.0 1681633.0 1444.0 5858.0 6.0 0.0 52533589.0 26280047.5 4387410.0 60727.0 61307.0 30151.0 12507.0 60288.0 88.0 15.0 97.0 15.0 186.0 1.0 0.0 2.0 0.0 0.0 0.0 0.0 0.0
45924.0 477336.0 204.0 4955868.0 1653103.0 1444.0 6305.0 3.0 0.0 51385871.0 25710952.5 4289739.0 65319.0 65647.0 32567.0 12274.0 59979.0 49.0 23.0 68.0 14.0 160.0 0.0 0.0 0.0 0.0 0.0 0.0 0.0 0.0
45980.0 477928.0 175.0 4961011.0 1652286.0 1447.0 5416.0 3.0 0.0 51447026.0 25693709.5 4269642.0 55967.0 56173.0 27678.0 12168.0 59743.0 59.0 17.0 62.0 15.0 106.0 0.0 0.0 0.0 0.0 0.0 0.0 0.0 0.0
46463.0 488272.0 204.0 5128473.0 1710926.0 1566.0 6379.0 6.0 0.0 53787840.0 26939282.0 4497879.0 66169.0 66743.0 33171.0 12918.0 65970.0 119.0 16.0 112.0 8.0 144.0 0.0 0.0 1.0 0.0 0.0 0.0 0.0 0.0
46596.0 489662.0 212.0 5142756.0 1707737.0 1536.0 6485.0 5.0 0.0 53941388.0 26887502.5 4443564.0 66267.0 68088.0 32919.0 12807.0 64735.0 108.0 16.0 101.0 14.0 146.0 0.0 0.0 0.0 0.0 0.0 0.0 0.0 0.0
46332.0 485733.0 190.0 5085928.0 1696678.0 1486.0 5949.0 3.0 0.0 53187825.0 26610073.0 4440784.0 62085.0 61941.0 30897.0 12607.0 61946.0 62.0 17.0 60.0 16.0 126.0 0.0 0.0 0.0 0.0 0.0 0.0 0.0 0.0
46055.0 479933.0 158.0 4994819.0 1667521.0 1430.0 4837.0 4.0 0.0 51920568.0 25996290.5 4349396.0 49159.0 49953.0 24741.0 12302.0 59891.0 82.0 10.0 67.0 16.0 112.0 0.0 0.0 0.0 0.0 0.0 0.0 0.0 0.0
46068.0 479892.0 176.0 4991421.0 1663484.0 1488.0 5419.0 1.0 0.0 51851569.0 25915721.0 4312049.0 55434.0 55622.0 27701.0 12369.0 61348.0 18.0 13.0 20.0 12.0 162.0 0.0 0.0 0.0 0.0 0.0 0.0 0.0 0.0
46536.0 489478.0 207.0 5143109.0 1714721.0 1445.0 6501.0 3.0 0.0 53957861.0 26995256.5 4500734.0 68174.0 68237.0 34104.0 13041.0 60787.0 56.0 31.0 63.0 6.0 140.0 0.0 0.0 0.0 0.0 0.0 0.0 0.0 0.0
46200.0 483968.0 175.0 5058850.0 1693443.0 1490.0 5671.0 5.0 0.0 52809364.0 26500419.5 4456013.0 60830.0 59278.0 30975.0 12449.0 62021.0 122.0 16.0 111.0 10.0 132.0 0.0 0.0 0.0 0.0 0.0 0.0 0.0 0.0
46487.0 488469.0 203.0 5125901.0 1708540.0 1587.0 6476.0 6.0 0.0 53720744.0 26859219.5 4475578.0 68692.0 67985.0 34506.0 12873.0 66393.0 132.0 16.0 127.0 10.0 168.0 0.0 0.0 0.0 0.0 0.0 0.0 0.0 0.0
46866.0 496152.0 194.0 5247914.0 1749705.0 1601.0 6112.0 3.0 0.0 55428765.0 27733042.5 4633634.0 64553.0 64211.0 32182.0 13277.0 67793.0 54.0 15.0 74.0 13.0 182.0 0.0 0.0 0.0 1.0 0.0 0.0 0.0 0.0
46483.0 487996.0 192.0 5118999.0 1703308.0 1510.0 6080.0 4.0 0.0 53624937.0 26777055.0 4443930.0 64521.0 63708.0 32034.0 12579.0 62804.0 75.0 24.0 82.0 6.0 166.0 0.0 0.0 1.0 0.0 0.0 0.0 0.0 0.0
46229.0 484538.0 190.0 5071727.0 1693585.0 1509.0 5974.0 8.0 0.0 53006133.0 26548653.0 4434676.0 62237.0 62125.0 31563.0 12584.0 63036.0 150.0 22.0 185.0 6.0 144.0 0.0 0.0 0.0 0.0 0.0 0.0 0.0 0.0
46178.0 480688.0 200.0 4995235.0 1661312.0 1522.0 6320.0 4.0 0.0 51851591.0 25851230.5 4287538.0 66365.0 65432.0 33189.0 12061.0 63316.0 85.0 22.0 78.0 10.0 148.0 0.0 0.0 0.0 0.0 0.0 0.0 0.0 0.0
46447.0 487422.0 190.0 5106913.0 1704694.0 1501.0 5991.0 1.0 0.0 53447466.0 26748364.5 4477539.0 62776.0 63026.0 31295.0 12661.0 62999.0 23.0 16.0 15.0 15.0 170.0 0.0 0.0 0.0 0.0 0.0 0.0 0.0 0.0
46260.0 484477.0 189.0 5068371.0 1694173.0 1499.0 5977.0 2.0 0.0 52955468.0 26557997.0 4458674.0 62977.0 62629.0 31762.0 12499.0 63593.0 33.0 25.0 38.0 19.0 180.0 0.0 0.0 0.0 0.0 0.0 0.0 0.0 0.0
46643.0 491882.0 193.0 5181391.0 1725912.0 1499.0 6101.0 5.0 0.0 54496773.0 27238833.5 4532648.0 63941.0 64256.0 32168.0 13103.0 63113.0 108.0 25.0 119.0 14.0 146.0 0.0 0.0 0.0 0.0 0.0 0.0 0.0 0.0
45923.0 476450.0 167.0 4937841.0 1645605.0 1415.0 5161.0 0.0 0.0 51110876.0 25556241.5 4258863.0 52825.0 53447.0 26728.0 12060.0 58726.0 0.0 10.0 0.0 8.0 110.0 0.0 0.0 0.0 0.0 0.0 0.0 0.0 0.0
46387.0 485606.0 214.0 5076776.0 1687584.0 1546.0 6756.0 4.0 0.0 52989228.0 26428065.0 4375342.0 71045.0 70772.0 35555.0 12219.0 64353.0 96.0 24.0 85.0 15.0 136.0 0.0 0.0 0.0 0.0 0.0 0.0 0.0 0.0
46111.0 480293.0 171.0 4995980.0 1665258.0 1421.0 5450.0 2.0 0.0 51904272.0 25952566.5 4327310.0 57642.0 56426.0 29051.0 12085.0 59209.0 43.0 13.0 47.0 8.0 142.0 0.0 0.0 0.0 0.0 0.0 0.0 0.0 0.0
46609.0 491023.0 197.0 5166942.0 1719797.0 1608.0 6248.0 12.0 0.0 54293766.0 27107886.5 4501171.0 66151.0 65758.0 33184.0 13023.0 67924.0 258.0 21.0 278.0 9.0 178.0 0.0 0.0 0.0 0.0 0.0 0.0 0.0 0.0
46403.0 486675.0 192.0 5103794.0 1698442.0 1530.0 6043.0 1.0 0.0 53455118.0 26715188.5 4437203.0 63471.0 63332.0 31400.0 12795.0 64242.0 22.0 18.0 20.0 10.0 122.0 0.0 0.0 0.0 0.0 0.0 0.0 0.0 0.0
46238.0 483983.0 179.0 5055677.0 1687313.0 1524.0 5600.0 4.0 0.0 52739182.0 26379765.5 4407274.0 58220.0 58549.0 28878.0 12708.0 63723.0 82.0 20.0 78.0 8.0 144.0 0.0 0.0 0.0 0.0 0.0 0.0 0.0 0.0
46011.0 478425.0 205.0 4967582.0 1654964.0 1465.0 6294.0 2.0 0.0 51514331.0 25735839.0 4282675.0 64151.0 64914.0 31868.0 12113.0 60659.0 38.0 25.0 27.0 15.0 144.0 0.0 0.0 0.0 0.0 0.0 0.0 0.0 0.0
46513.0 489630.0 166.0 5148252.0 1717549.0 1532.0 5203.0 3.0 0.0 54062336.0 27055318.0 4516135.0 54714.0 55030.0 27231.0 12828.0 64766.0 50.0 17.0 63.0 13.0 148.0 0.0 0.0 0.0 0.0 0.0 0.0 0.0 0.0
46128.0 479658.0 207.0 4980586.0 1655107.0 1405.0 6426.0 2.0 0.0 51633734.0 25744247.5 4262519.0 66477.0 66431.0 32978.0 12265.0 57785.0 43.0 18.0 39.0 15.0 148.0 0.0 0.0 0.0 0.0 0.0 0.0 0.0 0.0
46184.0 481950.0 211.0 5022285.0 1670411.0 1473.0 6662.0 6.0 0.0 52263974.0 26071082.0 4319076.0 69876.0 69180.0 34983.0 12472.0 61407.0 118.0 24.0 130.0 8.0 180.0 0.0 0.0 1.0 0.0 0.0 0.0 0.0 0.0
46331.0 485541.0 203.0 5081805.0 1692557.0 1567.0 6396.0 3.0 0.0 53114597.0 26533873.0 4407536.0 67240.0 66714.0 33138.0 12852.0 65641.0 56.0 20.0 51.0 16.0 184.0 0.0 0.0 0.0 0.0 0.0 0.0 0.0 0.0
46235.0 482380.0 179.0 5028202.0 1671529.0 1523.0 5624.0 2.0 0.0 52338986.0 26109374.5 4326766.0 59007.0 58782.0 29352.0 12399.0 63471.0 37.0 23.0 52.0 13.0 146.0 0.0 0.0 0.0 0.0 0.0 0.0 0.0 0.0
46101.0 480623.0 195.0 5006026.0 1668409.0 1462.0 6161.0 6.0 0.0 52074147.0 26041084.0 4335426.0 64943.0 64535.0 32490.0 12218.0 60915.0 129.0 17.0 147.0 13.0 166.0 0.0 0.0 1.0 0.0 0.0 0.0 0.0 0.0
46289.0 483960.0 202.0 5050181.0 1683747.0 1511.0 6326.0 3.0 0.0 52623163.0 26310991.0 4389075.0 65994.0 66150.0 33013.0 12375.0 62871.0 66.0 21.0 62.0 12.0 130.0 0.0 0.0 0.0 0.0 0.0 0.0 0.0 0.0
46218.0 483005.0 199.0 5038026.0 1681145.0 1522.0 6237.0 3.0 0.0 52484454.0 26253799.0 4382136.0 64812.0 65028.0 32390.0 12687.0 63457.0 63.0 26.0 48.0 18.0 170.0 0.0 0.0 0.0 0.0 0.0 0.0 0.0 0.0
46501.0 489233.0 201.0 5141259.0 1714281.0 1528.0 6347.0 5.0 0.0 53958412.0 26982970.0 4497920.0 66661.0 66827.0 33319.0 12913.0 64253.0 117.0 20.0 103.0 16.0 160.0 0.0 0.0 0.0 0.0 0.0 0.0 0.0 0.0
46281.0 484786.0 189.0 5069194.0 1691267.0 1535.0 5908.0 1.0 0.0 52938052.0 26484048.0 4419771.0 61392.0 61825.0 30846.0 12659.0 64472.0 16.0 12.0 22.0 10.0 162.0 0.0 0.0 0.0 0.0 0.0 0.0 0.0 0.0
46146.0 480852.0 206.0 5002631.0 1667368.0 1446.0 6408.0 1.0 0.0 51987173.0 25973169.0 4328310.0 66532.0 66318.0 33171.0 12173.0 59764.0 19.0 26.0 21.0 13.0 162.0 0.0 0.0 0.0 0.0 0.0 0.0 0.0 0.0
46344.0 484339.0 203.0 5056292.0 1680662.0 1491.0 6272.0 2.0 0.0 52698305.0 26284747.0 4357638.0 64344.0 65986.0 32210.0 12590.0 62186.0 39.0 20.0 31.0 12.0 138.0 0.0 0.0 0.0 0.0 0.0 0.0 0.0 0.0
46419.0 487889.0 188.0 5120568.0 1710774.0 1503.0 6016.0 1.0 0.0 53672939.0 26903037.5 4506190.0 64234.0 63082.0 32617.0 12847.0 62693.0 16.0 23.0 28.0 17.0 118.0 0.0 0.0 0.0 0.0 0.0 0.0 0.0 0.0
46274.0 483842.0 217.0 5054541.0 1682236.0 1476.0 6884.0 5.0 0.0 52735140.0 26332056.0 4374487.0 72537.0 71478.0 36505.0 12670.0 61522.0 114.0 17.0 113.0 10.0 208.0 0.0 0.0 0.0 0.0 0.0 0.0 0.0 0.0
46697.0 494833.0 224.0 5235078.0 1751926.0 1597.0 6973.0 2.0 0.0 55305892.0 27762374.5 4663184.0 72345.0 73118.0 36292.0 13317.0 67888.0 49.0 23.0 48.0 25.0 172.0 0.0 0.0 0.0 1.0 0.0 0.0 0.0 0.0
46775.0 494897.0 234.0 5232111.0 1744004.0 1494.0 7411.0 7.0 0.0 55237452.0 27636391.5 4604136.0 77996.0 77918.0 38790.0 13309.0 63030.0 156.0 24.0 142.0 9.0 196.0 0.0 0.0 1.0 0.0 0.0 0.0 0.0 0.0
46520.0 488880.0 198.0 5129561.0 1709266.0 1531.0 6084.0 1.0 0.0 53754523.0 26860149.5 4473663.0 62309.0 63637.0 30918.0 12635.0 64282.0 18.0 19.0 21.0 10.0 146.0 0.0 0.0 0.0 0.0 0.0 0.0 0.0 0.0
46491.0 489012.0 195.0 5135806.0 1714977.0 1611.0 6103.0 0.0 0.0 53863205.0 26972891.0 4513276.0 63311.0 63784.0 31892.0 12787.0 67841.0 0.0 15.0 0.0 19.0 144.0 0.0 0.0 0.0 0.0 0.0 0.0 0.0 0.0
46112.0 480410.0 192.0 4997179.0 1666007.0 1511.0 6089.0 1.0 0.0 51902654.0 25953402.0 4327549.0 63822.0 63594.0 32465.0 12070.0 62397.0 23.0 19.0 16.0 15.0 148.0 0.0 0.0 0.0 0.0 0.0 0.0 0.0 0.0
46267.0 483937.0 189.0 5057386.0 1685139.0 1528.0 6119.0 3.0 0.0 52781298.0 26397332.0 4392377.0 66039.0 63817.0 33480.0 12654.0 64261.0 69.0 20.0 64.0 13.0 168.0 0.0 0.0 0.0 0.0 0.0 0.0 0.0 0.0
46188.0 481601.0 188.0 5011242.0 1668176.0 1522.0 5828.0 2.0 0.0 52080086.0 25981201.5 4318770.0 59898.0 60362.0 29999.0 12261.0 62676.0 44.0 15.0 34.0 8.0 150.0 0.0 0.0 0.0 0.0 0.0 0.0 0.0 0.0
46028.0 478680.0 193.0 4972437.0 1654738.0 1492.0 5924.0 5.0 0.0 51578847.0 25760551.0 4271114.0 60542.0 61771.0 30264.0 12170.0 62122.0 107.0 26.0 87.0 10.0 140.0 0.0 0.0 1.0 0.0 0.0 0.0 0.0 0.0
46440.0 488075.0 187.0 5122496.0 1711344.0 1564.0 5904.0 2.0 0.0 53684200.0 26907220.0 4508179.0 61504.0 61995.0 31141.0 12779.0 65465.0 45.0 15.0 41.0 13.0 154.0 0.0 0.0 0.0 0.0 0.0 0.0 0.0 0.0
46583.0 490893.0 172.0 5165923.0 1722706.0 1541.0 5358.0 2.0 0.0 54296191.0 27155756.5 4526541.0 55472.0 56340.0 27438.0 13003.0 65117.0 46.0 10.0 38.0 16.0 132.0 0.0 0.0 0.0 0.0 0.0 0.0 0.0 0.0
46511.0 489071.0 197.0 5137476.0 1712904.0 1536.0 6357.0 2.0 0.0 53908755.0 26961146.5 4495254.0 68549.0 66940.0 34084.0 12943.0 64415.0 36.0 19.0 36.0 19.0 174.0 0.0 0.0 0.0 0.0 0.0 0.0 0.0 0.0
46381.0 486684.0 201.0 5100866.0 1701065.0 1524.0 6253.0 5.0 0.0 53401105.0 26709730.5 4453860.0 64888.0 65571.0 32556.0 12899.0 63660.0 99.0 23.0 102.0 6.0 154.0 0.0 0.0 1.0 0.0 0.0 0.0 0.0 0.0
46274.0 483739.0 174.0 5050438.0 1683104.0 1496.0 5595.0 3.0 0.0 52650603.0 26321701.5 4387303.0 59757.0 58703.0 29991.0 12386.0 61691.0 57.0 12.0 73.0 11.0 142.0 0.0 0.0 0.0 0.0 0.0 0.0 0.0 0.0
46356.0 486518.0 186.0 5101743.0 1702657.0 1542.0 5882.0 3.0 0.0 53421253.0 26755263.5 4474172.0 62355.0 61731.0 31074.0 12658.0 64883.0 93.0 29.0 83.0 15.0 166.0 0.0 0.0 0.0 0.0 0.0 0.0 0.0 0.0
46359.0 486421.0 199.0 5100794.0 1699996.0 1548.0 6320.0 3.0 0.0 53410993.0 26728448.5 4452430.0 66770.0 66634.0 33789.0 12649.0 64687.0 69.0 22.0 63.0 17.0 146.0 0.0 0.0 0.0 0.0 0.0 0.0 0.0 0.0
46105.0 480407.0 200.0 4996440.0 1665118.0 1576.0 6327.0 2.0 0.0 51885472.0 25928441.5 4317850.0 66830.0 65729.0 33121.0 12311.0 65144.0 40.0 23.0 45.0 6.0 176.0 0.0 0.0 0.0 0.0 0.0 0.0 0.0 0.0
46055.0 479444.0 187.0 4985539.0 1662447.0 1449.0 5875.0 4.0 0.0 51771953.0 25902822.0 4321044.0 61828.0 60859.0 30695.0 11991.0 60213.0 83.0 18.0 96.0 9.0 144.0 0.0 0.0 0.0 0.0 0.0 0.0 0.0 0.0
46465.0 487544.0 213.0 5109393.0 1702094.0 1489.0 6840.0 2.0 0.0 53470995.0 26721780.5 4448759.0 73139.0 70952.0 36627.0 12808.0 62217.0 34.0 22.0 46.0 10.0 182.0 0.0 0.0 0.0 0.0 0.0 0.0 0.0 0.0
46563.0 488601.0 192.0 5119445.0 1700931.0 1479.0 6055.0 4.0 0.0 53577893.0 26686122.5 4418340.0 63463.0 63522.0 31393.0 12702.0 62215.0 97.0 22.0 87.0 5.0 114.0 1.0 0.0 0.0 0.0 0.0 0.0 0.0 0.0
46236.0 483147.0 210.0 5043158.0 1678425.0 1419.0 6524.0 5.0 0.0 52574545.0 26250314.5 4355479.0 67329.0 68048.0 33598.0 12592.0 59121.0 91.0 21.0 112.0 10.0 136.0 0.0 0.0 0.0 0.0 0.0 0.0 0.0 0.0
46561.0 489460.0 197.0 5138772.0 1712172.0 1531.0 6194.0 3.0 0.0 53874148.0 26929733.5 4489382.0 64947.0 64728.0 32541.0 12955.0 64052.0 71.0 20.0 60.0 19.0 164.0 0.0 0.0 0.0 0.0 0.0 0.0 0.0 0.0
46186.0 482147.0 211.0 5024331.0 1675632.0 1568.0 6771.0 6.0 0.0 52275556.0 26143036.5 4364263.0 72123.0 70609.0 36201.0 12444.0 65047.0 140.0 26.0 148.0 16.0 180.0 0.0 0.0 0.0 0.0 0.0 0.0 0.0 0.0
45836.0 474236.0 188.0 4898384.0 1630163.0 1489.0 5836.0 4.0 0.0 50526361.0 25213100.0 4185661.0 59981.0 60329.0 29755.0 11776.0 60900.0 100.0 16.0 92.0 10.0 128.0 0.0 0.0 1.0 0.0 0.0 0.0 0.0 0.0
46324.0 484456.0 197.0 5059324.0 1684528.0 1521.0 6117.0 2.0 0.0 52774947.0 26348280.0 4380897.0 63106.0 63747.0 31844.0 12769.0 63159.0 41.0 13.0 49.0 13.0 144.0 0.0 0.0 0.0 0.0 0.0 0.0 0.0 0.0
46138.0 481574.0 196.0 5020277.0 1673987.0 1459.0 6259.0 4.0 0.0 52254958.0 26141687.5 4360160.0 66079.0 64988.0 33257.0 12567.0 61066.0 89.0 19.0 90.0 11.0 170.0 0.0 0.0 0.0 0.0 0.0 0.0 0.0 0.0
46036.0 478267.0 174.0 4961583.0 1652493.0 1499.0 5453.0 3.0 0.0 51403905.0 25680571.0 4276549.0 56786.0 56578.0 28311.0 11899.0 61907.0 69.0 16.0 62.0 12.0 138.0 0.0 0.0 0.0 0.0 0.0 0.0 0.0 0.0
46240.0 483986.0 178.0 5060324.0 1688425.0 1523.0 5578.0 3.0 0.0 52833778.0 26452602.0 4418382.0 58579.0 58160.0 29245.0 12761.0 63632.0 64.0 14.0 71.0 9.0 120.0 0.0 0.0 0.0 0.0 0.0 0.0 0.0 0.0
46146.0 481192.0 198.0 5011348.0 1669901.0 1497.0 6241.0 7.0 0.0 52129824.0 26050463.5 4337209.0 65205.0 65100.0 32729.0 12298.0 62359.0 161.0 17.0 151.0 19.0 174.0 0.0 0.0 1.0 0.0 0.0 0.0 0.0 0.0
46248.0 483443.0 209.0 5047397.0 1683074.0 1517.0 6499.0 5.0 0.0 52624372.0 26319087.0 4392204.0 67177.0 67629.0 33736.0 12491.0 63352.0 103.0 20.0 100.0 16.0 162.0 0.0 0.0 0.0 0.0 0.0 0.0 0.0 0.0
46146.0 481288.0 189.0 5008657.0 1670350.0 1449.0 6037.0 2.0 0.0 52063358.0 26017873.5 4344429.0 64392.0 62829.0 31998.0 12322.0 60275.0 39.0 19.0 46.0 13.0 162.0 0.0 0.0 0.0 0.0 0.0 0.0 0.0 0.0
45891.0 475653.0 179.0 4925056.0 1638338.0 1436.0 5595.0 0.0 0.0 50921024.0 25419019.5 4214977.0 58564.0 57828.0 28933.0 11948.0 59300.0 0.0 12.0 0.0 11.0 132.0 0.0 0.0 0.0 0.0 0.0 0.0 0.0 0.0
46571.0 490299.0 188.0 5158181.0 1717305.0 1600.0 5908.0 6.0 0.0 54190863.0 27081667.0 4501002.0 61722.0 62362.0 31026.0 12923.0 67243.0 125.0 13.0 124.0 17.0 138.0 0.0 0.0 0.0 0.0 0.0 0.0 0.0 0.0
46609.0 490351.0 159.0 5153522.0 1714033.0 1472.0 5061.0 1.0 0.0 54096345.0 26997092.5 4477189.0 53854.0 52962.0 26667.0 12865.0 61857.0 22.0 12.0 26.0 11.0 138.0 0.0 0.0 0.0 0.0 0.0 0.0 0.0 0.0
45987.0 478835.0 207.0 4982425.0 1661632.0 1475.0 6500.0 3.0 0.0 51793853.0 25915131.0 4322164.0 67772.0 67631.0 33550.0 12303.0 61909.0 57.0 13.0 65.0 16.0 148.0 0.0 0.0 0.0 0.0 0.0 0.0 0.0 0.0
46134.0 480515.0 210.0 4998543.0 1661863.0 1536.0 6576.0 4.0 0.0 51934594.0 25897958.0 4292310.0 68029.0 68171.0 34140.0 12298.0 64065.0 81.0 19.0 86.0 15.0 182.0 0.0 0.0 0.0 0.0 0.0 0.0 0.0 0.0
46367.0 485938.0 190.0 5083740.0 1693221.0 1484.0 6034.0 3.0 0.0 53125396.0 26522392.5 4406687.0 63877.0 62505.0 31733.0 12660.0 61494.0 85.0 23.0 55.0 13.0 148.0 0.0 0.0 0.0 0.0 0.0 0.0 0.0 0.0
46173.0 481977.0 215.0 5025170.0 1676450.0 1440.0 6716.0 3.0 0.0 52322590.0 26189995.5 4375614.0 70137.0 70228.0 34724.0 12525.0 60774.0 70.0 14.0 57.0 11.0 190.0 0.0 0.0 0.0 0.0 0.0 0.0 0.0 0.0
46485.0 488585.0 188.0 5129344.0 1711283.0 1471.0 6054.0 4.0 0.0 53784196.0 26919831.5 4493499.0 64932.0 63027.0 32599.0 12739.0 61123.0 96.0 18.0 83.0 5.0 166.0 0.0 0.0 0.0 0.0 0.0 0.0 0.0 0.0
46426.0 486261.0 210.0 5088480.0 1690956.0 1484.0 6647.0 1.0 0.0 53183978.0 26524325.5 4388089.0 70197.0 69498.0 34541.0 12582.0 61820.0 26.0 32.0 19.0 7.0 184.0 0.0 0.0 0.0 0.0 0.0 0.0 0.0 0.0
46048.0 479379.0 190.0 4987990.0 1661408.0 1446.0 5891.0 4.0 0.0 51824388.0 25916300.0 4312245.0 61027.0 61526.0 30565.0 12220.0 60241.0 75.0 20.0 94.0 13.0 160.0 0.0 0.0 0.0 1.0 0.0 0.0 0.0 0.0
46396.0 487017.0 181.0 5104296.0 1705008.0 1529.0 5579.0 3.0 0.0 53421186.0 26762632.5 4481330.0 56800.0 58420.0 28713.0 12792.0 63921.0 56.0 10.0 53.0 13.0 120.0 0.0 0.0 0.0 0.0 0.0 0.0 0.0 0.0
46265.0 484329.0 170.0 5061123.0 1688902.0 1480.0 5383.0 4.0 0.0 52814025.0 26423651.0 4413936.0 56899.0 55769.0 28130.0 12429.0 61553.0 71.0 9.0 97.0 9.0 134.0 0.0 0.0 0.0 0.0 0.0 0.0 0.0 0.0
46202.0 483169.0 181.0 5046962.0 1685531.0 1508.0 5636.0 5.0 0.0 52635480.0 26378300.5 4413821.0 58542.0 58637.0 28965.0 12450.0 63133.0 115.0 19.0 91.0 4.0 158.0 0.0 0.0 0.0 0.0 0.0 0.0 0.0 0.0
46681.0 492236.0 193.0 5185345.0 1725622.0 1476.0 6048.0 5.0 0.0 54556489.0 27241045.5 4522718.0 63014.0 63780.0 31762.0 12904.0 62043.0 107.0 30.0 109.0 11.0 138.0 0.0 0.0 0.0 0.0 0.0 0.0 0.0 0.0
46413.0 488694.0 163.0 5137509.0 1717124.0 1556.0 5229.0 3.0 0.0 53926542.0 27037278.5 4528452.0 56018.0 55428.0 28065.0 12922.0 65185.0 67.0 18.0 71.0 15.0 144.0 0.0 0.0 0.0 0.0 0.0 0.0 0.0 0.0
46208.0 483347.0 197.0 5047387.0 1684825.0 1572.0 6262.0 2.0 0.0 52631052.0 26344125.5 4399965.0 66093.0 65345.0 32772.0 12411.0 65679.0 48.0 28.0 50.0 9.0 134.0 0.0 0.0 0.0 0.0 0.0 0.0 0.0 0.0
46152.0 481786.0 198.0 5027147.0 1675685.0 1601.0 6265.0 7.0 0.0 52372685.0 26214752.5 4370039.0 65838.0 65067.0 32956.0 12247.0 67257.0 159.0 21.0 135.0 15.0 202.0 0.0 0.0 0.0 0.0 0.0 0.0 0.0 0.0
45993.0 478722.0 181.0 4973388.0 1660600.0 1447.0 5609.0 1.0 0.0 51594219.0 25832582.5 4318043.0 57688.0 58254.0 29122.0 12336.0 60441.0 22.0 13.0 23.0 8.0 138.0 0.0 0.0 0.0 0.0 0.0 0.0 0.0 0.0
46292.0 484931.0 198.0 5071600.0 1691051.0 1493.0 6333.0 6.0 0.0 52967413.0 26481820.0 4415677.0 67329.0 66058.0 33737.0 12730.0 62364.0 128.0 17.0 141.0 12.0 152.0 0.0 0.0 0.0 0.0 0.0 0.0 0.0 0.0
46326.0 484521.0 182.0 5062833.0 1685483.0 1448.0 5622.0 1.0 0.0 52833467.0 26395451.5 4390611.0 58182.0 59389.0 28773.0 12444.0 60255.0 15.0 10.0 16.0 7.0 156.0 0.0 0.0 0.0 0.0 0.0 0.0 0.0 0.0
46063.0 479578.0 177.0 4985205.0 1664914.0 1516.0 5363.0 3.0 0.0 51757540.0 25920605.5 4346472.0 53961.0 55770.0 27261.0 12267.0 63493.0 62.0 16.0 40.0 12.0 118.0 0.0 0.0 0.0 0.0 0.0 0.0 0.0 0.0
46201.0 482629.0 229.0 5032420.0 1679048.0 1461.0 7188.0 3.0 0.0 52412174.0 26214433.5 4380607.0 75081.0 74829.0 37521.0 12483.0 60584.0 59.0 32.0 60.0 14.0 164.0 0.0 0.0 0.0 0.0 0.0 0.0 0.0 0.0
46097.0 481177.0 182.0 5019574.0 1675471.0 1475.0 5731.0 5.0 0.0 52290374.0 26198755.5 4374812.0 60322.0 60423.0 30278.0 12508.0 61488.0 101.0 24.0 92.0 10.0 194.0 0.0 0.0 0.0 0.0 0.0 0.0 0.0 0.0
46516.0 490026.0 194.0 5155246.0 1719548.0 1578.0 6270.0 2.0 0.0 54170306.0 27109061.5 4517596.0 67042.0 65946.0 33895.0 12773.0 66148.0 49.0 29.0 43.0 20.0 158.0 0.0 0.0 0.0 0.0 0.0 0.0 0.0 0.0
46019.0 479263.0 198.0 4986090.0 1663138.0 1523.0 6080.0 5.0 0.0 51798577.0 25923129.5 4326620.0 61982.0 63516.0 31220.0 12434.0 63102.0 94.0 15.0 96.0 12.0 160.0 0.0 0.0 0.0 1.0 0.0 0.0 0.0 0.0
46325.0 485185.0 204.0 5076186.0 1689298.0 1506.0 6470.0 9.0 0.0 53035314.0 26480704.5 4394668.0 68174.0 67975.0 33900.0 12441.0 62809.0 191.0 30.0 202.0 9.0 166.0 0.0 0.0 0.0 0.0 0.0 0.0 0.0 0.0
46100.0 480541.0 184.0 5002145.0 1667354.0 1518.0 5709.0 1.0 0.0 52007608.0 25998091.0 4333644.0 58417.0 59533.0 29544.0 12233.0 62586.0 23.0 16.0 24.0 11.0 128.0 0.0 0.0 0.0 0.0 0.0 0.0 0.0 0.0
46258.0 483748.0 183.0 5049997.0 1682875.0 1487.0 5773.0 4.0 0.0 52637663.0 26316936.0 4380098.0 60506.0 60450.0 30233.0 12499.0 61825.0 93.0 15.0 84.0 12.0 120.0 0.0 0.0 0.0 0.0 0.0 0.0 0.0 0.0
46404.0 486304.0 180.0 5090072.0 1694623.0 1459.0 5686.0 4.0 0.0 53184999.0 26574130.0 4415986.0 59556.0 59617.0 30259.0 12700.0 61014.0 86.0 20.0 83.0 13.0 132.0 0.0 0.0 0.0 0.0 0.0 0.0 0.0 0.0
46079.0 480101.0 220.0 4994086.0 1665848.0 1516.0 7022.0 4.0 0.0 51879956.0 25950198.0 4333534.0 74357.0 73186.0 37162.0 12263.0 63126.0 85.0 27.0 89.0 10.0 158.0 0.0 0.0 0.0 0.0 0.0 0.0 0.0 0.0
45884.0 475213.0 184.0 4914236.0 1637332.0 1406.0 5585.0 1.0 0.0 50761409.0 25356764.5 4225955.0 56164.0 57481.0 28240.0 11772.0 58342.0 21.0 21.0 21.0 15.0 146.0 0.0 0.0 0.0 0.0 0.0 0.0 0.0 0.0
46529.0 488644.0 213.0 5128134.0 1707127.0 1504.0 6850.0 6.0 0.0 53743142.0 26850857.5 4466772.0 73383.0 71806.0 36349.0 12676.0 63438.0 130.0 32.0 137.0 11.0 180.0 0.0 0.0 0.0 0.0 0.0 0.0 0.0 0.0
46208.0 483277.0 188.0 5047799.0 1684657.0 1468.0 5974.0 2.0 0.0 52654052.0 26351728.5 4404733.0 63070.0 62057.0 32060.0 12687.0 61176.0 47.0 17.0 47.0 9.0 138.0 0.0 0.0 0.0 0.0 0.0 0.0 0.0 0.0
46367.0 485907.0 208.0 5084955.0 1695323.0 1494.0 6457.0 8.0 0.0 53141158.0 26573153.0 4430692.0 66795.0 67582.0 33337.0 12804.0 62584.0 198.0 14.0 170.0 10.0 134.0 0.0 0.0 0.0 0.0 0.0 0.0 0.0 0.0
46537.0 489648.0 199.0 5142976.0 1715467.0 1521.0 6197.0 3.0 0.0 53946866.0 26980478.5 4504186.0 64298.0 64885.0 31790.0 13031.0 64582.0 63.0 21.0 79.0 14.0 152.0 0.0 0.0 0.0 0.0 0.0 0.0 0.0 0.0
46269.0 484719.0 189.0 5069721.0 1693186.0 1467.0 5929.0 3.0 0.0 52953051.0 26521682.0 4441970.0 61838.0 61984.0 31231.0 12446.0 60951.0 62.0 19.0 63.0 13.0 128.0 0.0 0.0 0.0 0.0 0.0 0.0 0.0 0.0
46050.0 478805.0 179.0 4974466.0 1653761.0 1499.0 5553.0 2.0 0.0 51624911.0 25749830.0 4265277.0 57032.0 57610.0 28534.0 12148.0 61705.0 46.0 15.0 42.0 7.0 106.0 0.0 0.0 0.0 0.0 0.0 0.0 0.0 0.0
46208.0 483690.0 219.0 5057919.0 1686427.0 1532.0 6908.0 7.0 0.0 52817929.0 26425941.5 4398662.0 72372.0 72101.0 36200.0 12500.0 64474.0 132.0 27.0 153.0 12.0 186.0 0.0 0.0 1.0 0.0 0.0 0.0 0.0 0.0
46403.0 486800.0 190.0 5098620.0 1699564.0 1490.0 5881.0 2.0 0.0 53341294.0 26651105.5 4443864.0 60474.0 61505.0 30286.0 12904.0 62324.0 49.0 17.0 45.0 9.0 126.0 0.0 0.0 0.0 0.0 0.0 0.0 0.0 0.0
46588.0 490353.0 200.0 5154638.0 1718294.0 1528.0 6444.0 6.0 0.0 54120625.0 27057514.5 4515715.0 69228.0 67785.0 34627.0 13058.0 64333.0 116.0 21.0 145.0 9.0 178.0 0.0 0.0 1.0 0.0 0.0 0.0 0.0 0.0
46176.0 482725.0 178.0 5046036.0 1683561.0 1445.0 5563.0 2.0 0.0 52673796.0 26398594.5 4407309.0 57853.0 58176.0 28753.0 12659.0 60183.0 42.0 16.0 50.0 14.0 124.0 0.0 0.0 0.0 0.0 0.0 0.0 0.0 0.0
46513.0 488686.0 176.0 5126491.0 1707883.0 1586.0 5506.0 2.0 0.0 53694608.0 26840477.5 4465744.0 57429.0 57942.0 28720.0 12742.0 66710.0 35.0 21.0 49.0 14.0 148.0 0.0 0.0 0.0 0.0 0.0 0.0 0.0 0.0
46373.0 486679.0 196.0 5105303.0 1701979.0 1437.0 6206.0 5.0 0.0 53477030.0 26765502.5 4463990.0 65278.0 64628.0 32621.0 12798.0 59953.0 121.0 20.0 97.0 9.0 148.0 0.0 0.0 0.0 0.0 0.0 0.0 0.0 0.0
46192.0 482364.0 187.0 5029643.0 1678241.0 1484.0 5854.0 1.0 0.0 52373001.0 26209724.0 4378370.0 60625.0 60932.0 30636.0 12316.0 61748.0 27.0 20.0 20.0 14.0 144.0 0.0 0.0 0.0 0.0 0.0 0.0 0.0 0.0
47054.0 500802.0 191.0 5322247.0 1772924.0 1655.0 6165.0 5.0 0.0 56482860.0 28223162.0 4696991.0 66285.0 65516.0 32889.0 13560.0 70229.0 115.0 15.0 104.0 12.0 146.0 0.0 0.0 0.0 0.0 0.0 0.0 0.0 0.0
46510.0 488032.0 197.0 5113344.0 1701094.0 1510.0 6149.0 4.0 0.0 53511468.0 26694499.0 4430750.0 64120.0 64456.0 32015.0 12642.0 62961.0 89.0 24.0 88.0 10.0 156.0 0.0 0.0 1.0 0.0 0.0 0.0 0.0 0.0
46051.0 479573.0 200.0 4986193.0 1666126.0 1503.0 6233.0 8.0 0.0 51782515.0 25941095.0 4352093.0 64229.0 65237.0 32848.0 12043.0 62750.0 159.0 19.0 169.0 12.0 134.0 0.0 0.0 0.0 1.0 0.0 0.0 0.0 0.0
46510.0 488876.0 215.0 5133124.0 1709406.0 1627.0 6839.0 9.0 0.0 53823773.0 26895359.5 4471074.0 72760.0 72268.0 35981.0 12722.0 67837.0 173.0 24.0 186.0 13.0 180.0 0.0 0.0 1.0 0.0 0.0 0.0 0.0 0.0
46483.0 487647.0 218.0 5111351.0 1699638.0 1540.0 6811.0 6.0 0.0 53512324.0 26696143.0 4428135.0 70825.0 71547.0 35250.0 12826.0 64253.0 104.0 16.0 125.0 11.0 196.0 1.0 0.0 0.0 0.0 0.0 0.0 0.0 0.0
46242.0 483054.0 189.0 5037336.0 1679493.0 1506.0 5836.0 5.0 0.0 52472220.0 26226591.5 4376115.0 59975.0 60083.0 29942.0 12387.0 62502.0 91.0 17.0 111.0 19.0 170.0 0.0 0.0 0.0 0.0 0.0 0.0 0.0 0.0
45923.0 477855.0 212.0 4966080.0 1658208.0 1487.0 6678.0 4.0 0.0 51547086.0 25814776.5 4314096.0 69385.0 68994.0 34984.0 12259.0 61722.0 74.0 26.0 81.0 15.0 156.0 0.0 0.0 0.0 0.0 0.0 0.0 0.0 0.0
46193.0 482865.0 186.0 5043422.0 1680645.0 1530.0 5932.0 3.0 0.0 52608713.0 26308105.5 4377997.0 63209.0 61578.0 31608.0 12338.0 63785.0 68.0 15.0 62.0 9.0 172.0 0.0 0.0 0.0 0.0 0.0 0.0 0.0 0.0
46036.0 478697.0 199.0 4969081.0 1655526.0 1474.0 6295.0 3.0 0.0 51518778.0 25728128.5 4283233.0 66286.0 65738.0 33117.0 12061.0 60572.0 52.0 19.0 54.0 12.0 136.0 0.0 0.0 0.0 0.0 0.0 0.0 0.0 0.0
46531.0 489521.0 204.0 5143179.0 1712366.0 1552.0 6635.0 5.0 0.0 53959828.0 26945775.5 4477965.0 71619.0 69329.0 35915.0 12919.0 65046.0 103.0 16.0 106.0 10.0 174.0 0.0 0.0 0.0 0.0 0.0 0.0 0.0 0.0
46423.0 487298.0 197.0 5108795.0 1705111.0 1470.0 6159.0 4.0 0.0 53477392.0 26778950.0 4477374.0 63964.0 64411.0 32187.0 12614.0 61270.0 70.0 16.0 86.0 12.0 138.0 0.0 0.0 0.0 0.0 0.0 0.0 0.0 0.0
46050.0 478856.0 171.0 4968555.0 1656275.0 1484.0 5252.0 2.0 0.0 51474433.0 25725110.0 4288825.0 53698.0 54849.0 26906.0 11986.0 61362.0 45.0 13.0 46.0 11.0 162.0 0.0 0.0 0.0 0.0 0.0 0.0 0.0 0.0
45940.0 476650.0 198.0 4938698.0 1644535.0 1452.0 6153.0 2.0 0.0 51091483.0 25523942.5 4241189.0 63298.0 63414.0 31924.0 12117.0 60229.0 52.0 22.0 51.0 10.0 160.0 0.0 0.0 0.0 0.0 0.0 0.0 0.0 0.0
46182.0 482576.0 190.0 5033805.0 1680922.0 1436.0 5918.0 2.0 0.0 52441097.0 26256603.5 4392217.0 61419.0 61807.0 30795.0 12263.0 60069.0 46.0 27.0 37.0 11.0 172.0 0.0 0.0 0.0 0.0 0.0 0.0 0.0 0.0
46877.0 496350.0 212.0 5245559.0 1747367.0 1571.0 6612.0 6.0 0.0 55368604.0 27649948.5 4600892.0 68402.0 69499.0 34375.0 13193.0 66445.0 116.0 16.0 134.0 13.0 148.0 0.0 0.0 1.0 1.0 0.0 0.0 0.0 0.0
46395.0 486295.0 182.0 5088792.0 1697734.0 1533.0 5777.0 2.0 0.0 53187252.0 26603945.0 4445380.0 61160.0 59900.0 30298.0 12455.0 64121.0 36.0 19.0 41.0 11.0 164.0 0.0 0.0 0.0 0.0 0.0 0.0 0.0 0.0
46089.0 479085.0 195.0 4972440.0 1653056.0 1448.0 6004.0 2.0 0.0 51546628.0 25694739.0 4258135.0 61023.0 61787.0 30528.0 12042.0 59619.0 34.0 20.0 37.0 9.0 134.0 0.0 0.0 0.0 0.0 0.0 0.0 0.0 0.0
46681.0 492045.0 194.0 5179896.0 1724795.0 1521.0 6160.0 6.0 0.0 54457116.0 27197461.5 4523445.0 64927.0 64597.0 32815.0 13106.0 64074.0 120.0 19.0 122.0 15.0 154.0 0.0 0.0 0.0 1.0 0.0 0.0 0.0 0.0
46035.0 478878.0 188.0 4976197.0 1657274.0 1497.0 5780.0 1.0 0.0 51649748.0 25802497.0 4291700.0 59219.0 59748.0 29481.0 11967.0 62039.0 17.0 16.0 29.0 14.0 148.0 0.0 0.0 0.0 0.0 0.0 0.0 0.0 0.0
46291.0 484654.0 173.0 5068059.0 1688773.0 1508.0 5298.0 3.0 0.0 52932969.0 26454241.0 4399500.0 53945.0 54610.0 27110.0 12723.0 63378.0 67.0 11.0 65.0 12.0 152.0 0.0 0.0 0.0 0.0 0.0 0.0 0.0 0.0
45915.0 477014.0 178.0 4946769.0 1653205.0 1446.0 5669.0 0.0 0.0 51230222.0 25669239.0 4306633.0 59818.0 58891.0 29952.0 12085.0 59856.0 0.0 16.0 0.0 16.0 158.0 0.0 0.0 0.0 0.0 0.0 0.0 0.0 0.0
46398.0 487214.0 191.0 5109057.0 1704723.0 1511.0 5983.0 1.0 0.0 53515492.0 26777076.5 4471165.0 62268.0 62650.0 31400.0 12754.0 63294.0 10.0 15.0 23.0 15.0 168.0 0.0 0.0 0.0 0.0 0.0 0.0 0.0 0.0
46078.0 479412.0 211.0 4982216.0 1660622.0 1502.0 6632.0 1.0 0.0 51716814.0 25858596.5 4313248.0 69181.0 68715.0 34647.0 12011.0 62400.0 29.0 29.0 25.0 12.0 174.0 0.0 0.0 0.0 0.0 0.0 0.0 0.0 0.0
46352.0 484668.0 198.0 5060338.0 1685104.0 1437.0 6168.0 4.0 0.0 52765715.0 26349390.5 4389426.0 63545.0 64289.0 32010.0 12470.0 59930.0 100.0 19.0 87.0 7.0 124.0 0.0 0.0 1.0 0.0 0.0 0.0 0.0 0.0
46240.0 484172.0 209.0 5061329.0 1689667.0 1489.0 6586.0 9.0 0.0 52836543.0 26454589.0 4417872.0 68990.0 68239.0 34516.0 12720.0 61717.0 203.0 22.0 194.0 6.0 184.0 0.0 0.0 0.0 0.0 0.0 0.0 0.0 0.0
46573.0 491469.0 186.0 5181825.0 1729482.0 1558.0 5842.0 2.0 0.0 54562231.0 27328435.0 4562138.0 60737.0 62040.0 30808.0 13107.0 65502.0 43.0 14.0 28.0 13.0 134.0 0.0 0.0 1.0 0.0 0.0 0.0 0.0 0.0
45916.0 476060.0 183.0 4926675.0 1643355.0 1468.0 5604.0 3.0 0.0 50919981.0 25460884.5 4253062.0 57465.0 57763.0 28742.0 11975.0 60354.0 55.0 18.0 66.0 12.0 148.0 0.0 0.0 0.0 0.0 0.0 0.0 0.0 0.0
46362.0 486500.0 191.0 5097516.0 1702551.0 1558.0 5955.0 1.0 0.0 53350452.0 26726003.5 4474483.0 61795.0 62374.0 30942.0 12624.0 65860.0 23.0 14.0 19.0 14.0 146.0 0.0 0.0 0.0 0.0 0.0 0.0 0.0 0.0
46094.0 480261.0 175.0 4994282.0 1663485.0 1463.0 5486.0 2.0 0.0 51866429.0 25893613.5 4304210.0 57263.0 56842.0 28388.0 12399.0 60822.0 45.0 11.0 43.0 14.0 136.0 0.0 0.0 0.0 0.0 0.0 0.0 0.0 0.0
46356.0 485969.0 159.0 5085952.0 1695595.0 1497.0 4996.0 3.0 0.0 53159928.0 26570169.5 4427797.0 52569.0 52405.0 25985.0 12503.0 62498.0 53.0 16.0 69.0 9.0 142.0 0.0 0.0 0.0 0.0 0.0 0.0 0.0 0.0
46151.0 481368.0 207.0 5013789.0 1670397.0 1452.0 6533.0 0.0 0.0 52156163.0 26061449.0 4338890.0 68376.0 68070.0 34148.0 12302.0 60370.0 0.0 27.0 0.0 9.0 152.0 0.0 0.0 0.0 0.0 0.0 0.0 0.0 0.0
45950.0 476193.0 202.0 4933414.0 1639103.0 1429.0 6268.0 5.0 0.0 51046737.0 25463666.5 4215897.0 64402.0 64848.0 32269.0 12089.0 59179.0 96.0 26.0 97.0 8.0 148.0 0.0 0.0 0.0 0.0 0.0 0.0 0.0 0.0
46402.0 486065.0 179.0 5086160.0 1694822.0 1421.0 5732.0 2.0 0.0 53160351.0 26571268.5 4431345.0 60916.0 59388.0 30776.0 12616.0 59578.0 44.0 16.0 36.0 9.0 138.0 0.0 0.0 0.0 0.0 0.0 0.0 0.0 0.0
46461.0 488717.0 183.0 5135604.0 1713188.0 1531.0 5873.0 8.0 0.0 53880877.0 26981944.0 4495568.0 62412.0 61634.0 31514.0 12895.0 64351.0 199.0 17.0 185.0 21.0 142.0 1.0 0.0 2.0 0.0 0.0 0.0 0.0 0.0
46451.0 488852.0 210.0 5139335.0 1717972.0 1586.0 6511.0 6.0 0.0 53952206.0 27062421.5 4541721.0 67086.0 68622.0 33625.0 12966.0 67117.0 121.0 25.0 138.0 17.0 170.0 0.0 0.0 0.0 0.0 0.0 0.0 0.0 0.0
46865.0 496252.0 191.0 5252518.0 1748136.0 1568.0 6271.0 9.0 0.0 55518201.0 27736532.5 4614448.0 68410.0 66525.0 34280.0 13343.0 66404.0 209.0 29.0 180.0 8.0 176.0 0.0 0.0 0.0 0.0 0.0 0.0 0.0 0.0
46302.0 484413.0 169.0 5062567.0 1688296.0 1509.0 5347.0 3.0 0.0 52833231.0 26433966.5 4418463.0 56685.0 55755.0 28207.0 12482.0 63144.0 71.0 21.0 74.0 9.0 104.0 0.0 0.0 0.0 0.0 0.0 0.0 0.0 0.0
46336.0 485784.0 195.0 5085045.0 1696748.0 1475.0 6258.0 6.0 0.0 53158718.0 26600660.0 4440552.0 67031.0 65238.0 33639.0 12696.0 61567.0 136.0 24.0 143.0 14.0 176.0 0.0 0.0 0.0 1.0 0.0 0.0 0.0 0.0
46474.0 488243.0 211.0 5123452.0 1707862.0 1518.0 6601.0 3.0 0.0 53688926.0 26854250.0 4475244.0 68627.0 68956.0 34430.0 12784.0 63626.0 61.0 23.0 85.0 13.0 168.0 0.0 0.0 0.0 0.0 0.0 0.0 0.0 0.0
46670.0 492050.0 211.0 5179387.0 1726019.0 1499.0 6738.0 4.0 0.0 54450499.0 27212325.0 4529848.0 71769.0 70921.0 35729.0 12967.0 62718.0 89.0 26.0 77.0 10.0 160.0 0.0 0.0 0.0 0.0 0.0 0.0 0.0 0.0
46105.0 479828.0 172.0 4986265.0 1660679.0 1485.0 5445.0 4.0 0.0 51755311.0 25843573.5 4299054.0 57774.0 56805.0 28847.0 12346.0 61302.0 91.0 13.0 117.0 16.0 110.0 0.0 0.0 1.0 0.0 0.0 0.0 0.0 0.0
46628.0 491528.0 190.0 5174552.0 1725256.0 1512.0 6095.0 3.0 0.0 54402016.0 27206351.0 4537082.0 65195.0 64086.0 32434.0 12779.0 63909.0 74.0 27.0 68.0 12.0 158.0 0.0 0.0 0.0 0.0 0.0 0.0 0.0 0.0
46068.0 479342.0 211.0 4979642.0 1659615.0 1506.0 6597.0 1.0 0.0 51663611.0 25817599.0 4303722.0 68393.0 68458.0 34479.0 12054.0 62447.0 16.0 28.0 27.0 10.0 166.0 0.0 0.0 0.0 0.0 0.0 0.0 0.0 0.0
46680.0 492284.0 193.0 5186751.0 1726781.0 1510.0 6067.0 3.0 0.0 54565283.0 27262640.5 4532983.0 63473.0 63945.0 31383.0 12816.0 63621.0 62.0 18.0 64.0 18.0 130.0 0.0 0.0 0.0 0.0 0.0 0.0 0.0 0.0
46423.0 487434.0 217.0 5110696.0 1703374.0 1538.0 6809.0 6.0 0.0 53510145.0 26748520.5 4453674.0 70982.0 71333.0 35437.0 12709.0 64636.0 137.0 23.0 120.0 14.0 172.0 0.0 0.0 0.0 0.0 0.0 0.0 0.0 0.0
46452.0 488233.0 209.0 5122964.0 1709835.0 1610.0 6607.0 4.0 0.0 53675217.0 26862966.5 4486111.0 69593.0 69496.0 34864.0 12689.0 67414.0 77.0 19.0 101.0 14.0 164.0 0.0 0.0 0.0 1.0 0.0 0.0 0.0 0.0
46415.0 487364.0 194.0 5112486.0 1704968.0 1528.0 6127.0 3.0 0.0 53552663.0 26808695.0 4471915.0 64738.0 64142.0 32156.0 12907.0 63813.0 71.0 15.0 58.0 14.0 144.0 0.0 0.0 0.0 0.0 0.0 0.0 0.0 0.0
46306.0 486196.0 185.0 5099349.0 1704917.0 1493.0 5761.0 4.0 0.0 53420856.0 26793330.5 4493878.0 59648.0 60145.0 29885.0 12827.0 63512.0 101.0 18.0 73.0 16.0 138.0 0.0 0.0 0.0 0.0 0.0 0.0 0.0 0.0
46426.0 486928.0 183.0 5098444.0 1701438.0 1520.0 5812.0 4.0 0.0 53315308.0 26673399.5 4462321.0 61395.0 61054.0 30606.0 12619.0 63701.0 84.0 12.0 95.0 15.0 114.0 0.0 0.0 0.0 0.0 0.0 0.0 0.0 0.0
46439.0 486888.0 222.0 5099154.0 1697025.0 1465.0 6898.0 4.0 0.0 53334501.0 26627032.0 4426089.0 71611.0 71679.0 35436.0 12594.0 61269.0 85.0 22.0 83.0 7.0 142.0 0.0 0.0 0.0 0.0 0.0 0.0 0.0 0.0
46390.0 486810.0 176.0 5105551.0 1705036.0 1451.0 5685.0 7.0 0.0 53465771.0 26806543.5 4501127.0 60840.0 60016.0 30614.0 12612.0 60751.0 156.0 17.0 172.0 6.0 174.0 1.0 0.0 0.0 0.0 0.0 0.0 0.0 0.0
46457.0 487343.0 175.0 5105833.0 1700267.0 1506.0 5440.0 2.0 0.0 53434481.0 26685290.0 4441016.0 56115.0 57240.0 27839.0 12756.0 62918.0 48.0 16.0 35.0 8.0 98.0 0.0 0.0 0.0 0.0 0.0 0.0 0.0 0.0
46101.0 481868.0 187.0 5025044.0 1682299.0 1526.0 5779.0 3.0 0.0 52331983.0 26256512.5 4415856.0 59160.0 59493.0 30102.0 12375.0 63693.0 65.0 10.0 70.0 16.0 138.0 0.0 0.0 0.0 0.0 0.0 0.0 0.0 0.0
46236.0 483673.0 160.0 5054411.0 1686768.0 1524.0 4965.0 3.0 0.0 52743796.0 26407659.0 4411399.0 51251.0 51718.0 25347.0 12533.0 63392.0 65.0 10.0 77.0 22.0 128.0 0.0 0.0 0.0 0.0 0.0 0.0 0.0 0.0
46293.0 483626.0 198.0 5046058.0 1678321.0 1514.0 6290.0 4.0 0.0 52577166.0 26235320.5 4351780.0 66774.0 65351.0 33031.0 12578.0 62799.0 79.0 17.0 58.0 12.0 140.0 0.0 0.0 0.0 0.0 0.0 0.0 0.0 0.0
45971.0 475586.0 199.0 4908153.0 1631046.0 1461.0 6178.0 3.0 0.0 50588049.0 25192107.0 4174934.0 63908.0 63496.0 31873.0 11834.0 59910.0 69.0 25.0 67.0 8.0 148.0 0.0 0.0 0.0 0.0 0.0 0.0 0.0 0.0
46000.0 478841.0 175.0 4980882.0 1659866.0 1416.0 5514.0 3.0 0.0 51739799.0 25879413.0 4306935.0 57936.0 57213.0 29157.0 12398.0 58537.0 62.0 12.0 57.0 8.0 152.0 0.0 0.0 0.0 0.0 0.0 0.0 0.0 0.0
46498.0 489354.0 196.0 5142039.0 1716157.0 1495.0 6255.0 5.0 0.0 53949418.0 27007801.5 4507798.0 66251.0 65674.0 33377.0 13104.0 62763.0 108.0 23.0 104.0 13.0 146.0 1.0 0.0 0.0 0.0 0.0 0.0 0.0 0.0
46622.0 491683.0 216.0 5175626.0 1727899.0 1631.0 6792.0 3.0 0.0 54407068.0 27232569.5 4552280.0 71113.0 71152.0 35777.0 13275.0 68465.0 62.0 25.0 53.0 12.0 192.0 0.0 0.0 0.0 1.0 0.0 0.0 0.0 0.0
46030.0 479718.0 194.0 4994860.0 1667354.0 1483.0 6240.0 1.0 0.0 51939386.0 26011739.5 4344972.0 66681.0 65149.0 33145.0 12173.0 61887.0 25.0 17.0 18.0 7.0 156.0 0.0 0.0 0.0 0.0 0.0 0.0 0.0 0.0
46355.0 485985.0 177.0 5086128.0 1698215.0 1448.0 5523.0 1.0 0.0 53150054.0 26617037.0 4452021.0 56950.0 57675.0 28591.0 12713.0 60389.0 20.0 10.0 20.0 11.0 122.0 0.0 0.0 0.0 0.0 0.0 0.0 0.0 0.0
46772.0 494609.0 210.0 5222513.0 1741125.0 1567.0 6521.0 5.0 0.0 55068403.0 27537158.5 4590508.0 67690.0 68468.0 33845.0 13278.0 65763.0 91.0 29.0 91.0 19.0 160.0 0.0 0.0 0.0 0.0 0.0 0.0 0.0 0.0
46205.0 483048.0 192.0 5041868.0 1679182.0 1497.0 5928.0 7.0 0.0 52549137.0 26247877.5 4359708.0 60649.0 61946.0 30370.0 12474.0 62740.0 138.0 22.0 149.0 10.0 120.0 0.0 0.0 1.0 0.0 0.0 0.0 0.0 0.0
46308.0 484489.0 189.0 5064181.0 1685219.0 1640.0 5852.0 2.0 0.0 52858732.0 26393969.0 4380965.0 60455.0 61166.0 30400.0 12380.0 68421.0 47.0 15.0 40.0 15.0 148.0 0.0 0.0 0.0 0.0 0.0 0.0 0.0 0.0
45857.0 475380.0 176.0 4923061.0 1638779.0 1503.0 5560.0 5.0 0.0 50926147.0 25427904.5 4217504.0 58364.0 57736.0 28979.0 12037.0 62319.0 110.0 16.0 109.0 10.0 134.0 0.0 0.0 0.0 0.0 0.0 0.0 0.0 0.0
46119.0 479798.0 199.0 4982752.0 1658150.0 1498.0 6344.0 6.0 0.0 51683445.0 25775297.0 4282649.0 67491.0 65751.0 33716.0 12137.0 62166.0 141.0 17.0 116.0 14.0 164.0 0.0 0.0 1.0 0.0 0.0 0.0 0.0 0.0
46181.0 482115.0 184.0 5025042.0 1678146.0 1436.0 5671.0 3.0 0.0 52319543.0 26195622.5 4386070.0 58732.0 59043.0 29145.0 12419.0 59587.0 63.0 20.0 50.0 10.0 130.0 0.0 0.0 0.0 0.0 0.0 0.0 0.0 0.0
46332.0 485246.0 183.0 5075103.0 1690740.0 1458.0 5724.0 4.0 0.0 53006061.0 26484093.5 4408351.0 59637.0 59503.0 29930.0 12647.0 60386.0 79.0 14.0 81.0 11.0 154.0 0.0 0.0 0.0 0.0 0.0 0.0 0.0 0.0
46575.0 489783.0 213.0 5144526.0 1714420.0 1517.0 6723.0 5.0 0.0 53964363.0 26973967.0 4496845.0 70904.0 70270.0 35109.0 12832.0 63765.0 114.0 28.0 102.0 12.0 142.0 0.0 0.0 1.0 0.0 0.0 0.0 0.0 0.0
46361.0 487710.0 189.0 5121498.0 1714172.0 1510.0 6012.0 4.0 0.0 53717397.0 26954208.5 4528517.0 63676.0 62892.0 31701.0 13057.0 63095.0 84.0 17.0 83.0 14.0 162.0 0.0 0.0 0.0 0.0 0.0 0.0 0.0 0.0
46316.0 485768.0 188.0 5089350.0 1698694.0 1517.0 5686.0 4.0 0.0 53248369.0 26666723.5 4452552.0 57478.0 59768.0 28660.0 12850.0 63604.0 90.0 17.0 73.0 17.0 140.0 0.0 0.0 0.0 0.0 0.0 0.0 0.0 0.0
46444.0 488744.0 180.0 5139509.0 1715607.0 1480.0 5669.0 4.0 0.0 53975564.0 27042681.0 4520736.0 59375.0 59635.0 29839.0 12936.0 61787.0 91.0 15.0 89.0 16.0 116.0 0.0 0.0 0.0 0.0 0.0 0.0 0.0 0.0
46101.0 481260.0 181.0 5018980.0 1675146.0 1425.0 5656.0 2.0 0.0 52275725.0 26179842.5 4379377.0 58963.0 58842.0 29184.0 12485.0 59305.0 41.0 9.0 40.0 14.0 96.0 0.0 0.0 0.0 0.0 0.0 0.0 0.0 0.0
46308.0 485132.0 203.0 5078417.0 1694002.0 1514.0 6401.0 2.0 0.0 53092065.0 26575444.5 4436581.0 67251.0 66740.0 33577.0 12445.0 63578.0 51.0 16.0 44.0 13.0 162.0 0.0 0.0 0.0 0.0 0.0 0.0 0.0 0.0
46454.0 488705.0 212.0 5133323.0 1714506.0 1599.0 6770.0 6.0 0.0 53855215.0 26972768.0 4510436.0 71995.0 70893.0 35934.0 12845.0 67128.0 121.0 27.0 119.0 11.0 178.0 0.0 0.0 0.0 0.0 0.0 0.0 0.0 0.0
46350.0 485803.0 191.0 5081115.0 1695840.0 1547.0 6081.0 2.0 0.0 53075704.0 26551734.5 4438079.0 64038.0 63433.0 32318.0 12454.0 64294.0 42.0 19.0 39.0 15.0 166.0 0.0 0.0 0.0 0.0 0.0 0.0 0.0 0.0
46323.0 483933.0 201.0 5044654.0 1680593.0 1442.0 6246.0 4.0 0.0 52516270.0 26215338.5 4370598.0 64122.0 64600.0 32328.0 12361.0 59811.0 92.0 26.0 85.0 13.0 154.0 0.0 0.0 0.0 0.0 0.0 0.0 0.0 0.0
46457.0 487464.0 190.0 5109590.0 1702043.0 1584.0 5964.0 2.0 0.0 53488111.0 26731237.5 4453140.0 62616.0 62380.0 31087.0 12558.0 66207.0 42.0 19.0 48.0 13.0 160.0 0.0 0.0 0.0 0.0 0.0 0.0 0.0 0.0
46277.0 483534.0 173.0 5047434.0 1680618.0 1493.0 5525.0 5.0 0.0 52616544.0 26286995.5 4372940.0 58799.0 57515.0 29311.0 12361.0 62052.0 83.0 10.0 109.0 11.0 112.0 0.0 0.0 0.0 0.0 0.0 0.0 0.0 0.0
46374.0 486502.0 183.0 5099823.0 1701214.0 1539.0 5655.0 7.0 0.0 53390550.0 26724548.0 4460725.0 58047.0 59239.0 29441.0 12491.0 64784.0 156.0 8.0 137.0 14.0 122.0 0.0 0.0 0.0 0.0 0.0 0.0 0.0 0.0
46536.0 489605.0 173.0 5143362.0 1715608.0 1545.0 5490.0 2.0 0.0 53951153.0 26995445.5 4509187.0 57908.0 57597.0 28730.0 13053.0 64723.0 37.0 17.0 46.0 9.0 158.0 0.0 0.0 0.0 0.0 0.0 0.0 0.0 0.0
46347.0 486232.0 204.0 5095590.0 1700510.0 1520.0 6404.0 3.0 0.0 53334088.0 26698814.0 4460188.0 67583.0 67058.0 33589.0 12704.0 63917.0 75.0 22.0 83.0 18.0 126.0 0.0 0.0 0.0 0.0 0.0 0.0 0.0 0.0
46454.0 488975.0 177.0 5142890.0 1718589.0 1465.0 5459.0 2.0 0.0 54011954.0 27097874.5 4538951.0 56007.0 57519.0 28328.0 13030.0 61666.0 33.0 11.0 44.0 12.0 146.0 0.0 0.0 0.0 0.0 0.0 0.0 0.0 0.0
46034.0 478957.0 212.0 4976109.0 1658069.0 1456.0 6636.0 10.0 0.0 51637741.0 25805629.5 4293535.0 68816.0 68624.0 34451.0 12332.0 60201.0 178.0 17.0 165.0 10.0 144.0 1.0 0.0 2.0 0.0 0.0 0.0 0.0 0.0
46090.0 480191.0 186.0 4995375.0 1665758.0 1466.0 5876.0 6.0 0.0 51906765.0 25948295.5 4333620.0 62051.0 60854.0 30751.0 12112.0 61141.0 127.0 18.0 115.0 11.0 176.0 0.0 0.0 0.0 0.0 0.0 0.0 0.0 0.0
46161.0 481765.0 202.0 5017121.0 1673895.0 1438.0 6378.0 3.0 0.0 52185020.0 26094585.0 4353545.0 67106.0 65964.0 33312.0 12352.0 59434.0 55.0 12.0 68.0 10.0 180.0 0.0 0.0 0.0 0.0 0.0 0.0 0.0 0.0
46441.0 487601.0 208.0 5111091.0 1703523.0 1531.0 6484.0 2.0 0.0 53513247.0 26736235.5 4455268.0 66972.0 67646.0 33601.0 12740.0 64280.0 41.0 22.0 35.0 6.0 164.0 0.0 0.0 0.0 0.0 0.0 0.0 0.0 0.0
46258.0 483143.0 194.0 5038179.0 1679228.0 1480.0 5997.0 5.0 0.0 52466156.0 26229680.0 4372584.0 61728.0 62643.0 30865.0 12373.0 61612.0 97.0 21.0 98.0 11.0 166.0 0.0 0.0 0.0 0.0 0.0 0.0 0.0 0.0
46136.0 480346.0 185.0 4992032.0 1663154.0 1431.0 5830.0 5.0 0.0 51820063.0 25880076.5 4307863.0 61301.0 60553.0 30682.0 12002.0 59476.0 101.0 22.0 111.0 12.0 152.0 0.0 0.0 0.0 0.0 0.0 0.0 0.0 0.0
46270.0 484586.0 194.0 5068780.0 1691813.0 1474.0 6060.0 2.0 0.0 52941591.0 26510271.0 4429463.0 62698.0 63298.0 31603.0 12533.0 61752.0 44.0 10.0 47.0 13.0 132.0 0.0 0.0 0.0 1.0 0.0 0.0 0.0 0.0
46109.0 480772.0 168.0 5010342.0 1668231.0 1502.0 5263.0 2.0 0.0 52136324.0 26068405.0 4329837.0 54887.0 54785.0 27296.0 12466.0 62340.0 48.0 9.0 41.0 16.0 146.0 0.0 0.0 0.0 0.0 0.0 0.0 0.0 0.0
46403.0 487027.0 223.0 5103982.0 1702207.0 1527.0 6966.0 7.0 0.0 53419418.0 26713362.0 4455630.0 72814.0 72996.0 36271.0 12740.0 64248.0 145.0 16.0 172.0 14.0 184.0 0.0 0.0 0.0 1.0 0.0 0.0 0.0 0.0
46507.0 489191.0 184.0 5138740.0 1714395.0 1628.0 5810.0 4.0 0.0 53916041.0 26976209.5 4507728.0 61022.0 61451.0 30720.0 13003.0 68259.0 84.0 18.0 70.0 14.0 160.0 0.0 0.0 0.0 0.0 0.0 0.0 0.0 0.0
46152.0 480806.0 202.0 4999230.0 1665924.0 1512.0 6187.0 3.0 0.0 51927746.0 25930557.0 4324343.0 63038.0 63952.0 31775.0 12159.0 62548.0 60.0 17.0 55.0 10.0 154.0 0.0 0.0 0.0 0.0 0.0 0.0 0.0 0.0
46603.0 490884.0 209.0 5167716.0 1720626.0 1596.0 6515.0 6.0 0.0 54329083.0 27155982.0 4511004.0 67653.0 68256.0 33727.0 13007.0 66709.0 123.0 26.0 142.0 20.0 172.0 0.0 0.0 0.0 0.0 0.0 0.0 0.0 0.0
46460.0 487545.0 208.0 5106135.0 1701055.0 1514.0 6463.0 5.0 0.0 53405083.0 26672762.0 4435918.0 67207.0 67604.0 33733.0 12606.0 63207.0 95.0 23.0 103.0 10.0 156.0 0.0 0.0 0.0 0.0 0.0 0.0 0.0 0.0
46379.0 486236.0 200.0 5089945.0 1695516.0 1526.0 6252.0 2.0 0.0 53207192.0 26587603.0 4418915.0 65103.0 65368.0 32708.0 12620.0 63126.0 47.0 19.0 54.0 11.0 168.0 0.0 0.0 0.0 0.0 0.0 0.0 0.0 0.0
45923.0 476602.0 200.0 4940429.0 1644241.0 1471.0 6159.0 4.0 0.0 51143141.0 25539001.0 4237359.0 63504.0 63963.0 31767.0 12087.0 60868.0 75.0 18.0 75.0 15.0 134.0 0.0 0.0 0.0 0.0 0.0 0.0 0.0 0.0
45888.0 477087.0 189.0 4955770.0 1653615.0 1466.0 6078.0 7.0 0.0 51422419.0 25742184.0 4293793.0 65110.0 63442.0 32401.0 12183.0 61068.0 178.0 21.0 157.0 9.0 134.0 0.0 0.0 1.0 0.0 0.0 0.0 0.0 0.0
46346.0 485460.0 204.0 5076629.0 1693859.0 1457.0 6376.0 5.0 0.0 53021039.0 26523988.0 4434995.0 66783.0 66824.0 33291.0 12573.0 61365.0 100.0 28.0 113.0 13.0 166.0 0.0 0.0 0.0 0.0 0.0 0.0 0.0 0.0
46233.0 482081.0 165.0 5018577.0 1670075.0 1507.0 5145.0 3.0 0.0 52167583.0 26036850.0 4325540.0 53841.0 53125.0 26934.0 12148.0 62571.0 67.0 11.0 87.0 9.0 126.0 0.0 0.0 1.0 0.0 0.0 0.0 0.0 0.0
46198.0 481895.0 204.0 5022065.0 1670392.0 1522.0 6438.0 8.0 0.0 52281380.0 26091818.0 4327064.0 67411.0 66955.0 33806.0 12300.0 63600.0 208.0 23.0 176.0 12.0 158.0 0.0 0.0 1.0 0.0 0.0 0.0 0.0 0.0
46182.0 480662.0 167.0 4997291.0 1657712.0 1523.0 5155.0 1.0 0.0 51900043.0 25824447.0 4256824.0 53229.0 53346.0 26169.0 12140.0 63105.0 20.0 15.0 24.0 11.0 146.0 0.0 0.0 0.0 0.0 0.0 0.0 0.0 0.0
46393.0 486857.0 204.0 5101188.0 1701335.0 1555.0 6286.0 3.0 0.0 53389070.0 26701008.5 4450726.0 64845.0 65746.0 32063.0 12552.0 65162.0 51.0 18.0 61.0 12.0 148.0 0.0 0.0 0.0 0.0 0.0 0.0 0.0 0.0
46136.0 480517.0 182.0 4994903.0 1665867.0 1514.0 5843.0 2.0 0.0 51866658.0 25924147.0 4329369.0 62500.0 60746.0 31214.0 12287.0 62830.0 56.0 19.0 39.0 15.0 142.0 0.0 0.0 0.0 0.0 0.0 0.0 0.0 0.0
46458.0 488587.0 215.0 5132788.0 1714990.0 1629.0 6691.0 8.0 0.0 53843147.0 27001380.0 4523276.0 69237.0 69995.0 34541.0 13121.0 68581.0 177.0 29.0 168.0 12.0 168.0 0.0 0.0 0.0 0.0 0.0 0.0 0.0 0.0
46168.0 481006.0 190.0 5007086.0 1666681.0 1438.0 5979.0 3.0 0.0 52049901.0 26002258.5 4324184.0 62262.0 61933.0 31543.0 12305.0 60107.0 58.0 23.0 77.0 10.0 114.0 0.0 0.0 0.0 0.0 0.0 0.0 0.0 0.0
45919.0 477790.0 177.0 4963428.0 1658260.0 1505.0 5630.0 7.0 0.0 51493690.0 25799112.0 4318328.0 59299.0 57930.0 29964.0 12268.0 62628.0 132.0 17.0 129.0 13.0 170.0 0.0 0.0 0.0 0.0 0.0 0.0 0.0 0.0
46500.0 488089.0 211.0 5118469.0 1704312.0 1488.0 6707.0 6.0 0.0 53615536.0 26783824.0 4461350.0 70969.0 69864.0 35242.0 12714.0 62383.0 155.0 23.0 118.0 9.0 182.0 0.0 0.0 0.0 0.0 0.0 0.0 0.0 0.0
46531.0 489534.0 195.0 5142518.0 1714336.0 1537.0 6051.0 3.0 0.0 53962045.0 26977360.0 4497037.0 62165.0 63483.0 31414.0 12775.0 64433.0 54.0 21.0 47.0 12.0 158.0 0.0 0.0 0.0 0.0 0.0 0.0 0.0 0.0
46436.0 487511.0 191.0 5109354.0 1705704.0 1538.0 6150.0 2.0 0.0 53483225.0 26766912.0 4479711.0 65365.0 64283.0 33045.0 12506.0 64193.0 45.0 22.0 47.0 17.0 158.0 0.0 0.0 0.0 0.0 0.0 0.0 0.0 0.0
45982.0 477018.0 187.0 4944635.0 1641872.0 1496.0 5910.0 2.0 0.0 51197737.0 25504617.5 4213386.0 62011.0 61615.0 31185.0 12224.0 61874.0 47.0 19.0 48.0 15.0 126.0 0.0 0.0 0.0 0.0 0.0 0.0 0.0 0.0
46092.0 479549.0 174.0 4983790.0 1658182.0 1490.0 5422.0 2.0 0.0 51730134.0 25819782.0 4285870.0 56152.0 56495.0 28039.0 12213.0 62143.0 42.0 13.0 41.0 13.0 124.0 0.0 0.0 0.0 0.0 0.0 0.0 0.0 0.0
46153.0 480750.0 193.0 5002996.0 1666250.0 1516.0 5984.0 5.0 0.0 51997102.0 25984264.0 4327208.0 61624.0 62319.0 30985.0 12171.0 63349.0 105.0 24.0 111.0 9.0 162.0 0.0 0.0 0.0 0.0 0.0 0.0 0.0 0.0
46634.0 491347.0 207.0 5170099.0 1720596.0 1444.0 6598.0 3.0 0.0 54341493.0 27122737.0 4500522.0 70041.0 69233.0 35029.0 13076.0 60493.0 65.0 21.0 65.0 14.0 182.0 0.0 0.0 0.0 0.0 0.0 0.0 0.0 0.0
46481.0 488057.0 214.0 5118449.0 1704606.0 1528.0 6738.0 5.0 0.0 53610323.0 26782490.0 4453306.0 70788.0 70098.0 35454.0 12888.0 64043.0 101.0 31.0 114.0 9.0 170.0 0.0 0.0 0.0 1.0 0.0 0.0 0.0 0.0
45893.0 475670.0 179.0 4923043.0 1640366.0 1455.0 5660.0 4.0 0.0 50900515.0 25424144.0 4239266.0 59788.0 59024.0 30198.0 11721.0 59957.0 80.0 18.0 90.0 7.0 138.0 0.0 0.0 0.0 0.0 0.0 0.0 0.0 0.0
46114.0 479861.0 195.0 4988895.0 1661058.0 1458.0 6072.0 2.0 0.0 51796669.0 25878259.5 4310868.0 63230.0 62658.0 31568.0 12366.0 60628.0 45.0 20.0 34.0 7.0 150.0 0.0 0.0 0.0 0.0 0.0 0.0 0.0 0.0
46094.0 479702.0 216.0 4983824.0 1660006.0 1419.0 6616.0 8.0 0.0 51711844.0 25830025.5 4300405.0 67630.0 68982.0 33432.0 12257.0 58829.0 139.0 24.0 165.0 9.0 130.0 0.0 0.0 0.0 1.0 0.0 0.0 0.0 0.0
46292.0 485300.0 185.0 5083537.0 1697654.0 1515.0 5705.0 5.0 0.0 53165204.0 26650033.5 4456618.0 58631.0 60021.0 29396.0 12748.0 63609.0 102.0 16.0 93.0 11.0 132.0 0.0 0.0 1.0 0.0 0.0 0.0 0.0 0.0
46428.0 487087.0 172.0 5100377.0 1698540.0 1554.0 5357.0 2.0 0.0 53321823.0 26630886.0 4425771.0 55458.0 56285.0 27610.0 12811.0 65144.0 46.0 19.0 45.0 12.0 130.0 0.0 0.0 0.0 0.0 0.0 0.0 0.0 0.0
46461.0 488278.0 183.0 5121071.0 1709294.0 1589.0 5835.0 2.0 0.0 53644632.0 26839615.5 4481714.0 61765.0 61261.0 30794.0 12715.0 66832.0 46.0 13.0 42.0 9.0 142.0 0.0 0.0 0.0 0.0 0.0 0.0 0.0 0.0
46597.0 492157.0 176.0 5186262.0 1735462.0 1568.0 5626.0 1.0 0.0 54591350.0 27363749.5 4597920.0 59917.0 58756.0 29829.0 13083.0 66725.0 18.0 18.0 25.0 16.0 150.0 0.0 0.0 0.0 0.0 0.0 0.0 0.0 0.0
46608.0 490711.0 194.0 5155755.0 1719456.0 1493.0 5995.0 5.0 0.0 54096144.0 27046249.5 4510656.0 61724.0 63058.0 30731.0 12860.0 62349.0 104.0 25.0 101.0 10.0 102.0 0.0 0.0 0.0 0.0 0.0 0.0 0.0 0.0
46223.0 482206.0 190.0 5023448.0 1673179.0 1416.0 5976.0 2.0 0.0 52272389.0 26110548.0 4345581.0 62821.0 61779.0 31183.0 12342.0 58752.0 54.0 15.0 51.0 13.0 126.0 0.0 0.0 0.0 0.0 0.0 0.0 0.0 0.0
46308.0 485160.0 190.0 5079638.0 1694994.0 1473.0 6044.0 3.0 0.0 53104343.0 26602822.5 4445802.0 64506.0 63300.0 32068.0 12633.0 61693.0 72.0 13.0 60.0 12.0 138.0 0.0 0.0 0.0 0.0 0.0 0.0 0.0 0.0
46106.0 481207.0 166.0 5015077.0 1674813.0 1531.0 5290.0 3.0 0.0 52196978.0 26142979.5 4372938.0 56142.0 55155.0 28006.0 12398.0 64084.0 59.0 9.0 69.0 15.0 98.0 0.0 0.0 0.0 0.0 0.0 0.0 0.0 0.0
45955.0 475952.0 190.0 4923002.0 1635354.0 1451.0 5940.0 3.0 0.0 50859006.0 25347461.0 4192337.0 61491.0 61257.0 30787.0 11806.0 60077.0 44.0 18.0 65.0 16.0 142.0 0.0 0.0 0.0 0.0 0.0 0.0 0.0 0.0
46264.0 483341.0 178.0 5040808.0 1679716.0 1448.0 5566.0 6.0 0.0 52507802.0 26228499.0 4374032.0 58102.0 58218.0 29069.0 12485.0 60243.0 126.0 15.0 141.0 5.0 160.0 0.0 0.0 0.0 0.0 0.0 0.0 0.0 0.0
46122.0 479720.0 197.0 4980538.0 1656109.0 1476.0 6028.0 4.0 0.0 51648513.0 25736617.5 4266874.0 61201.0 62617.0 30210.0 12144.0 61281.0 78.0 19.0 71.0 8.0 144.0 0.0 0.0 0.0 0.0 0.0 0.0 0.0 0.0
46168.0 480428.0 218.0 4989962.0 1661823.0 1468.0 6718.0 4.0 0.0 51749081.0 25845035.5 4308191.0 69066.0 69829.0 34586.0 12201.0 61110.0 77.0 39.0 68.0 6.0 188.0 0.0 0.0 1.0 0.0 0.0 0.0 0.0 0.0
46587.0 490407.0 179.0 5161013.0 1718301.0 1594.0 5699.0 2.0 0.0 54230975.0 27123419.0 4510302.0 60445.0 59957.0 30063.0 13091.0 67209.0 41.0 16.0 45.0 9.0 186.0 0.0 0.0 0.0 0.0 0.0 0.0 0.0 0.0
46368.0 485753.0 173.0 5078908.0 1692239.0 1545.0 5315.0 2.0 0.0 53037401.0 26488599.5 4408782.0 54227.0 55689.0 27076.0 12561.0 64291.0 45.0 13.0 45.0 15.0 144.0 0.0 0.0 0.0 0.0 0.0 0.0 0.0 0.0
46496.0 488206.0 188.0 5118146.0 1701541.0 1485.0 5908.0 5.0 0.0 53583264.0 26710327.0 4421834.0 61888.0 62167.0 30805.0 12887.0 61913.0 97.0 18.0 104.0 12.0 126.0 0.0 0.0 0.0 0.0 0.0 0.0 0.0 0.0
46340.0 486199.0 182.0 5096049.0 1699556.0 1524.0 5794.0 4.0 0.0 53337632.0 26694305.0 4451646.0 61750.0 61203.0 30499.0 12878.0 63776.0 82.0 19.0 82.0 14.0 142.0 0.0 0.0 1.0 0.0 0.0 0.0 0.0 0.0
46058.0 479677.0 174.0 4984616.0 1665373.0 1481.0 5257.0 3.0 0.0 51728665.0 25901189.0 4345217.0 53115.0 54100.0 26588.0 12182.0 61297.0 45.0 14.0 57.0 9.0 156.0 0.0 0.0 0.0 0.0 0.0 0.0 0.0 0.0
46148.0 483162.0 206.0 5056196.0 1690067.0 1481.0 6525.0 5.0 0.0 52832210.0 26522156.5 4439368.0 68615.0 68180.0 34604.0 12587.0 62556.0 96.0 18.0 113.0 13.0 178.0 0.0 0.0 0.0 0.0 0.0 0.0 0.0 0.0
46641.0 491829.0 183.0 5181061.0 1728524.0 1553.0 5817.0 1.0 0.0 54500960.0 27285527.5 4559510.0 61450.0 61768.0 31035.0 13144.0 65305.0 17.0 20.0 18.0 14.0 114.0 0.0 0.0 0.0 0.0 0.0 0.0 0.0 0.0
45961.0 477204.0 187.0 4946540.0 1649971.0 1386.0 5835.0 3.0 0.0 51206166.0 25609133.0 4275832.0 60871.0 59941.0 30565.0 12027.0 57256.0 69.0 15.0 63.0 8.0 176.0 0.0 0.0 0.0 0.0 0.0 0.0 0.0 0.0
46393.0 486626.0 186.0 5098348.0 1700643.0 1595.0 5639.0 5.0 0.0 53337492.0 26703898.5 4456015.0 57197.0 58706.0 28407.0 12838.0 66997.0 102.0 18.0 83.0 11.0 100.0 0.0 0.0 0.0 0.0 0.0 0.0 0.0 0.0
46204.0 481783.0 188.0 5017814.0 1668333.0 1465.0 5787.0 3.0 0.0 52191836.0 26032845.5 4315767.0 59216.0 60339.0 29411.0 12387.0 60742.0 74.0 18.0 60.0 14.0 150.0 0.0 0.0 0.0 0.0 0.0 0.0 0.0 0.0
46457.0 489039.0 184.0 5144063.0 1716584.0 1652.0 5983.0 5.0 0.0 54040704.0 27064334.5 4515981.0 64816.0 62893.0 32389.0 13010.0 69468.0 106.0 18.0 94.0 14.0 174.0 0.0 0.0 0.0 0.0 0.0 0.0 0.0 0.0
46154.0 481074.0 183.0 5009001.0 1667944.0 1524.0 5680.0 1.0 0.0 52091399.0 26019902.5 4329727.0 58779.0 59298.0 29336.0 12212.0 63397.0 22.0 14.0 22.0 14.0 156.0 0.0 0.0 0.0 1.0 0.0 0.0 0.0 0.0
45940.0 476407.0 178.0 4931096.0 1642568.0 1496.0 5531.0 1.0 0.0 50962017.0 25458274.0 4241500.0 57303.0 56901.0 29036.0 11913.0 61625.0 22.0 8.0 20.0 13.0 158.0 0.0 0.0 0.0 0.0 0.0 0.0 0.0 0.0
46436.0 487504.0 182.0 5111638.0 1702755.0 1579.0 5741.0 3.0 0.0 53533527.0 26749942.0 4449696.0 60711.0 59835.0 30032.0 12892.0 65717.0 54.0 20.0 70.0 17.0 182.0 0.0 0.0 0.0 0.0 0.0 0.0 0.0 0.0
46503.0 489591.0 191.0 5147659.0 1718245.0 1534.0 6035.0 2.0 0.0 54051161.0 27064750.0 4518912.0 63420.0 63056.0 31912.0 12906.0 64700.0 54.0 17.0 42.0 11.0 150.0 0.0 0.0 0.0 0.0 0.0 0.0 0.0 0.0
46407.0 486554.0 195.0 5094355.0 1697337.0 1507.0 6125.0 8.0 0.0 53272748.0 26626744.0 4436122.0 63854.0 64098.0 31776.0 12496.0 62982.0 159.0 16.0 146.0 9.0 156.0 0.0 0.0 0.0 0.0 0.0 0.0 0.0 0.0
46188.0 483952.0 181.0 5066441.0 1692793.0 1605.0 5725.0 3.0 0.0 52972061.0 26558604.5 4441800.0 60144.0 59986.0 30174.0 12489.0 67360.0 64.0 23.0 56.0 12.0 148.0 0.0 0.0 0.0 0.0 0.0 0.0 0.0 0.0
45955.0 478055.0 190.0 4968411.0 1658223.0 1495.0 6022.0 0.0 0.0 51567352.0 25829478.0 4312787.0 63394.0 62041.0 31832.0 12162.0 61768.0 0.0 17.0 0.0 10.0 134.0 0.0 0.0 0.0 0.0 0.0 0.0 0.0 0.0
46524.0 489060.0 210.0 5136159.0 1711675.0 1520.0 6742.0 5.0 0.0 53858020.0 26941001.5 4491568.0 72313.0 70689.0 35991.0 12782.0 63742.0 113.0 22.0 102.0 13.0 184.0 0.0 0.0 0.0 0.0 0.0 0.0 0.0 0.0
46318.0 484971.0 204.0 5071835.0 1692462.0 1487.0 6366.0 3.0 0.0 52974757.0 26517621.5 4434686.0 66345.0 66451.0 33062.0 12617.0 62291.0 60.0 25.0 57.0 22.0 140.0 0.0 0.0 0.0 0.0 0.0 0.0 0.0 0.0
46184.0 481412.0 208.0 5009316.0 1667200.0 1483.0 6467.0 2.0 0.0 52056275.0 25980300.5 4313309.0 67095.0 67142.0 33750.0 12220.0 61322.0 32.0 22.0 41.0 14.0 142.0 0.0 0.0 0.0 0.0 0.0 0.0 0.0 0.0
46137.0 481844.0 177.0 5029105.0 1678829.0 1439.0 5444.0 7.0 0.0 52420099.0 26262374.5 4392430.0 55704.0 56783.0 27844.0 12423.0 60429.0 148.0 16.0 147.0 6.0 134.0 0.0 0.0 0.0 0.0 0.0 0.0 0.0 0.0
46267.0 482965.0 187.0 5035080.0 1673568.0 1502.0 5950.0 6.0 0.0 52431196.0 26138904.0 4325571.0 62978.0 61769.0 31583.0 12396.0 62717.0 152.0 11.0 122.0 10.0 160.0 0.0 0.0 0.0 0.0 0.0 0.0 0.0 0.0
46334.0 485231.0 196.0 5074893.0 1691950.0 1524.0 6105.0 3.0 0.0 53006329.0 26507227.0 4419616.0 63751.0 63109.0 31567.0 12479.0 63993.0 70.0 21.0 62.0 10.0 156.0 0.0 0.0 0.0 0.0 0.0 0.0 0.0 0.0
45824.0 475039.0 179.0 4916231.0 1640861.0 1388.0 5650.0 2.0 0.0 50813387.0 25434229.0 4252515.0 59365.0 58095.0 29880.0 11863.0 57918.0 43.0 15.0 40.0 8.0 96.0 0.0 0.0 0.0 0.0 0.0 0.0 0.0 0.0
46172.0 481614.0 177.0 5015642.0 1672831.0 1547.0 5424.0 1.0 0.0 52159403.0 26089290.5 4354776.0 55712.0 56389.0 27483.0 12458.0 64238.0 21.0 20.0 17.0 17.0 98.0 0.0 0.0 0.0 0.0 0.0 0.0 0.0 0.0
46335.0 484625.0 202.0 5062408.0 1684086.0 1504.0 6229.0 4.0 0.0 52813798.0 26351811.5 4371917.0 63915.0 65313.0 31862.0 12527.0 62601.0 90.0 15.0 93.0 15.0 136.0 0.0 0.0 0.0 0.0 0.0 0.0 0.0 0.0
46162.0 481739.0 217.0 5021917.0 1672460.0 1522.0 6880.0 4.0 0.0 52279750.0 26122193.5 4342024.0 72379.0 72157.0 36247.0 12384.0 62980.0 75.0 18.0 78.0 6.0 180.0 0.0 0.0 0.0 0.0 0.0 0.0 0.0 0.0
46108.0 480956.0 185.0 5010691.0 1671991.0 1442.0 5621.0 2.0 0.0 52133330.0 26095513.5 4359994.0 57155.0 58293.0 28321.0 12367.0 59913.0 49.0 13.0 47.0 7.0 134.0 0.0 0.0 0.0 0.0 0.0 0.0 0.0 0.0
46121.0 480330.0 189.0 4995201.0 1662237.0 1403.0 5815.0 1.0 0.0 51873751.0 25890006.0 4297700.0 59644.0 60485.0 29860.0 12456.0 57977.0 24.0 24.0 17.0 11.0 140.0 0.0 0.0 0.0 0.0 0.0 0.0 0.0 0.0
46312.0 484476.0 180.0 5064790.0 1683098.0 1542.0 5736.0 3.0 0.0 52874222.0 26375980.0 4356922.0 60695.0 60217.0 30405.0 12562.0 64081.0 73.0 11.0 52.0 12.0 152.0 0.0 0.0 0.0 0.0 0.0 0.0 0.0 0.0
45941.0 477195.0 191.0 4954160.0 1650498.0 1504.0 5827.0 5.0 0.0 51366241.0 25685590.0 4274632.0 59566.0 60338.0 29648.0 12196.0 62365.0 94.0 16.0 108.0 12.0 142.0 0.0 0.0 0.0 0.0 0.0 0.0 0.0 0.0
46184.0 479850.0 213.0 4981705.0 1650373.0 1521.0 6613.0 3.0 0.0 51646530.0 25676419.5 4222626.0 67933.0 68631.0 33749.0 12242.0 63099.0 75.0 25.0 69.0 16.0 184.0 0.0 0.0 0.0 0.0 0.0 0.0 0.0 0.0
46253.0 484120.0 190.0 5059606.0 1689440.0 1539.0 5899.0 5.0 0.0 52822037.0 26444823.0 4425640.0 60958.0 61499.0 30626.0 12655.0 63966.0 106.0 19.0 90.0 8.0 132.0 0.0 0.0 0.0 0.0 0.0 0.0 0.0 0.0
46437.0 487520.0 203.0 5114730.0 1706488.0 1515.0 6459.0 2.0 0.0 53593247.0 26841729.0 4483305.0 68363.0 67992.0 34535.0 12516.0 63732.0 38.0 22.0 51.0 14.0 182.0 0.0 0.0 0.0 0.0 0.0 0.0 0.0 0.0
46491.0 488225.0 198.0 5120598.0 1704958.0 1540.0 6155.0 4.0 0.0 53642843.0 26789685.5 4452692.0 63866.0 64512.0 31996.0 12881.0 64444.0 83.0 20.0 82.0 6.0 168.0 0.0 0.0 0.0 0.0 0.0 0.0 0.0 0.0
47065.0 502561.0 213.0 5359711.0 1795153.0 1633.0 6865.0 2.0 0.0 57087524.0 28684589.0 4832725.0 73567.0 72986.0 37105.0 13932.0 70095.0 43.0 27.0 37.0 13.0 208.0 0.0 0.0 0.0 0.0 0.0 0.0 0.0 0.0
46333.0 484817.0 204.0 5067215.0 1687550.0 1534.0 6427.0 4.0 0.0 52894304.0 26426913.0 4398188.0 67359.0 67267.0 33543.0 12485.0 63603.0 79.0 11.0 84.0 8.0 166.0 0.0 0.0 0.0 0.0 0.0 0.0 0.0 0.0
46037.0 480461.0 172.0 5012760.0 1673751.0 1434.0 5354.0 1.0 0.0 52238587.0 26187627.0 4379200.0 55636.0 55719.0 27993.0 12434.0 59907.0 16.0 20.0 18.0 10.0 132.0 0.0 0.0 0.0 0.0 0.0 0.0 0.0 0.0
46223.0 482982.0 177.0 5039937.0 1678550.0 1543.0 5621.0 6.0 0.0 52517069.0 26233474.0 4359755.0 59075.0 58488.0 29569.0 12484.0 64391.0 136.0 25.0 134.0 13.0 122.0 0.0 0.0 1.0 0.0 0.0 0.0 0.0 0.0
46398.0 486300.0 181.0 5091250.0 1696259.0 1475.0 5683.0 2.0 0.0 53235656.0 26604692.0 4431252.0 59537.0 59899.0 29767.0 12687.0 61817.0 42.0 21.0 48.0 12.0 134.0 0.0 0.0 0.0 0.0 0.0 0.0 0.0 0.0
46275.0 483968.0 194.0 5055543.0 1684010.0 1438.0 6206.0 2.0 0.0 52735326.0 26355894.5 4386546.0 66085.0 64444.0 33232.0 12388.0 59552.0 36.0 20.0 49.0 14.0 154.0 0.0 0.0 0.0 0.0 0.0 0.0 0.0 0.0
46421.0 486786.0 192.0 5099805.0 1696625.0 1525.0 6041.0 3.0 0.0 53362031.0 26644893.5 4417629.0 63242.0 62989.0 31915.0 12727.0 63680.0 78.0 24.0 75.0 11.0 168.0 0.0 0.0 0.0 0.0 0.0 0.0 0.0 0.0
46262.0 483783.0 209.0 5052443.0 1685276.0 1569.0 6692.0 3.0 0.0 52695155.0 26365091.0 4401445.0 71669.0 69600.0 35528.0 12415.0 65158.0 62.0 27.0 75.0 13.0 144.0 0.0 0.0 0.0 0.0 0.0 0.0 0.0 0.0
46488.0 488224.0 191.0 5118396.0 1708499.0 1543.0 5990.0 4.0 0.0 53584027.0 26819158.0 4490735.0 62553.0 62930.0 31178.0 12670.0 63990.0 84.0 22.0 75.0 16.0 140.0 0.0 0.0 1.0 0.0 0.0 0.0 0.0 0.0
46259.0 483008.0 203.0 5037072.0 1675904.0 1502.0 6448.0 5.0 0.0 52467125.0 26185726.5 4344984.0 68084.0 67111.0 33758.0 12242.0 62523.0 114.0 25.0 117.0 12.0 144.0 0.0 0.0 0.0 0.0 0.0 0.0 0.0 0.0
46159.0 480910.0 177.0 5010586.0 1665756.0 1422.0 5521.0 6.0 0.0 52139794.0 26034046.5 4315357.0 57371.0 57235.0 28461.0 12168.0 59037.0 135.0 20.0 121.0 9.0 146.0 0.0 0.0 0.0 0.0 0.0 0.0 0.0 0.0
46558.0 490198.0 201.0 5160480.0 1720458.0 1634.0 6252.0 6.0 0.0 54259155.0 27163229.5 4532220.0 64822.0 65932.0 32428.0 13040.0 69011.0 131.0 21.0 117.0 12.0 158.0 0.0 0.0 0.0 1.0 0.0 0.0 0.0 0.0
46060.0 478949.0 198.0 4978180.0 1657198.0 1537.0 6116.0 4.0 0.0 51665100.0 25827199.5 4297290.0 62817.0 63810.0 31318.0 12232.0 64163.0 78.0 23.0 55.0 18.0 168.0 0.0 0.0 0.0 0.0 0.0 0.0 0.0 0.0
45877.0 474484.0 206.0 4903076.0 1627246.0 1403.0 6308.0 3.0 0.0 50592282.0 25201489.5 4156496.0 64621.0 64928.0 32058.0 11852.0 57502.0 50.0 21.0 48.0 6.0 142.0 0.0 0.0 0.0 0.0 0.0 0.0 0.0 0.0
46242.0 484592.0 172.0 5069195.0 1691253.0 1493.0 5328.0 0.0 0.0 52969509.0 26488833.0 4415726.0 54887.0 55500.0 27696.0 12507.0 62520.0 0.0 15.0 0.0 10.0 132.0 0.0 0.0 0.0 0.0 0.0 0.0 0.0 0.0
46206.0 483032.0 186.0 5043063.0 1682774.0 1390.0 5946.0 2.0 0.0 52581313.0 26310982.0 4399080.0 63297.0 61847.0 31751.0 12582.0 57449.0 35.0 14.0 37.0 2.0 122.0 0.0 0.0 0.0 0.0 0.0 0.0 0.0 0.0
46117.0 480844.0 174.0 5003897.0 1669223.0 1470.0 5500.0 3.0 0.0 52005329.0 26006218.5 4340482.0 57724.0 57701.0 28844.0 12382.0 60731.0 85.0 16.0 51.0 14.0 146.0 0.0 0.0 0.0 0.0 0.0 0.0 0.0 0.0
46477.0 488413.0 175.0 5125687.0 1708675.0 1537.0 5612.0 4.0 0.0 53727969.0 26863436.5 4479663.0 59993.0 58879.0 30129.0 12772.0 64492.0 108.0 17.0 77.0 9.0 110.0 0.0 0.0 0.0 0.0 0.0 0.0 0.0 0.0
46205.0 482483.0 188.0 5030898.0 1677871.0 1483.0 5968.0 1.0 0.0 52384854.0 26207241.0 4374214.0 63402.0 62500.0 31592.0 12385.0 61612.0 15.0 18.0 17.0 14.0 140.0 0.0 0.0 0.0 0.0 0.0 0.0 0.0 0.0
46447.0 487040.0 191.0 5096730.0 1699188.0 1562.0 5955.0 4.0 0.0 53275977.0 26621776.5 4441320.0 61633.0 61939.0 30704.0 12565.0 65398.0 88.0 27.0 84.0 14.0 160.0 0.0 0.0 0.0 0.0 0.0 0.0 0.0 0.0
46212.0 482581.0 205.0 5034172.0 1678991.0 1491.0 6297.0 5.0 0.0 52439434.0 26246730.0 4386304.0 64664.0 65807.0 32254.0 12529.0 62658.0 92.0 26.0 117.0 14.0 160.0 0.0 0.0 0.0 0.0 0.0 0.0 0.0 0.0
46343.0 485290.0 205.0 5074579.0 1691413.0 1569.0 6486.0 4.0 0.0 52995446.0 26491843.0 4411537.0 68730.0 67478.0 34322.0 12619.0 65006.0 78.0 26.0 86.0 18.0 176.0 0.0 0.0 0.0 0.0 0.0 0.0 0.0 0.0
46402.0 487999.0 212.0 5122242.0 1713332.0 1594.0 6637.0 5.0 0.0 53683081.0 26922443.0 4514576.0 69129.0 69148.0 34631.0 12791.0 66751.0 109.0 19.0 116.0 12.0 186.0 0.0 0.0 1.0 0.0 0.0 0.0 0.0 0.0
46344.0 484869.0 194.0 5066092.0 1684815.0 1507.0 6140.0 2.0 0.0 52865648.0 26373075.0 4371055.0 65151.0 64279.0 31992.0 12615.0 62591.0 56.0 12.0 50.0 16.0 156.0 0.0 0.0 1.0 0.0 0.0 0.0 0.0 0.0
46075.0 478775.0 189.0 4964083.0 1654743.0 1454.0 5836.0 2.0 0.0 51393705.0 25675216.5 4293477.0 59811.0 60329.0 29839.0 11991.0 59979.0 42.0 21.0 51.0 14.0 148.0 0.0 0.0 0.0 0.0 0.0 0.0 0.0 0.0
46228.0 484229.0 193.0 5065930.0 1693053.0 1425.0 6126.0 6.0 0.0 52932203.0 26524630.5 4448022.0 64889.0 64089.0 32421.0 12444.0 59420.0 147.0 16.0 124.0 11.0 138.0 0.0 0.0 0.0 0.0 0.0 0.0 0.0 0.0
46353.0 485222.0 199.0 5075424.0 1689916.0 1429.0 6249.0 4.0 0.0 53012612.0 26494613.5 4405637.0 65174.0 65591.0 32424.0 12481.0 59977.0 73.0 30.0 88.0 14.0 148.0 0.0 0.0 0.0 0.0 0.0 0.0 0.0 0.0
46537.0 491843.0 174.0 5195091.0 1741293.0 1628.0 5539.0 3.0 0.0 54800484.0 27571096.0 4656563.0 58714.0 58172.0 29659.0 13254.0 69286.0 67.0 15.0 67.0 15.0 160.0 0.0 0.0 0.0 0.0 0.0 0.0 0.0 0.0
46189.0 482494.0 191.0 5033961.0 1679045.0 1520.0 6006.0 4.0 0.0 52453371.0 26240768.0 4380013.0 63049.0 62746.0 31598.0 12383.0 63439.0 76.0 23.0 80.0 8.0 152.0 0.0 0.0 0.0 1.0 0.0 0.0 0.0 0.0
46120.0 480213.0 171.0 4992379.0 1663027.0 1453.0 5296.0 1.0 0.0 51828469.0 25892858.5 4311008.0 54969.0 55295.0 26856.0 12098.0 60071.0 28.0 12.0 19.0 12.0 136.0 0.0 0.0 0.0 0.0 0.0 0.0 0.0 0.0
46379.0 486357.0 191.0 5095578.0 1697883.0 1508.0 5993.0 5.0 0.0 53306714.0 26660446.5 4442458.0 62249.0 62446.0 31366.0 12764.0 62941.0 93.0 22.0 104.0 15.0 134.0 0.0 0.0 0.0 0.0 0.0 0.0 0.0 0.0
46237.0 482791.0 204.0 5034360.0 1674786.0 1524.0 6294.0 1.0 0.0 52425333.0 26154357.5 4337359.0 64841.0 65583.0 32092.0 12455.0 63787.0 23.0 23.0 25.0 13.0 132.0 0.0 0.0 0.0 0.0 0.0 0.0 0.0 0.0
46584.0 491614.0 201.0 5180256.0 1730250.0 1535.0 6361.0 3.0 0.0 54508833.0 27310016.5 4568351.0 67468.0 67289.0 33560.0 13062.0 64712.0 64.0 20.0 73.0 14.0 132.0 0.0 0.0 0.0 0.0 0.0 0.0 0.0 0.0
46077.0 479647.0 180.0 4988405.0 1659504.0 1523.0 5677.0 5.0 0.0 51826570.0 25862198.5 4289316.0 59586.0 58962.0 29738.0 12361.0 63114.0 106.0 14.0 88.0 16.0 138.0 0.0 0.0 0.0 0.0 0.0 0.0 0.0 0.0
46401.0 486498.0 200.0 5095634.0 1695353.0 1488.0 6324.0 5.0 0.0 53314236.0 26609640.5 4412268.0 66615.0 66194.0 33052.0 12657.0 61953.0 107.0 24.0 104.0 5.0 128.0 0.0 0.0 0.0 0.0 0.0 0.0 0.0 0.0
46307.0 484924.0 180.0 5070711.0 1691748.0 1540.0 5620.0 3.0 0.0 52960912.0 26497823.0 4422451.0 58372.0 58873.0 29239.0 12596.0 64629.0 54.0 23.0 70.0 12.0 156.0 0.0 0.0 0.0 0.0 0.0 0.0 0.0 0.0
46603.0 491598.0 188.0 5179005.0 1728075.0 1523.0 5923.0 3.0 0.0 54487305.0 27270723.5 4552485.0 62394.0 62533.0 30957.0 13043.0 63582.0 70.0 11.0 80.0 16.0 128.0 0.0 0.0 0.0 0.0 0.0 0.0 0.0 0.0
46503.0 488438.0 183.0 5121868.0 1705883.0 1568.0 5688.0 3.0 0.0 53648250.0 26785314.0 4452605.0 58659.0 59401.0 29369.0 12846.0 65959.0 65.0 17.0 71.0 15.0 136.0 0.0 0.0 0.0 0.0 0.0 0.0 0.0 0.0
46212.0 483468.0 179.0 5047827.0 1685137.0 1513.0 5678.0 6.0 0.0 52626349.0 26338306.0 4402374.0 59695.0 58931.0 29888.0 12593.0 63200.0 150.0 14.0 136.0 12.0 160.0 0.0 0.0 1.0 0.0 0.0 0.0 0.0 0.0
46020.0 477705.0 194.0 4954207.0 1647252.0 1443.0 6109.0 3.0 0.0 51314072.0 25603382.5 4245369.0 64193.0 63018.0 32061.0 12063.0 59955.0 61.0 19.0 65.0 19.0 168.0 0.0 0.0 0.0 0.0 0.0 0.0 0.0 0.0
46140.0 481316.0 180.0 5011187.0 1671492.0 1474.0 5698.0 4.0 0.0 52108816.0 26054743.0 4344911.0 60133.0 59322.0 30122.0 12239.0 61067.0 82.0 20.0 94.0 14.0 148.0 0.0 0.0 0.0 0.0 0.0 0.0 0.0 0.0
46416.0 485892.0 219.0 5081567.0 1691305.0 1500.0 6962.0 6.0 0.0 53076814.0 26511154.0 4407858.0 73469.0 73105.0 36811.0 12525.0 62177.0 139.0 31.0 146.0 17.0 168.0 0.0 0.0 0.0 0.0 0.0 0.0 0.0 0.0
45924.0 476209.0 195.0 4935548.0 1642521.0 1441.0 5985.0 4.0 0.0 51090719.0 25513575.0 4242235.0 61376.0 61756.0 30589.0 11931.0 59400.0 69.0 13.0 88.0 14.0 176.0 0.0 0.0 0.0 0.0 0.0 0.0 0.0 0.0
46213.0 482629.0 193.0 5033757.0 1678978.0 1521.0 6071.0 3.0 0.0 52434611.0 26233600.0 4383330.0 63715.0 63365.0 31705.0 12486.0 63334.0 73.0 19.0 77.0 15.0 152.0 0.0 0.0 0.0 0.0 0.0 0.0 0.0 0.0
46330.0 484939.0 183.0 5068023.0 1688231.0 1509.0 5828.0 5.0 0.0 52890958.0 26424854.5 4398819.0 62143.0 61244.0 30739.0 12625.0 62594.0 106.0 11.0 117.0 18.0 144.0 0.0 0.0 0.0 0.0 0.0 0.0 0.0 0.0
46047.0 479147.0 166.0 4976830.0 1657685.0 1440.0 5134.0 0.0 0.0 51622456.0 25778113.0 4287933.0 52522.0 53430.0 26346.0 12262.0 59894.0 0.0 14.0 0.0 14.0 122.0 0.0 0.0 0.0 0.0 0.0 0.0 0.0 0.0
46387.0 486488.0 199.0 5098408.0 1700204.0 1505.0 6314.0 4.0 0.0 53371075.0 26706496.5 4462624.0 66483.0 65621.0 33493.0 12597.0 63395.0 98.0 22.0 91.0 12.0 154.0 0.0 0.0 0.0 0.0 0.0 0.0 0.0 0.0
46535.0 488789.0 187.0 5125604.0 1705181.0 1545.0 5891.0 1.0 0.0 53682901.0 26781035.0 4439044.0 61750.0 61291.0 31089.0 12839.0 64436.0 18.0 16.0 16.0 12.0 162.0 0.0 0.0 0.0 0.0 0.0 0.0 0.0 0.0
46200.0 481721.0 184.0 5016401.0 1670535.0 1518.0 5746.0 2.0 0.0 52175308.0 26059318.0 4336197.0 59869.0 59660.0 29754.0 12058.0 63325.0 49.0 17.0 51.0 15.0 114.0 0.0 0.0 0.0 0.0 0.0 0.0 0.0 0.0
46167.0 481158.0 179.0 5008241.0 1666484.0 1467.0 5567.0 5.0 0.0 52061640.0 25985179.0 4313743.0 57328.0 58023.0 29058.0 12254.0 61039.0 103.0 15.0 107.0 12.0 114.0 0.0 0.0 0.0 0.0 0.0 0.0 0.0 0.0
46169.0 482401.0 209.0 5035976.0 1680234.0 1445.0 6664.0 8.0 0.0 52509700.0 26287708.5 4393599.0 70767.0 69899.0 35609.0 12538.0 60216.0 166.0 22.0 196.0 18.0 204.0 0.0 0.0 0.0 0.0 0.0 0.0 0.0 0.0
46462.0 488375.0 198.0 5124503.0 1708708.0 1516.0 6161.0 3.0 0.0 53704701.0 26848089.0 4470606.0 63516.0 64937.0 32023.0 12717.0 63299.0 46.0 27.0 56.0 22.0 140.0 0.0 0.0 0.0 0.0 0.0 0.0 0.0 0.0
46193.0 482384.0 172.0 5027953.0 1677023.0 1522.0 5541.0 5.0 0.0 52323728.0 26171098.5 4366324.0 59803.0 57586.0 29793.0 12348.0 63576.0 125.0 22.0 115.0 16.0 142.0 0.0 0.0 0.0 0.0 0.0 0.0 0.0 0.0
46579.0 490995.0 212.0 5169064.0 1726258.0 1535.0 6687.0 2.0 0.0 54327720.0 27224828.5 4560274.0 70664.0 70632.0 35295.0 12925.0 64558.0 35.0 19.0 42.0 9.0 162.0 0.0 0.0 0.0 0.0 0.0 0.0 0.0 0.0
46285.0 484282.0 214.0 5061012.0 1686697.0 1454.0 6758.0 5.0 0.0 52819168.0 26409936.0 4399649.0 71043.0 71013.0 35418.0 12779.0 60562.0 103.0 20.0 102.0 12.0 158.0 0.0 0.0 0.0 0.0 0.0 0.0 0.0 0.0
46286.0 483488.0 212.0 5042546.0 1677789.0 1546.0 6548.0 10.0 0.0 52530378.0 26209462.5 4353677.0 67041.0 67941.0 33639.0 12434.0 64487.0 189.0 31.0 192.0 12.0 156.0 0.0 0.0 0.0 0.0 0.0 0.0 0.0 0.0
46069.0 480066.0 184.0 5000376.0 1666008.0 1437.0 5781.0 0.0 0.0 52014204.0 26017417.0 4328304.0 60832.0 60113.0 30008.0 12336.0 60106.0 0.0 20.0 0.0 9.0 142.0 0.0 0.0 0.0 0.0 0.0 0.0 0.0 0.0
46181.0 481957.0 177.0 5023151.0 1673605.0 1520.0 5452.0 3.0 0.0 52281654.0 26132527.5 4347039.0 55857.0 56826.0 28013.0 12363.0 63183.0 81.0 14.0 61.0 7.0 142.0 0.0 0.0 0.0 0.0 0.0 0.0 0.0 0.0
46374.0 485710.0 173.0 5077758.0 1692746.0 1448.0 5418.0 5.0 0.0 53020119.0 26492824.0 4416302.0 56705.0 56202.0 28331.0 12659.0 60507.0 91.0 12.0 109.0 9.0 98.0 0.0 0.0 0.0 0.0 0.0 0.0 0.0 0.0
46470.0 487813.0 201.0 5115062.0 1703302.0 1525.0 6269.0 4.0 0.0 53573676.0 26760409.0 4450460.0 65207.0 65475.0 32689.0 12764.0 63721.0 77.0 16.0 71.0 8.0 168.0 0.0 0.0 0.0 0.0 0.0 0.0 0.0 0.0
46461.0 488169.0 182.0 5123644.0 1709072.0 1501.0 5761.0 2.0 0.0 53705679.0 26885383.5 4487497.0 60737.0 60197.0 30545.0 12700.0 63059.0 30.0 13.0 54.0 10.0 142.0 0.0 0.0 0.0 0.0 0.0 0.0 0.0 0.0
45941.0 477544.0 205.0 4958291.0 1653611.0 1508.0 6326.0 11.0 0.0 51416495.0 25732121.5 4288544.0 64826.0 65651.0 32589.0 12248.0 62980.0 230.0 16.0 223.0 16.0 156.0 0.0 0.0 0.0 0.0 0.0 0.0 0.0 0.0
45924.0 476942.0 196.0 4946300.0 1650338.0 1470.0 6073.0 3.0 0.0 51232967.0 25640889.5 4283898.0 62951.0 63183.0 31685.0 11979.0 61211.0 51.0 17.0 57.0 8.0 144.0 0.0 0.0 0.0 0.0 0.0 0.0 0.0 0.0
46299.0 485084.0 177.0 5074650.0 1692743.0 1403.0 5615.0 4.0 0.0 53011731.0 26519310.5 4424745.0 59455.0 58734.0 29677.0 12651.0 59013.0 80.0 17.0 66.0 8.0 160.0 0.0 0.0 0.0 0.0 0.0 0.0 0.0 0.0
46485.0 488114.0 178.0 5118910.0 1704562.0 1544.0 5642.0 4.0 0.0 53617931.0 26777497.5 4453953.0 59121.0 59109.0 29682.0 12595.0 64103.0 103.0 14.0 85.0 10.0 140.0 0.0 0.0 0.0 0.0 0.0 0.0 0.0 0.0
46431.0 486811.0 210.0 5097888.0 1695610.0 1492.0 6713.0 7.0 0.0 53304598.0 26596884.0 4408585.0 71618.0 70066.0 35761.0 12620.0 62612.0 160.0 31.0 134.0 11.0 142.0 0.0 0.0 0.0 0.0 0.0 0.0 0.0 0.0
46376.0 485686.0 182.0 5082157.0 1691503.0 1573.0 5661.0 5.0 0.0 53109568.0 26525556.5 4410189.0 59072.0 58884.0 29114.0 12727.0 65630.0 80.0 8.0 121.0 15.0 130.0 0.0 0.0 0.0 0.0 0.0 0.0 0.0 0.0
46453.0 488968.0 189.0 5144598.0 1718249.0 1558.0 5884.0 8.0 0.0 54049723.0 27099738.0 4538039.0 61188.0 61663.0 30737.0 12997.0 65860.0 198.0 15.0 164.0 10.0 136.0 0.0 0.0 0.0 0.0 0.0 0.0 0.0 0.0
46243.0 484081.0 167.0 5059494.0 1690389.0 1510.0 5289.0 1.0 0.0 52811154.0 26457822.5 4434222.0 55821.0 54956.0 27876.0 12685.0 63204.0 28.0 14.0 18.0 13.0 114.0 0.0 0.0 0.0 0.0 0.0 0.0 0.0 0.0
46212.0 482840.0 182.0 5032637.0 1680853.0 1485.0 5725.0 3.0 0.0 52386926.0 26212436.5 4387685.0 60082.0 59166.0 30115.0 12595.0 61601.0 69.0 16.0 63.0 14.0 146.0 0.0 0.0 0.0 0.0 0.0 0.0 0.0 0.0
46792.0 494030.0 209.0 5206504.0 1733111.0 1608.0 6593.0 3.0 0.0 54801785.0 27344346.0 4541419.0 69453.0 69420.0 34839.0 13231.0 67445.0 79.0 18.0 60.0 20.0 192.0 0.0 0.0 0.0 0.0 0.0 0.0 0.0 0.0
46314.0 485313.0 200.0 5076678.0 1692676.0 1458.0 6278.0 5.0 0.0 53034058.0 26515547.5 4413898.0 65895.0 65576.0 32607.0 12573.0 61371.0 109.0 23.0 108.0 12.0 158.0 0.0 0.0 0.0 0.0 0.0 0.0 0.0 0.0
45866.0 475446.0 172.0 4924895.0 1639773.0 1396.0 5297.0 1.0 0.0 50952353.0 25459948.5 4233525.0 54301.0 54780.0 27057.0 12032.0 57512.0 13.0 16.0 22.0 11.0 134.0 0.0 0.0 0.0 0.0 0.0 0.0 0.0 0.0
46340.0 486134.0 187.0 5092671.0 1700249.0 1528.0 5830.0 3.0 0.0 53275612.0 26688043.0 4461096.0 60729.0 61162.0 30349.0 12637.0 63897.0 47.0 20.0 50.0 12.0 136.0 0.0 0.0 0.0 0.0 0.0 0.0 0.0 0.0
46454.0 488259.0 196.0 5124303.0 1709516.0 1505.0 6188.0 3.0 0.0 53706489.0 26870787.0 4482206.0 64845.0 65116.0 32887.0 12756.0 62900.0 64.0 14.0 61.0 18.0 144.0 0.0 0.0 0.0 0.0 0.0 0.0 0.0 0.0
46366.0 486289.0 169.0 5093519.0 1695265.0 1486.0 5306.0 2.0 0.0 53273466.0 26592541.0 4405754.0 55170.0 55105.0 27614.0 12600.0 62168.0 41.0 15.0 27.0 8.0 134.0 0.0 0.0 0.0 0.0 0.0 0.0 0.0 0.0
46061.0 478197.0 189.0 4958340.0 1647321.0 1443.0 5774.0 5.0 0.0 51356752.0 25582934.5 4235807.0 59071.0 59584.0 29195.0 11919.0 59693.0 107.0 11.0 89.0 12.0 140.0 0.0 0.0 0.0 0.0 0.0 0.0 0.0 0.0
46374.0 486023.0 188.0 5085861.0 1695107.0 1533.0 5959.0 4.0 0.0 53134401.0 26569404.0 4430825.0 62807.0 62312.0 31525.0 12822.0 64061.0 74.0 18.0 72.0 16.0 160.0 0.0 0.0 0.0 0.0 0.0 0.0 0.0 0.0
46155.0 483192.0 179.0 5053349.0 1691545.0 1482.0 5621.0 3.0 0.0 52791671.0 26503661.5 4458667.0 58593.0 58693.0 29412.0 12498.0 62529.0 83.0 21.0 53.0 13.0 112.0 0.0 0.0 0.0 0.0 0.0 0.0 0.0 0.0
46673.0 491976.0 208.0 5176569.0 1724039.0 1558.0 6507.0 5.0 0.0 54395246.0 27163636.0 4514859.0 68083.0 68022.0 33967.0 12819.0 65389.0 94.0 18.0 114.0 14.0 140.0 0.0 0.0 1.0 0.0 0.0 0.0 0.0 0.0
46263.0 483008.0 192.0 5036537.0 1675539.0 1539.0 5999.0 4.0 0.0 52440393.0 26178634.0 4345825.0 62145.0 62864.0 31436.0 12553.0 64014.0 83.0 17.0 88.0 17.0 154.0 1.0 0.0 0.0 0.0 0.0 0.0 0.0 0.0
46539.0 489408.0 170.0 5138875.0 1712688.0 1503.0 5496.0 4.0 0.0 53872857.0 26934895.0 4483179.0 58700.0 57144.0 29783.0 12690.0 63231.0 83.0 15.0 90.0 12.0 122.0 0.0 0.0 0.0 0.0 0.0 0.0 0.0 0.0
46656.0 490383.0 210.0 5147371.0 1711239.0 1558.0 6544.0 3.0 0.0 53964006.0 26905152.0 4466801.0 67742.0 68331.0 34046.0 12798.0 65504.0 66.0 17.0 63.0 14.0 162.0 0.0 0.0 0.0 0.0 0.0 0.0 0.0 0.0
46667.0 492650.0 206.0 5196061.0 1733295.0 1580.0 6451.0 6.0 0.0 54729292.0 27396193.5 4574830.0 67356.0 68458.0 33589.0 13423.0 66578.0 109.0 28.0 131.0 17.0 186.0 0.0 0.0 0.0 0.0 0.0 0.0 0.0 0.0
46232.0 483675.0 191.0 5054731.0 1685591.0 1497.0 5931.0 4.0 0.0 52742234.0 26390512.0 4397358.0 61340.0 61885.0 30856.0 12647.0 62327.0 102.0 24.0 106.0 14.0 152.0 0.0 0.0 0.0 0.0 0.0 0.0 0.0 0.0
46333.0 484740.0 201.0 5061112.0 1683820.0 1513.0 6330.0 3.0 0.0 52765362.0 26317256.5 4362000.0 66704.0 66036.0 33137.0 12500.0 63019.0 68.0 19.0 76.0 18.0 146.0 0.0 0.0 0.0 0.0 0.0 0.0 0.0 0.0
46128.0 480735.0 202.0 5006412.0 1666686.0 1566.0 6352.0 5.0 0.0 52065124.0 26015691.0 4323943.0 67108.0 65893.0 33153.0 12195.0 65381.0 100.0 14.0 108.0 14.0 178.0 0.0 0.0 0.0 0.0 0.0 0.0 0.0 0.0
46378.0 486688.0 189.0 5098982.0 1702574.0 1521.0 5849.0 3.0 0.0 53357096.0 26714402.5 4469012.0 60310.0 61496.0 30123.0 12573.0 63478.0 67.0 20.0 70.0 19.0 182.0 0.0 0.0 0.0 0.0 0.0 0.0 0.0 0.0
46280.0 484413.0 191.0 5067734.0 1687271.0 1504.0 5985.0 3.0 0.0 52955290.0 26466453.0 4393883.0 62226.0 62539.0 31226.0 12761.0 62536.0 59.0 12.0 61.0 12.0 144.0 0.0 0.0 0.0 0.0 0.0 0.0 0.0 0.0
46388.0 487107.0 187.0 5104166.0 1707170.0 1525.0 5997.0 3.0 0.0 53412370.0 26774864.5 4500564.0 63701.0 62922.0 32093.0 12698.0 64199.0 67.0 14.0 64.0 12.0 152.0 0.0 0.0 0.0 0.0 0.0 0.0 0.0 0.0
46404.0 487246.0 190.0 5113989.0 1701380.0 1595.0 5996.0 6.0 0.0 53603144.0 26773624.0 4437643.0 62970.0 62748.0 31382.0 12820.0 66823.0 136.0 21.0 129.0 21.0 142.0 0.0 0.0 0.0 0.0 0.0 0.0 0.0 0.0
46270.0 484294.0 185.0 5060048.0 1687152.0 1505.0 5806.0 5.0 0.0 52797483.0 26398726.5 4395587.0 60343.0 60731.0 29912.0 12524.0 62512.0 105.0 13.0 92.0 9.0 118.0 0.0 0.0 0.0 0.0 0.0 0.0 0.0 0.0
45925.0 477804.0 210.0 4965948.0 1656552.0 1398.0 6532.0 5.0 0.0 51546025.0 25797913.5 4303367.0 67534.0 67739.0 33895.0 12075.0 58500.0 101.0 28.0 98.0 10.0 168.0 0.0 0.0 1.0 0.0 0.0 0.0 0.0 0.0
46022.0 479021.0 209.0 4974990.0 1659071.0 1439.0 6497.0 2.0 0.0 51602141.0 25788575.5 4300033.0 67019.0 67343.0 33744.0 12256.0 59451.0 52.0 25.0 35.0 8.0 150.0 0.0 0.0 0.0 0.0 0.0 0.0 0.0 0.0
46071.0 478692.0 195.0 4967502.0 1654913.0 1472.0 6147.0 4.0 0.0 51475672.0 25730259.5 4295932.0 64778.0 63347.0 32377.0 12131.0 61262.0 78.0 23.0 81.0 13.0 158.0 0.0 0.0 0.0 0.0 0.0 0.0 0.0 0.0
46823.0 495075.0 185.0 5222578.0 1738360.0 1607.0 5788.0 3.0 0.0 55028497.0 27445238.0 4554881.0 60601.0 60768.0 29835.0 13100.0 67074.0 47.0 12.0 55.0 19.0 160.0 0.0 0.0 0.0 0.0 0.0 0.0 0.0 0.0
46249.0 481670.0 198.0 5009012.0 1665170.0 1464.0 6115.0 2.0 0.0 52025818.0 25933467.0 4303702.0 62839.0 63252.0 31341.0 12309.0 60540.0 44.0 19.0 35.0 6.0 132.0 0.0 0.0 0.0 0.0 0.0 0.0 0.0 0.0
46208.0 482158.0 215.0 5024058.0 1672149.0 1444.0 6866.0 9.0 0.0 52281301.0 26099835.0 4333038.0 72881.0 71510.0 36523.0 12580.0 59979.0 216.0 28.0 195.0 13.0 186.0 1.0 0.0 0.0 0.0 0.0 0.0 0.0 0.0
46530.0 489346.0 166.0 5140484.0 1711969.0 1543.0 5176.0 6.0 0.0 53935745.0 26948779.0 4482555.0 54103.0 54204.0 26834.0 12982.0 64981.0 125.0 13.0 122.0 15.0 106.0 1.0 0.0 0.0 0.0 0.0 0.0 0.0 0.0
46205.0 482678.0 222.0 5031403.0 1676471.0 1502.0 6845.0 1.0 0.0 52384882.0 26161722.0 4348667.0 70247.0 70871.0 35123.0 12338.0 62475.0 24.0 21.0 17.0 7.0 170.0 0.0 0.0 0.0 0.0 0.0 0.0 0.0 0.0
46262.0 484662.0 167.0 5065658.0 1692443.0 1493.0 5312.0 2.0 0.0 52886599.0 26470978.5 4427834.0 55900.0 55395.0 28099.0 12523.0 62468.0 38.0 18.0 42.0 15.0 158.0 0.0 0.0 0.0 0.0 0.0 0.0 0.0 0.0
46537.0 488518.0 172.0 5117798.0 1702856.0 1535.0 5297.0 2.0 0.0 53539966.0 26710047.5 4436358.0 53925.0 55354.0 27338.0 12645.0 63984.0 30.0 21.0 42.0 15.0 148.0 0.0 0.0 0.0 0.0 0.0 0.0 0.0 0.0
46427.0 487807.0 219.0 5118639.0 1706405.0 1558.0 6794.0 4.0 0.0 53641040.0 26817378.0 4464244.0 70441.0 71060.0 34921.0 12671.0 65754.0 86.0 27.0 84.0 9.0 160.0 0.0 0.0 0.0 0.0 0.0 0.0 0.0 0.0
46099.0 480866.0 213.0 5006749.0 1672520.0 1524.0 6432.0 3.0 0.0 52056730.0 26071376.5 4372227.0 64576.0 67018.0 32034.0 12348.0 63807.0 61.0 19.0 68.0 16.0 152.0 0.0 0.0 0.0 0.0 0.0 0.0 0.0 0.0
46424.0 485889.0 180.0 5077586.0 1690499.0 1486.0 5638.0 6.0 0.0 52982536.0 26453860.0 4410679.0 58554.0 58617.0 29541.0 12549.0 61610.0 123.0 12.0 112.0 7.0 142.0 0.0 0.0 1.0 1.0 0.0 0.0 0.0 0.0
46313.0 485255.0 188.0 5077187.0 1693985.0 1486.0 5941.0 0.0 0.0 53044320.0 26548101.5 4431663.0 62418.0 62056.0 31219.0 12457.0 62334.0 0.0 24.0 0.0 10.0 176.0 0.0 0.0 0.0 0.0 0.0 0.0 0.0 0.0
46399.0 485571.0 171.0 5076973.0 1686786.0 1552.0 5343.0 2.0 0.0 53016179.0 26433984.0 4371529.0 55441.0 56305.0 27483.0 12642.0 64661.0 36.0 12.0 56.0 12.0 136.0 0.0 0.0 0.0 0.0 0.0 0.0 0.0 0.0
46352.0 484685.0 179.0 5057704.0 1685012.0 1464.0 5597.0 4.0 0.0 52714126.0 26319753.5 4388094.0 58061.0 58410.0 28761.0 12423.0 60888.0 75.0 23.0 94.0 11.0 120.0 0.0 0.0 0.0 0.0 0.0 0.0 0.0 0.0
46567.0 489359.0 204.0 5130596.0 1708395.0 1549.0 6372.0 5.0 0.0 53711449.0 26807334.5 4455290.0 66931.0 66930.0 33231.0 12779.0 64317.0 101.0 19.0 112.0 7.0 154.0 0.0 0.0 0.0 0.0 0.0 0.0 0.0 0.0
46454.0 488457.0 190.0 5128188.0 1710146.0 1498.0 6064.0 2.0 0.0 53775676.0 26886003.0 4480063.0 64391.0 63809.0 32638.0 12712.0 62849.0 45.0 22.0 56.0 6.0 134.0 0.0 0.0 0.0 0.0 0.0 0.0 0.0 0.0
46474.0 487862.0 204.0 5114102.0 1704763.0 1489.0 6387.0 7.0 0.0 53540669.0 26775575.5 4461147.0 66855.0 66588.0 33188.0 12651.0 62753.0 134.0 20.0 152.0 6.0 202.0 0.0 0.0 0.0 0.0 0.0 0.0 0.0 0.0
46332.0 485315.0 201.0 5075433.0 1693431.0 1468.0 6256.0 2.0 0.0 53011173.0 26524357.5 4430188.0 64572.0 65070.0 32655.0 12158.0 60852.0 36.0 23.0 43.0 7.0 172.0 0.0 0.0 0.0 0.0 0.0 0.0 0.0 0.0
46359.0 486713.0 192.0 5099926.0 1705548.0 1491.0 6032.0 4.0 0.0 53375289.0 26753564.5 4493241.0 62582.0 62947.0 31718.0 12692.0 62468.0 80.0 19.0 72.0 12.0 154.0 0.0 0.0 0.0 0.0 0.0 0.0 0.0 0.0
46201.0 481932.0 188.0 5025770.0 1670583.0 1485.0 6020.0 2.0 0.0 52342420.0 26122855.5 4325311.0 64354.0 62695.0 31903.0 12493.0 61515.0 41.0 14.0 39.0 13.0 146.0 0.0 0.0 0.0 0.0 0.0 0.0 0.0 0.0
46330.0 485256.0 200.0 5073716.0 1692842.0 1529.0 6152.0 3.0 0.0 52981070.0 26502247.0 4426245.0 62994.0 64273.0 31400.0 12460.0 64055.0 65.0 27.0 52.0 14.0 160.0 0.0 0.0 0.0 0.0 0.0 0.0 0.0 0.0
45814.0 474604.0 187.0 4912680.0 1635476.0 1496.0 5842.0 5.0 0.0 50780192.0 25368358.0 4212572.0 60788.0 60260.0 30447.0 12239.0 62086.0 104.0 19.0 91.0 13.0 152.0 0.0 0.0 0.0 0.0 0.0 0.0 0.0 0.0
46127.0 480799.0 178.0 5002307.0 1668663.0 1481.0 5604.0 2.0 0.0 51978131.0 25992658.0 4340254.0 58741.0 58006.0 29360.0 12242.0 61470.0 42.0 15.0 50.0 11.0 118.0 0.0 0.0 0.0 0.0 0.0 0.0 0.0 0.0
46046.0 480100.0 173.0 4997225.0 1669524.0 1477.0 5328.0 1.0 0.0 51944500.0 26026186.5 4357552.0 54398.0 55353.0 27516.0 12182.0 61452.0 30.0 9.0 22.0 14.0 100.0 0.0 0.0 0.0 0.0 0.0 0.0 0.0 0.0
46517.0 489731.0 209.0 5149922.0 1718659.0 1587.0 6549.0 2.0 0.0 54083841.0 27080599.0 4518905.0 67701.0 68494.0 34081.0 12975.0 67101.0 40.0 25.0 46.0 12.0 182.0 0.0 0.0 0.0 0.0 0.0 0.0 0.0 0.0
46102.0 479876.0 175.0 4987527.0 1662692.0 1458.0 5496.0 3.0 0.0 51763268.0 25876223.0 4316188.0 57751.0 57004.0 28737.0 12130.0 60763.0 48.0 23.0 61.0 7.0 142.0 0.0 0.0 0.0 0.0 0.0 0.0 0.0 0.0
46253.0 482982.0 190.0 5036995.0 1678664.0 1427.0 6022.0 2.0 0.0 52460681.0 26229563.0 4372270.0 63491.0 62676.0 31673.0 12315.0 59550.0 47.0 27.0 28.0 8.0 126.0 0.0 0.0 0.0 0.0 0.0 0.0 0.0 0.0
46167.0 482202.0 201.0 5031130.0 1680223.0 1503.0 6311.0 2.0 0.0 52430624.0 26270402.0 4400743.0 65821.0 65683.0 33221.0 12295.0 62768.0 47.0 22.0 39.0 12.0 196.0 0.0 0.0 0.0 0.0 0.0 0.0 0.0 0.0
46265.0 482527.0 181.0 5028949.0 1671510.0 1460.0 5563.0 4.0 0.0 52335332.0 26107774.5 4328124.0 56913.0 57816.0 28215.0 12406.0 61095.0 80.0 20.0 75.0 14.0 148.0 0.0 0.0 0.0 0.0 0.0 0.0 0.0 0.0
46416.0 487158.0 190.0 5105905.0 1700684.0 1533.0 5939.0 8.0 0.0 53432326.0 26699817.0 4437800.0 61820.0 62300.0 30788.0 12464.0 64263.0 155.0 20.0 172.0 13.0 144.0 0.0 0.0 0.0 0.0 0.0 0.0 0.0 0.0
46503.0 489943.0 204.0 5153051.0 1723747.0 1574.0 6353.0 2.0 0.0 54132583.0 27143535.0 4561985.0 66090.0 67010.0 32788.0 12962.0 66376.0 45.0 22.0 42.0 10.0 154.0 0.0 0.0 0.0 0.0 0.0 0.0 0.0 0.0
46400.0 486559.0 216.0 5095171.0 1697289.0 1465.0 6854.0 2.0 0.0 53281692.0 26628687.5 4429243.0 72470.0 71665.0 36282.0 12692.0 61135.0 43.0 24.0 52.0 6.0 178.0 0.0 0.0 0.0 0.0 0.0 0.0 0.0 0.0
45871.0 476193.0 192.0 4937437.0 1645581.0 1460.0 6019.0 5.0 0.0 51130428.0 25561849.0 4252400.0 63038.0 62555.0 31302.0 11924.0 60778.0 102.0 17.0 108.0 8.0 136.0 0.0 0.0 0.0 0.0 0.0 0.0 0.0 0.0
46006.0 478215.0 205.0 4965986.0 1654268.0 1415.0 6384.0 6.0 0.0 51508147.0 25738981.5 4286824.0 66149.0 66426.0 32987.0 12312.0 58953.0 137.0 20.0 124.0 13.0 156.0 0.0 0.0 0.0 0.0 0.0 0.0 0.0 0.0
45993.0 478511.0 195.0 4973597.0 1658223.0 1457.0 6046.0 2.0 0.0 51622328.0 25823650.5 4311158.0 62123.0 62992.0 31306.0 12339.0 60609.0 36.0 11.0 42.0 13.0 154.0 0.0 0.0 0.0 0.0 0.0 0.0 0.0 0.0
46457.0 487929.0 177.0 5116800.0 1704968.0 1540.0 5567.0 3.0 0.0 53588986.0 26776066.0 4457368.0 58141.0 58061.0 29209.0 12752.0 64458.0 57.0 18.0 54.0 14.0 140.0 0.0 0.0 0.0 0.0 0.0 0.0 0.0 0.0
45996.0 476926.0 197.0 4939139.0 1639918.0 1491.0 6084.0 7.0 0.0 51078945.0 25444029.0 4201893.0 62815.0 62800.0 31218.0 11805.0 61743.0 132.0 19.0 154.0 15.0 156.0 0.0 0.0 0.0 0.0 0.0 0.0 0.0 0.0
46341.0 484478.0 183.0 5061368.0 1684961.0 1509.0 5557.0 3.0 0.0 52791901.0 26391734.0 4388805.0 56037.0 57752.0 28159.0 12485.0 62886.0 54.0 14.0 59.0 10.0 106.0 0.0 0.0 0.0 0.0 0.0 0.0 0.0 0.0
46240.0 483554.0 197.0 5051934.0 1681554.0 1440.0 6193.0 3.0 0.0 52710674.0 26325927.0 4368153.0 64703.0 64638.0 32220.0 12627.0 60012.0 67.0 19.0 63.0 13.0 124.0 0.0 0.0 0.0 0.0 0.0 0.0 0.0 0.0
46297.0 484733.0 201.0 5067545.0 1691239.0 1520.0 6299.0 4.0 0.0 52908313.0 26480918.5 4428618.0 65866.0 65403.0 32911.0 12628.0 63547.0 84.0 16.0 89.0 15.0 120.0 0.0 0.0 1.0 0.0 0.0 0.0 0.0 0.0
46275.0 483575.0 190.0 5047342.0 1680740.0 1521.0 6030.0 1.0 0.0 52608605.0 26277197.0 4372074.0 63670.0 62767.0 31974.0 12525.0 63437.0 19.0 25.0 17.0 11.0 174.0 0.0 0.0 0.0 0.0 0.0 0.0 0.0 0.0
46588.0 490574.0 189.0 5156843.0 1717998.0 1543.0 5914.0 5.0 0.0 54133794.0 27042981.0 4496879.0 61422.0 61809.0 30737.0 12717.0 64666.0 121.0 19.0 116.0 9.0 152.0 0.0 0.0 0.0 0.0 0.0 0.0 0.0 0.0
46580.0 489945.0 212.0 5146420.0 1715129.0 1614.0 6749.0 5.0 0.0 53981330.0 26989187.0 4498459.0 71255.0 70330.0 35524.0 12865.0 67914.0 87.0 23.0 104.0 14.0 206.0 0.0 0.0 0.0 0.0 0.0 0.0 0.0 0.0
46412.0 487175.0 219.0 5103620.0 1704365.0 1545.0 6883.0 5.0 0.0 53398298.0 26728989.0 4472673.0 72490.0 72076.0 36361.0 12463.0 64552.0 102.0 34.0 101.0 14.0 156.0 0.0 0.0 0.0 0.0 0.0 0.0 0.0 0.0
45794.0 473432.0 163.0 4887365.0 1627074.0 1421.0 4967.0 5.0 0.0 50382159.0 25159860.5 4178419.0 50499.0 51014.0 25107.0 11825.0 58577.0 106.0 10.0 90.0 9.0 104.0 0.0 0.0 0.0 1.0 0.0 0.0 0.0 0.0
46127.0 481406.0 222.0 5013195.0 1675274.0 1486.0 7007.0 2.0 0.0 52134514.0 26108423.0 4375273.0 74179.0 72548.0 36875.0 12164.0 61603.0 59.0 24.0 36.0 13.0 168.0 0.0 0.0 0.0 0.0 0.0 0.0 0.0 0.0
46326.0 485792.0 211.0 5087640.0 1697610.0 1524.0 6696.0 4.0 0.0 53216122.0 26636465.5 4446595.0 70336.0 70003.0 35331.0 12662.0 63690.0 97.0 24.0 87.0 18.0 176.0 0.0 0.0 0.0 1.0 0.0 0.0 0.0 0.0
45961.0 477824.0 185.0 4962804.0 1653739.0 1404.0 5748.0 4.0 0.0 51463988.0 25740931.5 4284363.0 59239.0 59361.0 29681.0 12315.0 58260.0 67.0 14.0 91.0 8.0 148.0 0.0 0.0 0.0 0.0 0.0 0.0 0.0 0.0
46523.0 489528.0 197.0 5144093.0 1715246.0 1517.0 6156.0 5.0 0.0 53992754.0 26994503.0 4505378.0 63995.0 64528.0 31642.0 12942.0 63584.0 105.0 12.0 91.0 8.0 166.0 0.0 0.0 0.0 0.0 0.0 0.0 0.0 0.0
46223.0 483083.0 203.0 5044189.0 1682303.0 1511.0 6253.0 4.0 0.0 52586093.0 26326614.5 4394062.0 64041.0 65392.0 32076.0 12493.0 63000.0 80.0 16.0 77.0 11.0 152.0 0.0 0.0 0.0 0.0 0.0 0.0 0.0 0.0
46244.0 482085.0 150.0 5019098.0 1665307.0 1465.0 4715.0 3.0 0.0 52194722.0 25974711.0 4279497.0 49556.0 49245.0 24554.0 12485.0 60357.0 55.0 17.0 71.0 20.0 108.0 0.0 0.0 0.0 0.0 0.0 0.0 0.0 0.0
46182.0 483006.0 192.0 5046334.0 1685537.0 1475.0 5928.0 2.0 0.0 52639515.0 26389902.5 4415792.0 60859.0 62518.0 30836.0 12642.0 61691.0 45.0 12.0 44.0 12.0 150.0 0.0 0.0 0.0 0.0 0.0 0.0 0.0 0.0
46379.0 485358.0 164.0 5069650.0 1687061.0 1469.0 5072.0 3.0 0.0 52880975.0 26386014.0 4379114.0 52160.0 52661.0 26023.0 12292.0 60837.0 53.0 11.0 62.0 8.0 126.0 0.0 0.0 0.0 0.0 0.0 0.0 0.0 0.0
46140.0 481968.0 202.0 5028144.0 1675412.0 1483.0 6387.0 2.0 0.0 52398330.0 26183272.5 4353206.0 67384.0 66929.0 33392.0 12370.0 61751.0 47.0 22.0 36.0 9.0 154.0 0.0 0.0 0.0 0.0 0.0 0.0 0.0 0.0
46203.0 481872.0 194.0 5018970.0 1671336.0 1472.0 6062.0 3.0 0.0 52198867.0 26073449.5 4339480.0 63051.0 63286.0 31489.0 12414.0 61058.0 69.0 21.0 62.0 7.0 146.0 0.0 0.0 0.0 0.0 0.0 0.0 0.0 0.0
46408.0 485775.0 200.0 5079514.0 1689014.0 1538.0 6300.0 3.0 0.0 53041470.0 26460113.0 4386639.0 66319.0 65523.0 32945.0 12718.0 64017.0 65.0 25.0 48.0 14.0 180.0 0.0 0.0 0.0 0.0 0.0 0.0 0.0 0.0
46238.0 482378.0 180.0 5024996.0 1674462.0 1530.0 5675.0 1.0 0.0 52273799.0 26123985.5 4359915.0 59778.0 59124.0 29853.0 12258.0 63760.0 24.0 25.0 26.0 16.0 166.0 0.0 0.0 0.0 0.0 0.0 0.0 0.0 0.0
46198.0 482488.0 179.0 5034295.0 1676557.0 1502.0 5658.0 2.0 0.0 52449727.0 26217622.5 4360492.0 59794.0 59173.0 29919.0 12405.0 62663.0 43.0 12.0 33.0 15.0 206.0 0.0 0.0 0.0 0.0 0.0 0.0 0.0 0.0
46003.0 478006.0 192.0 4959567.0 1651681.0 1447.0 5997.0 1.0 0.0 51392167.0 25666456.0 4266152.0 62673.0 62094.0 31563.0 12220.0 60116.0 15.0 11.0 12.0 13.0 178.0 0.0 0.0 0.0 0.0 0.0 0.0 0.0 0.0
46159.0 481864.0 187.0 5025653.0 1676043.0 1488.0 5858.0 4.0 0.0 52330499.0 26195621.0 4373543.0 60594.0 60990.0 30760.0 12384.0 61922.0 87.0 22.0 82.0 15.0 138.0 0.0 0.0 0.0 0.0 0.0 0.0 0.0 0.0
46963.0 499456.0 229.0 5303900.0 1772597.0 1595.0 7171.0 3.0 0.0 56256904.0 28194394.5 4725695.0 74748.0 76222.0 37204.0 13743.0 67661.0 67.0 24.0 60.0 12.0 188.0 0.0 0.0 0.0 0.0 0.0 0.0 0.0 0.0
46227.0 481554.0 187.0 5002433.0 1665696.0 1480.0 5800.0 2.0 0.0 51892322.0 25878451.5 4307911.0 59796.0 60384.0 30202.0 12420.0 61765.0 41.0 17.0 54.0 8.0 138.0 0.0 0.0 0.0 0.0 0.0 0.0 0.0 0.0
46111.0 480808.0 176.0 5004089.0 1670488.0 1457.0 5587.0 4.0 0.0 52021572.0 26024538.5 4353119.0 59146.0 57739.0 29476.0 12315.0 60730.0 79.0 14.0 100.0 8.0 154.0 0.0 0.0 0.0 0.0 0.0 0.0 0.0 0.0
46421.0 486611.0 204.0 5096798.0 1696834.0 1491.0 6316.0 4.0 0.0 53311982.0 26641872.5 4427320.0 64909.0 66246.0 32615.0 12643.0 62173.0 91.0 11.0 66.0 15.0 160.0 0.0 0.0 0.0 0.0 0.0 0.0 0.0 0.0
46391.0 486322.0 221.0 5093128.0 1696667.0 1534.0 6960.0 5.0 0.0 53258649.0 26625758.0 4434931.0 73837.0 72936.0 36307.0 12642.0 64458.0 101.0 18.0 114.0 13.0 166.0 0.0 0.0 0.0 0.0 0.0 0.0 0.0 0.0
46082.0 479949.0 196.0 4992034.0 1663138.0 1474.0 6130.0 5.0 0.0 51854261.0 25909725.0 4310873.0 63960.0 63654.0 31795.0 12290.0 61371.0 108.0 24.0 98.0 16.0 154.0 0.0 0.0 0.0 0.0 0.0 0.0 0.0 0.0
46437.0 488483.0 178.0 5131670.0 1717228.0 1527.0 5692.0 2.0 0.0 53831510.0 27023330.0 4544748.0 60503.0 59972.0 30209.0 12909.0 64338.0 38.0 17.0 47.0 13.0 146.0 0.0 0.0 0.0 0.0 0.0 0.0 0.0 0.0
46512.0 489164.0 172.0 5137265.0 1710144.0 1571.0 5405.0 2.0 0.0 53887446.0 26905728.0 4466979.0 56546.0 56897.0 28168.0 12624.0 65454.0 53.0 13.0 37.0 9.0 136.0 0.0 0.0 0.0 0.0 0.0 0.0 0.0 0.0
46272.0 485418.0 158.0 5087618.0 1697977.0 1475.0 4942.0 2.0 0.0 53250388.0 26667115.0 4456237.0 51425.0 51739.0 25788.0 12680.0 61906.0 32.0 10.0 41.0 13.0 136.0 0.0 0.0 1.0 0.0 0.0 0.0 0.0 0.0
46094.0 481116.0 185.0 5012546.0 1675344.0 1451.0 5640.0 4.0 0.0 52150872.0 26135510.0 4379751.0 57220.0 58766.0 28727.0 12355.0 60620.0 95.0 14.0 88.0 17.0 124.0 0.0 0.0 0.0 0.0 0.0 0.0 0.0 0.0
46454.0 487753.0 168.0 5117444.0 1706647.0 1476.0 5273.0 4.0 0.0 53619945.0 26831683.5 4483582.0 55353.0 55480.0 27794.0 12732.0 61903.0 83.0 16.0 76.0 6.0 138.0 0.0 0.0 0.0 0.0 0.0 0.0 0.0 0.0
46013.0 478826.0 181.0 4974662.0 1660881.0 1489.0 5613.0 6.0 0.0 51620959.0 25837895.0 4320582.0 57969.0 58083.0 28929.0 12256.0 61656.0 122.0 16.0 126.0 14.0 118.0 0.0 0.0 0.0 0.0 0.0 0.0 0.0 0.0
46501.0 489297.0 198.0 5142238.0 1718211.0 1501.0 6339.0 4.0 0.0 53971856.0 27054594.0 4540959.0 67441.0 66547.0 34035.0 12768.0 63154.0 85.0 19.0 84.0 9.0 156.0 0.0 0.0 0.0 0.0 0.0 0.0 0.0 0.0
45764.0 473731.0 206.0 4898978.0 1632712.0 1379.0 6427.0 5.0 0.0 50595038.0 25302368.0 4215385.0 66945.0 66201.0 32907.0 11910.0 56532.0 120.0 22.0 103.0 9.0 132.0 0.0 0.0 0.0 1.0 0.0 0.0 0.0 0.0
46259.0 482860.0 182.0 5035874.0 1674123.0 1482.0 5694.0 6.0 0.0 52445312.0 26165438.0 4336288.0 59422.0 59882.0 29545.0 12237.0 61372.0 126.0 14.0 119.0 14.0 158.0 0.0 0.0 0.0 0.0 0.0 0.0 0.0 0.0
46303.0 484518.0 183.0 5060508.0 1688705.0 1482.0 5777.0 2.0 0.0 52796653.0 26402959.0 4413935.0 60840.0 59870.0 30359.0 12491.0 61881.0 31.0 15.0 35.0 12.0 146.0 0.0 0.0 0.0 0.0 0.0 0.0 0.0 0.0
45943.0 478160.0 197.0 4969632.0 1658110.0 1425.0 6139.0 5.0 0.0 51585988.0 25810656.5 4303100.0 63661.0 63925.0 31963.0 12088.0 59147.0 109.0 17.0 102.0 12.0 156.0 0.0 0.0 0.0 0.0 0.0 0.0 0.0 0.0
46585.0 491112.0 184.0 5166811.0 1724194.0 1561.0 5764.0 1.0 0.0 54273352.0 27150389.5 4534353.0 59863.0 60412.0 30345.0 12877.0 65434.0 21.0 21.0 25.0 18.0 128.0 0.0 0.0 0.0 0.0 0.0 0.0 0.0 0.0
46160.0 481118.0 202.0 5008178.0 1665365.0 1429.0 6299.0 2.0 0.0 52069695.0 25972157.0 4301460.0 65281.0 65354.0 32494.0 12307.0 59245.0 44.0 14.0 46.0 6.0 178.0 0.0 0.0 0.0 0.0 0.0 0.0 0.0 0.0
46127.0 479473.0 182.0 4980749.0 1654894.0 1452.0 5622.0 3.0 0.0 51674209.0 25765135.0 4271685.0 58085.0 58543.0 29103.0 12362.0 60161.0 71.0 12.0 64.0 12.0 128.0 0.0 0.0 0.0 0.0 0.0 0.0 0.0 0.0
46262.0 484229.0 185.0 5063699.0 1691030.0 1488.0 5842.0 3.0 0.0 52883707.0 26502712.0 4439860.0 61289.0 61290.0 30595.0 12733.0 62298.0 64.0 11.0 62.0 14.0 168.0 0.0 0.0 0.0 0.0 0.0 0.0 0.0 0.0
46273.0 483218.0 207.0 5036961.0 1675869.0 1469.0 6453.0 4.0 0.0 52428392.0 26158575.0 4339904.0 66638.0 67301.0 33623.0 12380.0 61030.0 87.0 27.0 76.0 6.0 130.0 0.0 0.0 0.0 0.0 0.0 0.0 0.0 0.0
45851.0 475595.0 171.0 4929631.0 1645074.0 1471.0 5317.0 4.0 0.0 51028992.0 25553138.5 4271958.0 55466.0 55116.0 27689.0 11906.0 60834.0 74.0 11.0 94.0 17.0 120.0 0.0 0.0 0.0 0.0 0.0 0.0 0.0 0.0
46264.0 483401.0 208.0 5043323.0 1680038.0 1502.0 6617.0 6.0 0.0 52559966.0 26257895.0 4377815.0 69573.0 68823.0 35195.0 12254.0 62482.0 152.0 30.0 126.0 16.0 218.0 0.0 0.0 0.0 0.0 0.0 0.0 0.0 0.0
46219.0 481207.0 193.0 5003692.0 1663392.0 1417.0 5881.0 3.0 0.0 51956793.0 25905689.0 4298349.0 59965.0 60825.0 29590.0 12349.0 58765.0 69.0 13.0 60.0 9.0 132.0 0.0 0.0 0.0 0.0 0.0 0.0 0.0 0.0
46001.0 478907.0 178.0 4978838.0 1659552.0 1482.0 5628.0 2.0 0.0 51696112.0 25843019.0 4303663.0 59514.0 58629.0 29278.0 12277.0 61352.0 45.0 14.0 38.0 13.0 124.0 0.0 0.0 0.0 0.0 0.0 0.0 0.0 0.0
46377.0 485841.0 185.0 5082034.0 1691224.0 1534.0 5906.0 3.0 0.0 53079525.0 26497178.5 4396645.0 62305.0 61473.0 31185.0 12599.0 64104.0 55.0 28.0 71.0 13.0 134.0 0.0 0.0 0.0 0.0 0.0 0.0 0.0 0.0
46229.0 483373.0 222.0 5047092.0 1683895.0 1490.0 6908.0 5.0 0.0 52634100.0 26337235.5 4396556.0 71845.0 72399.0 35738.0 12393.0 62014.0 106.0 23.0 101.0 12.0 188.0 0.0 0.0 0.0 0.0 0.0 0.0 0.0 0.0
46088.0 481541.0 185.0 5023938.0 1679540.0 1490.0 5703.0 5.0 0.0 52350172.0 26247886.5 4398018.0 58583.0 59496.0 29529.0 12276.0 62152.0 108.0 16.0 101.0 16.0 126.0 0.0 0.0 1.0 0.0 0.0 0.0 0.0 0.0
46129.0 481552.0 190.0 5022890.0 1674871.0 1471.0 5953.0 3.0 0.0 52328219.0 26179933.5 4367561.0 61951.0 62193.0 31247.0 12109.0 61373.0 55.0 19.0 64.0 15.0 148.0 0.0 0.0 0.0 0.0 0.0 0.0 0.0 0.0
46961.0 499767.0 202.0 5312190.0 1773532.0 1555.0 6300.0 4.0 0.0 56381935.0 28240314.5 4718891.0 64957.0 67342.0 32800.0 13427.0 65919.0 82.0 23.0 78.0 9.0 158.0 0.0 0.0 0.0 0.0 0.0 0.0 0.0 0.0
46381.0 485762.0 186.0 5080608.0 1693378.0 1501.0 5856.0 9.0 0.0 53067552.0 26531361.5 4426151.0 61120.0 61305.0 30635.0 12610.0 63038.0 203.0 19.0 177.0 13.0 158.0 1.0 0.0 0.0 0.0 0.0 0.0 0.0 0.0
46285.0 485040.0 195.0 5079960.0 1694012.0 1479.0 6265.0 3.0 0.0 53144739.0 26597318.5 4436771.0 66946.0 65448.0 33521.0 12804.0 62273.0 73.0 24.0 64.0 13.0 154.0 0.0 0.0 0.0 0.0 0.0 0.0 0.0 0.0
46256.0 482803.0 170.0 5032900.0 1673041.0 1473.0 5331.0 2.0 0.0 52391635.0 26131721.0 4326023.0 55774.0 55475.0 27765.0 12520.0 60956.0 41.0 14.0 44.0 12.0 100.0 0.0 0.0 0.0 0.0 0.0 0.0 0.0 0.0
46237.0 483088.0 204.0 5043225.0 1681788.0 1494.0 6258.0 1.0 0.0 52584010.0 26314380.0 4397253.0 63243.0 65642.0 32302.0 12597.0 62102.0 27.0 17.0 14.0 14.0 166.0 0.0 0.0 0.0 0.0 0.0 0.0 0.0 0.0
46388.0 486067.0 194.0 5086208.0 1694349.0 1527.0 6170.0 1.0 0.0 53152285.0 26558128.0 4422035.0 65359.0 64553.0 32399.0 12718.0 63611.0 19.0 23.0 20.0 10.0 160.0 0.0 0.0 0.0 0.0 0.0 0.0 0.0 0.0
46291.0 483931.0 173.0 5048587.0 1681475.0 1487.0 5402.0 1.0 0.0 52590686.0 26257589.0 4369406.0 55917.0 56664.0 27952.0 12573.0 62145.0 22.0 13.0 19.0 11.0 102.0 0.0 0.0 0.0 0.0 0.0 0.0 0.0 0.0
46203.0 482022.0 176.0 5023560.0 1670981.0 1506.0 5539.0 3.0 0.0 52286331.0 26095745.5 4327023.0 58150.0 57730.0 29072.0 12447.0 62779.0 71.0 21.0 71.0 11.0 150.0 0.0 0.0 0.0 0.0 0.0 0.0 0.0 0.0
46431.0 487273.0 185.0 5103914.0 1700653.0 1510.0 5949.0 2.0 0.0 53375009.0 26675072.5 4440763.0 63655.0 62236.0 31956.0 12722.0 62750.0 36.0 13.0 45.0 16.0 152.0 0.0 0.0 0.0 0.0 0.0 0.0 0.0 0.0
46285.0 484890.0 193.0 5076194.0 1694938.0 1511.0 6047.0 2.0 0.0 53082988.0 26597126.0 4447349.0 62997.0 63835.0 31559.0 12762.0 63525.0 41.0 26.0 37.0 12.0 130.0 0.0 0.0 0.0 0.0 0.0 0.0 0.0 0.0
46161.0 482543.0 195.0 5038787.0 1683152.0 1508.0 6248.0 5.0 0.0 52531516.0 26336879.0 4409608.0 66956.0 65545.0 33560.0 12413.0 63610.0 83.0 18.0 102.0 16.0 174.0 0.0 0.0 1.0 0.0 0.0 0.0 0.0 0.0
46462.0 487660.0 220.0 5117075.0 1701643.0 1543.0 6713.0 6.0 0.0 53616618.0 26775202.5 4439896.0 68783.0 70336.0 34217.0 12863.0 64564.0 113.0 27.0 116.0 10.0 148.0 0.0 0.0 0.0 0.0 0.0 0.0 0.0 0.0
46136.0 482175.0 198.0 5032842.0 1681357.0 1451.0 6104.0 3.0 0.0 52463602.0 26290959.0 4405433.0 62661.0 64219.0 31141.0 12444.0 60633.0 63.0 12.0 57.0 9.0 140.0 0.0 0.0 0.0 0.0 0.0 0.0 0.0 0.0
46220.0 481703.0 179.0 5014922.0 1665103.0 1407.0 5483.0 4.0 0.0 52138505.0 25971131.5 4289984.0 55962.0 57015.0 27949.0 12340.0 58209.0 83.0 14.0 88.0 8.0 132.0 0.0 0.0 0.0 0.0 0.0 0.0 0.0 0.0
45896.0 476400.0 204.0 4939154.0 1645338.0 1455.0 6402.0 8.0 0.0 51142604.0 25553839.0 4250990.0 66966.0 66449.0 33426.0 11832.0 60403.0 159.0 22.0 182.0 11.0 182.0 0.0 0.0 1.0 0.0 0.0 0.0 0.0 0.0
45539.0 468457.0 155.0 4809087.0 1602537.0 1408.0 4797.0 5.0 0.0 49310570.0 24627279.5 4101329.0 49286.0 49251.0 24374.0 11384.0 57814.0 97.0 6.0 99.0 10.0 76.0 0.0 0.0 0.0 0.0 0.0 0.0 0.0 0.0
46216.0 483007.0 223.0 5040210.0 1682261.0 1521.0 6939.0 4.0 0.0 52524396.0 26296875.0 4395461.0 71782.0 72402.0 36096.0 12464.0 63312.0 84.0 27.0 79.0 16.0 192.0 0.0 0.0 0.0 0.0 0.0 0.0 0.0 0.0
