51531.0 7924620.0 134848.0 167526415.0 4398752539.0 1034.0 98875588.0 3722344.0 392703.0 1461947494.0 60015965957.5 2.37442993139e+12 9141726570.0 1094915873.0 79002564479.0 1654.0 587399.0 4971721283.0 216506589.0 397418528.0 0.0 24106.0 243244948.0 429168505.0 68022243.0 1430.0 47025309.0 9749.0 5029805.0 1113727.0
53762.0 9023514.0 151604.0 180929084.0 6341500000.0 1498.0 116465323.0 4368205.0 486249.0 1713457079.0 70052402566.0 4.5837182991e+12 9277649898.0 1258951195.0 115638714681.0 2947.0 820190.0 5980730188.0 268358324.0 457643056.0 0.0 47560.0 303543528.0 537338650.0 80082645.0 3164.0 58704017.0 19145.0 6505603.0 1543337.0
52003.0 3669759.0 143354.0 129267639.0 614331813.0 1500.0 51708345.0 3015720.0 475335.0 1701247894.0 20790531070.5 113021079655.0 5074928536.0 1018056141.0 12915650104.0 2581.0 697803.0 1456151954.0 119073905.0 377473389.0 0.0 45618.0 83847994.0 292739235.0 46734207.0 2592.0 38968601.0 17593.0 5599115.0 1625971.0
52653.0 13644862.0 135200.0 165952944.0 16702251521.0 969.0 150023462.0 3532271.0 362327.0 1270230386.0 98483578187.5 1.85724551444e+13 7592787208.0 1043155877.0 261919313951.0 1511.0 561289.0 8121115625.0 325340611.0 316951920.0 0.0 23002.0 273868617.0 537674654.0 70876803.0 1381.0 41546438.0 9217.0 4051005.0 908731.0
59473.0 17437503.0 196077.0 294563272.0 15762493110.0 1164.0 239422963.0 9549501.0 730723.0 2254088120.0 149332011562.0 1.31980531219e+13 25793652071.0 1958552609.0 297079007167.0 1692.0 781351.0 21883208108.0 531170067.0 819242426.0 0.0 26460.0 1511780870.0 1181449852.0 200290689.0 1733.0 150040713.0 13708.0 13925550.0 2730870.0
58666.0 18052685.0 182196.0 259877187.0 18473519294.0 1280.0 231726266.0 9020630.0 586212.0 1810729980.0 152795764880.0 1.71950945876e+13 20716713568.0 1733776404.0 327928216096.0 2017.0 859184.0 21044473887.0 532518962.0 636946707.0 0.0 31886.0 2165625835.0 987773390.0 157215766.0 1870.0 128442086.0 14032.0 9962798.0 1721165.0
49295.0 2662132.0 122114.0 94354574.0 302190514.0 1343.0 33900207.0 2180280.0 357554.0 1336948412.0 11795967916.5 38167353783.0 3038553849.0 718341513.0 5855878111.0 2956.0 589696.0 734259031.0 72499311.0 253291287.0 0.0 43134.0 54649501.0 175178611.0 27871007.0 2532.0 24960183.0 14597.0 3670925.0 1063939.0
51662.0 3720442.0 137601.0 122371126.0 696263719.0 1358.0 49566237.0 3070451.0 419575.0 1504550232.0 21492938318.0 139294285026.0 4591193834.0 939183825.0 13737180623.0 2237.0 587024.0 1477947782.0 113172964.0 338616442.0 0.0 37082.0 157334159.0 251857073.0 40390727.0 2278.0 38197429.0 14573.0 4723780.0 1309913.0
51488.0 4450520.0 137146.0 125264822.0 1541103886.0 1731.0 57601754.0 2793118.0 415866.0 1521664125.0 29211025025.5 657540116760.0 4631798402.0 936237744.0 29368690796.0 3218.0 865196.0 1754891538.0 132986353.0 331957980.0 0.0 57772.0 83184772.0 280930787.0 42315868.0 3531.0 32872071.0 20729.0 4575364.0 1243371.0
55282.0 13148652.0 159886.0 204408655.0 12913144959.0 1133.0 162394332.0 5300149.0 506293.0 1661935506.0 105300779956.0 1.20881905478e+13 12036761380.0 1375267569.0 222078961176.0 1925.0 637680.0 10403967199.0 368185824.0 488633091.0 0.0 28044.0 584132184.0 695806254.0 102395152.0 1631.0 71964227.0 12629.0 7054573.0 1545271.0
50270.0 4678053.0 123379.0 123855362.0 1536634521.0 1203.0 57794065.0 2435260.0 327276.0 1278153203.0 31383726046.5 524733513350.0 5081881313.0 865542826.0 28352145155.0 1782.0 600062.0 1924014986.0 131587602.0 283704413.0 0.0 32380.0 92122973.0 250079066.0 37471073.0 1987.0 27236936.0 11049.0 3285376.0 817393.0
63431.0 16277268.0 242178.0 337486686.0 12035662632.0 2074.0 256087935.0 14603398.0 1043183.0 2957016021.0 149713511448.0 8.59330773447e+12 26556061943.0 2586816670.0 257037320045.0 3939.0 1307195.0 23054017925.0 637915521.0 1143371531.0 0.0 68062.0 3418140785.0 1468296653.0 254106643.0 3909.0 250884850.0 31105.0 23004941.0 4304888.0
48430.0 2784305.0 119899.0 101944487.0 320662919.0 1406.0 35404803.0 2479799.0 379069.0 1389595435.0 12820191546.0 39559336412.0 3554363259.0 724941035.0 5893720624.0 3081.0 675729.0 798311984.0 70143393.0 299068013.0 0.0 46422.0 86060824.0 202356217.0 28239702.0 3140.0 30189678.0 18555.0 4240626.0 1331385.0
52115.0 4718933.0 144250.0 152018497.0 1093700871.0 1443.0 65823348.0 3784436.0 476999.0 1748394046.0 30393114045.5 266990815359.0 6882920721.0 1117385779.0 22033927267.0 2437.0 724931.0 2512509957.0 146500386.0 448696177.0 0.0 38850.0 216039305.0 353570052.0 57977540.0 2509.0 51481725.0 16416.0 6510158.0 1572688.0
48370.0 3525567.0 111369.0 102122016.0 776775462.0 892.0 41894165.0 2191895.0 277319.0 1116447798.0 19906611090.5 181969978689.0 3624289820.0 712711673.0 13876204223.0 1451.0 403914.0 1292978138.0 88926495.0 232172322.0 0.0 19714.0 98932668.0 174305554.0 29868775.0 1048.0 23367745.0 7435.0 2672865.0 652608.0
57651.0 15944592.0 182548.0 257275864.0 16301446559.0 1141.0 209190161.0 9265369.0 652232.0 2089094705.0 123198834918.0 1.66022099526e+13 15695729146.0 1719935622.0 290641889489.0 1413.0 765567.0 19198944942.0 442205814.0 720925544.0 0.0 25802.0 1485419352.0 968848088.0 178422592.0 1646.0 136810142.0 13549.0 13440744.0 2332909.0
59234.0 25214381.0 183348.0 263914447.0 35317591243.0 1202.0 300016565.0 10475028.0 595072.0 1723758856.0 193278008656.0 4.27159906302e+13 22460891449.0 1668160375.0 583521896749.0 1421.0 795998.0 32772946925.0 647184204.0 585475886.0 0.0 27778.0 3625992871.0 1196491127.0 181955946.0 1782.0 145286603.0 13056.0 10521335.0 1837328.0
53098.0 5375991.0 149319.0 147405205.0 2169757286.0 1816.0 73717140.0 3305553.0 488990.0 1766473989.0 37613349917.0 1.03996623201e+12 6222640279.0 1118673527.0 43323061669.0 4350.0 894284.0 2515678051.0 178313401.0 402659375.0 0.0 63394.0 109833868.0 382192495.0 55249402.0 3967.0 43118645.0 22654.0 5806831.0 1586344.0
52796.0 4968270.0 152026.0 160995409.0 1290786621.0 1218.0 70538360.0 3994008.0 535457.0 1903303381.0 33221394966.0 390593748724.0 7412221689.0 1195627805.0 26490585533.0 2328.0 646861.0 2488849562.0 159625030.0 494338092.0 0.0 34778.0 198498826.0 404493462.0 61432342.0 2289.0 55309111.0 15550.0 7298513.0 1942548.0
50502.0 4510874.0 128717.0 131635500.0 1230555079.0 1249.0 57034142.0 3104436.0 364410.0 1449582345.0 29085578186.5 356330884959.0 5376662559.0 929263369.0 22523962127.0 1826.0 656642.0 2233519678.0 122521323.0 339683783.0 0.0 30478.0 224032557.0 262800491.0 42629617.0 2043.0 37476048.0 12364.0 4233893.0 987640.0
62160.0 13877755.0 231268.0 325531121.0 7926841949.0 1772.0 222708161.0 13675018.0 977549.0 2882311252.0 126297122522.0 4.14000531412e+12 26026411709.0 2450162713.0 174228417127.0 3895.0 1173020.0 19403255926.0 533845981.0 1121297893.0 0.0 54026.0 2751020795.0 1298575181.0 238643186.0 3220.0 233692157.0 24736.0 23695046.0 3953490.0
51459.0 4108157.0 136998.0 138069612.0 792544596.0 1232.0 55271213.0 3317193.0 434706.0 1646815657.0 24796015198.0 160233467066.0 5811454584.0 999591109.0 15413057032.0 1866.0 566610.0 1775152984.0 117827819.0 402033324.0 0.0 31472.0 140796783.0 297533057.0 47724489.0 1899.0 43018664.0 12953.0 5615154.0 1441058.0
48587.0 2787355.0 115345.0 89504056.0 430232223.0 1160.0 33133076.0 1884409.0 303988.0 1141872568.0 13546549944.5 79760433840.0 2810910247.0 655521392.0 7833193953.0 2111.0 497609.0 713096785.0 70241697.0 215313147.0 0.0 31792.0 40427718.0 149725170.0 23535101.0 1915.0 19278901.0 11262.0 2771052.0 770741.0
50233.0 2927470.0 126602.0 94783229.0 510181633.0 1432.0 36551467.0 2141916.0 360613.0 1285848463.0 14722423085.5 121198071249.0 2986131920.0 733528441.0 9707177726.0 2681.0 668551.0 820887551.0 81502796.0 243556188.0 0.0 46014.0 50569797.0 175734703.0 27487049.0 2644.0 23299102.0 15180.0 3404627.0 1001729.0
46553.0 2341831.0 101429.0 70556902.0 332186625.0 802.0 25374521.0 1482281.0 240995.0 871705180.0 10062462690.5 57430122369.0 1941948483.0 494884044.0 5559095110.0 1087.0 301583.0 504262947.0 50248848.0 154546535.0 0.0 18450.0 29061141.0 100838623.0 16591408.0 1028.0 13672868.0 6297.0 2017917.0 546015.0
54282.0 7590278.0 158021.0 187246714.0 3291785588.0 1332.0 105313486.0 5915874.0 501234.0 1746507953.0 57796222561.5 1.43818221005e+12 10031857567.0 1358494273.0 64725931476.0 2237.0 813045.0 6174532345.0 243975565.0 524524878.0 0.0 33498.0 769158926.0 498182713.0 89625638.0 2140.0 82802672.0 14060.0 7858680.0 1472348.0
51434.0 3923430.0 134641.0 132420746.0 724320568.0 1037.0 52606923.0 2823662.0 409815.0 1599344019.0 23306870272.5 136887537056.0 5431118630.0 980672176.0 14300036860.0 1688.0 459828.0 1555582939.0 116914846.0 358308445.0 0.0 27826.0 89681399.0 275282904.0 43663238.0 1467.0 35276380.0 10711.0 4698648.0 1272902.0
55893.0 9466196.0 172129.0 226201780.0 4473019625.0 1380.0 135276859.0 7485576.0 593918.0 1990784682.0 77281821901.0 1.9392829186e+12 14437281580.0 1607732722.0 89833475990.0 2042.0 828859.0 8935590724.0 312086754.0 655001851.0 0.0 35924.0 1275082797.0 678814794.0 120538118.0 2306.0 110801334.0 16324.0 10256003.0 1944151.0
57408.0 14223342.0 178884.0 229827706.0 12778965833.0 1486.0 188421744.0 8172989.0 604407.0 1874082614.0 115452399781.0 1.06311248821e+13 13255076547.0 1615208633.0 235587328182.0 2993.0 909985.0 15704706315.0 444394411.0 581696497.0 0.0 50164.0 2263555620.0 850604216.0 134333852.0 3093.0 114986584.0 19928.0 9114536.0 1943859.0
55442.0 18105302.0 160494.0 194624976.0 27074187446.0 1322.0 205340420.0 5292258.0 513394.0 1647895095.0 124395447711.0 3.5878419009e+13 8143725941.0 1288391963.0 431183089215.0 2635.0 781632.0 13281637116.0 445491571.0 442321744.0 0.0 40580.0 515212791.0 809330788.0 110227102.0 2308.0 69686781.0 15787.0 7126620.0 1622492.0
52935.0 4643309.0 153734.0 159475967.0 1015873667.0 1579.0 67535145.0 3688092.0 552655.0 1951655371.0 30461145962.5 243990104547.0 7334421286.0 1210475077.0 21164341572.0 2983.0 801122.0 2238014780.0 154258998.0 489672996.0 0.0 49878.0 124644766.0 405400105.0 60487037.0 3087.0 52294901.0 20106.0 7613176.0 2050850.0
54139.0 6817459.0 155855.0 181606421.0 2448065639.0 1517.0 95131912.0 4616360.0 492982.0 1738682858.0 51906282006.5 813391126504.0 10047276888.0 1329889771.0 49307120676.0 2116.0 838353.0 4519032116.0 227976260.0 505428465.0 0.0 37878.0 374284642.0 464801292.0 75963885.0 2684.0 63873591.0 16118.0 6957143.0 1463357.0
52830.0 4129836.0 151454.0 143842994.0 802566620.0 1664.0 59966379.0 3664588.0 521775.0 1893086263.0 24967878034.5 176483433704.0 5961137364.0 1137416239.0 17266826913.0 3717.0 811964.0 1933476756.0 140134706.0 439560389.0 0.0 55822.0 151715701.0 343717062.0 55639701.0 3137.0 50407168.0 21379.0 6946909.0 1803398.0
59806.0 31166243.0 181948.0 280445392.0 52330263530.0 1338.0 348533415.0 13044395.0 565844.0 1639975986.0 219154310278.0 7.88794070172e+13 25417789197.0 1670019877.0 803993336368.0 2309.0 1080023.0 42737392003.0 705719627.0 609812175.0 0.0 35308.0 4892389611.0 1294772383.0 201068658.0 2399.0 171836920.0 15981.0 11770215.0 1648705.0
58124.0 7461457.0 206614.0 228452471.0 2781212099.0 2390.0 124930308.0 6867572.0 933083.0 2725398925.0 58537656411.0 1.13946799806e+12 12976597571.0 1892779118.0 65708820296.0 6576.0 1392332.0 6233668006.0 316645486.0 820776823.0 0.0 93696.0 372581755.0 842813387.0 137460632.0 5811.0 118546357.0 40290.0 16141209.0 4310320.0
58070.0 8691073.0 196000.0 264423969.0 3042122858.0 1428.0 135859596.0 8330668.0 801207.0 2638099304.0 71884870561.0 1.04567459605e+12 18075684352.0 1907061663.0 65266105814.0 2061.0 858174.0 7891843641.0 301612472.0 950423685.0 0.0 35246.0 724753314.0 846697704.0 141349040.0 2216.0 136465121.0 19164.0 17434706.0 3316120.0
57234.0 5588903.0 198700.0 216732163.0 1158634668.0 1992.0 94514172.0 6378403.0 902131.0 2875522216.0 39347740478.5 270387966199.0 11191087759.0 1779703971.0 27599390949.0 3711.0 1055504.0 3626121328.0 225633789.0 849625242.0 0.0 69302.0 316403674.0 696169444.0 108481480.0 4841.0 107091930.0 32616.0 15360555.0 4420422.0
57058.0 9486343.0 188600.0 231175741.0 4779748821.0 1913.0 142764402.0 7763036.0 730561.0 2224411992.0 77636272554.5 2.36454315418e+12 14157505594.0 1741102917.0 100653042344.0 3689.0 1131056.0 9364219171.0 342424914.0 725513880.0 0.0 59740.0 992398004.0 790274904.0 135550759.0 3940.0 122067805.0 26093.0 13119056.0 2754974.0
56463.0 5850946.0 186681.0 207846681.0 1361531136.0 1644.0 93889539.0 6058963.0 772146.0 2521836239.0 42393717018.0 321247944846.0 10937862194.0 1656222178.0 31048504660.0 2890.0 887842.0 3718091344.0 225272963.0 751695297.0 0.0 53782.0 415002068.0 622197670.0 98723173.0 3351.0 96225019.0 23703.0 12773960.0 3305503.0
59256.0 14902547.0 194171.0 257965321.0 13321349267.0 1783.0 205779023.0 7553961.0 728312.0 2238223340.0 129657855729.0 1.08189119251e+13 18596217051.0 1822081819.0 258165069089.0 3167.0 1028741.0 14925446290.0 496152560.0 718713552.0 0.0 55056.0 1044817709.0 1029183994.0 150713937.0 3470.0 115860273.0 23009.0 11995566.0 2807386.0
52214.0 4097374.0 151258.0 140721609.0 846056048.0 1348.0 59133235.0 3866050.0 543256.0 1811096161.0 24249621489.5 215368871389.0 5758563877.0 1099753581.0 17678618537.0 2484.0 643112.0 1980233964.0 133474442.0 456875915.0 0.0 41100.0 161312592.0 349335593.0 56693010.0 2409.0 53380097.0 17767.0 7340280.0 2060876.0
57991.0 11328875.0 191465.0 255791114.0 7153101996.0 1603.0 166450818.0 8188650.0 728636.0 2370305284.0 94951443261.5 4.66010455807e+12 16945789610.0 1853635466.0 144651092940.0 2485.0 967840.0 11676448615.0 387528650.0 792727345.0 0.0 44480.0 958553611.0 894391047.0 156897620.0 2872.0 129392025.0 21443.0 13467471.0 2762222.0
54288.0 4903488.0 164422.0 176762177.0 988711710.0 2018.0 74382484.0 4509648.0 618878.0 2231977247.0 32627270557.5 204870623068.0 8459522185.0 1359027538.0 21624154162.0 3713.0 1079133.0 2611798619.0 169817586.0 585625332.0 0.0 70878.0 189863544.0 468208908.0 74616791.0 4775.0 66174054.0 28636.0 9390828.0 2413045.0
52869.0 6304986.0 150643.0 188959163.0 1891771820.0 929.0 87279317.0 5060555.0 521168.0 1871229776.0 45724260830.0 578117776309.0 10401476038.0 1283022530.0 36500119652.0 1014.0 494554.0 4086957571.0 180784993.0 580095871.0 0.0 19672.0 343702804.0 476092297.0 80434037.0 1202.0 71842499.0 9671.0 8781229.0 1899445.0
64554.0 39797947.0 231413.0 311157921.0 86004060187.0 1619.0 468858079.0 14644364.0 937359.0 2439131287.0 233634051650.0 1.63178998253e+14 19048288914.0 2120637707.0 1.36930513883e+12 2989.0 1085941.0 58144320798.0 973255009.0 827439341.0 0.0 48868.0 4003464030.0 2076227038.0 314154204.0 3180.0 229996127.0 23623.0 20194317.0 3930388.0
51510.0 4120492.0 139337.0 127355072.0 903925238.0 1418.0 55607044.0 3495055.0 422333.0 1493403357.0 24825126695.0 204720398300.0 4970907362.0 980772654.0 17934486747.0 2175.0 663355.0 2027963430.0 126700964.0 364332448.0 0.0 38204.0 210339369.0 269595472.0 49402318.0 2330.0 43476873.0 15026.0 5163540.0 1222936.0
50640.0 3416186.0 130866.0 114492591.0 566944537.0 1525.0 44426373.0 2850631.0 384424.0 1473975872.0 18499040609.5 101184791130.0 4096093403.0 868838568.0 11044057978.0 2659.0 762397.0 1218597892.0 98867571.0 313978850.0 0.0 44262.0 165764647.0 217228348.0 35844363.0 3106.0 34072293.0 15280.0 4126254.0 1084195.0
69971.0 66049443.0 252779.0 376302357.0 147816974342.0 1610.0 738148035.0 44987809.0 883383.0 2057924987.0 390635249909.0 2.72003024799e+14 27402022578.0 2320664872.0 2.26319310395e+12 2213.0 1278883.0 147275541682.0 1454052551.0 784567939.0 0.0 44210.0 57525794293.0 2764851294.0 462957526.0 2977.0 565457895.0 22350.0 28490048.0 2912573.0
61404.0 18875288.0 211747.0 346288888.0 16301512035.0 1282.0 264514389.0 13215538.0 818400.0 2553124808.0 167528425111.0 1.39614664561e+13 32610120375.0 2260820832.0 305500951875.0 1853.0 959512.0 27395088956.0 560554145.0 1075165643.0 0.0 31430.0 2723260318.0 1362964346.0 245472257.0 1938.0 208982234.0 16525.0 20087729.0 3089147.0
65357.0 15708886.0 261718.0 395482548.0 8421714281.0 1990.0 266304986.0 17577438.0 1192090.0 3409273784.0 153564462348.0 3.99600667536e+12 37107204475.0 2999444054.0 193519380120.0 3447.0 1354104.0 24217512287.0 659867774.0 1486210978.0 0.0 62864.0 3730451444.0 1675256863.0 289087359.0 3671.0 320794848.0 30959.0 32533144.0 5190757.0
58718.0 15741086.0 192397.0 242964986.0 16867029696.0 1764.0 212097294.0 8391688.0 695008.0 2154943291.0 123540778818.0 1.74093607397e+13 12780587776.0 1776816731.0 313065962098.0 3299.0 1075385.0 17370344751.0 504346453.0 648766823.0 0.0 56806.0 1687601611.0 997379112.0 161787845.0 3579.0 123766393.0 23643.0 11237810.0 2402812.0
59381.0 34562249.0 177978.0 211322008.0 81262400757.0 1155.0 356494355.0 6519899.0 566508.0 1709158257.0 182758197980.0 1.57971927905e+14 7109268308.0 1382005726.0 1.18814997075e+12 1608.0 657190.0 26150579916.0 736790281.0 415430236.0 0.0 28306.0 701524566.0 1266920566.0 154517582.0 1760.0 86735364.0 13139.0 8052127.0 1811228.0
50934.0 3795361.0 133172.0 122617461.0 815068774.0 1386.0 50428777.0 3058219.0 410543.0 1540142972.0 21948937517.0 213259965169.0 4570839729.0 918922563.0 16012051752.0 2406.0 697164.0 1641705773.0 110742122.0 341838400.0 0.0 41436.0 134434390.0 258384868.0 43192533.0 2620.0 37905046.0 16264.0 4894815.0 1295340.0
54254.0 9887906.0 157422.0 189590422.0 7637975031.0 1389.0 129282635.0 5334812.0 516821.0 1797928584.0 74658879869.0 6.0663911453e+12 9076705847.0 1331863400.0 139198525902.0 2352.0 721308.0 8160498502.0 290694161.0 496446706.0 0.0 42218.0 556300616.0 594940234.0 100474073.0 2704.0 72983812.0 16912.0 7542516.0 1667617.0
51448.0 3803473.0 142786.0 138502486.0 584674864.0 1383.0 51928391.0 3479083.0 480779.0 1757739597.0 21678989843.0 91753415558.0 5651965192.0 1027242546.0 11396149257.0 2220.0 721158.0 1486299209.0 109341097.0 435912073.0 0.0 37508.0 166778433.0 299344420.0 45375196.0 3071.0 45476138.0 16270.0 6182188.0 1671354.0
55612.0 12738752.0 162708.0 232720497.0 8577671363.0 1272.0 166643513.0 8426099.0 500328.0 1696168288.0 105105336956.0 5.12419530942e+12 16678443522.0 1525136340.0 156711588495.0 1800.0 782650.0 14587023384.0 368942530.0 579283151.0 0.0 31672.0 2028224516.0 713268859.0 125047989.0 2095.0 116349350.0 14182.0 9040479.0 1388879.0
58405.0 16485435.0 194333.0 285506905.0 13079535288.0 1415.0 229318709.0 13056379.0 720535.0 2078993897.0 134726391348.0 9.74716232864e+12 23660680037.0 1889903516.0 245276105703.0 1951.0 925021.0 24679136486.0 485067108.0 836930190.0 0.0 33938.0 3157030743.0 1109115972.0 215349579.0 2225.0 200828654.0 17317.0 18171431.0 2549502.0
56104.0 10459212.0 173988.0 225102696.0 7278460491.0 1268.0 144249226.0 6178386.0 641194.0 2119518603.0 83938215111.0 5.33032507424e+12 13212189420.0 1576107529.0 138863449605.0 1666.0 705266.0 8866725745.0 326759510.0 658961635.0 0.0 32568.0 582774934.0 749489777.0 118340059.0 2337.0 91943638.0 15107.0 10359387.0 2483017.0
55873.0 6362723.0 185266.0 205849048.0 1983464043.0 1779.0 101187076.0 5948874.0 788399.0 2453118119.0 47039729047.5 691007435185.0 10929964514.0 1616808366.0 44428613824.0 3775.0 951677.0 4451042687.0 240417111.0 730309998.0 0.0 61148.0 311468581.0 663534930.0 106196352.0 3953.0 97072100.0 28553.0 13411597.0 3491220.0
57671.0 7370608.0 205998.0 243022901.0 2400856674.0 1536.0 121602521.0 8643424.0 969502.0 2801332990.0 57363902708.5 887357873333.0 14052020260.0 1875023360.0 53986201240.0 2621.0 844111.0 6139699929.0 277409322.0 978277151.0 0.0 48418.0 780409120.0 860095373.0 137001986.0 3053.0 149321815.0 23828.0 19359165.0 4946354.0
57733.0 11367221.0 183445.0 230306309.0 8730188719.0 1701.0 158880743.0 6308551.0 654946.0 2215843074.0 94210907340.0 6.8528472432e+12 13257669243.0 1701887471.0 170112896078.0 2812.0 1026127.0 9879786068.0 383454465.0 648603135.0 0.0 50788.0 631346930.0 795390855.0 127094051.0 3240.0 93404709.0 21851.0 9782981.0 2320292.0
51173.0 4810637.0 135762.0 140317762.0 1427499966.0 1193.0 62755388.0 3393435.0 430664.0 1553043710.0 31770608724.5 467633093419.0 5976760614.0 990741330.0 26802833419.0 1843.0 572061.0 2348816949.0 136434710.0 386955808.0 0.0 30862.0 196524122.0 321121448.0 49211337.0 1819.0 42743902.0 13285.0 5386424.0 1449693.0
52372.0 4434641.0 147367.0 154636766.0 863626709.0 1287.0 62495443.0 3807027.0 498953.0 1878846751.0 27949239448.5 172271252159.0 6899941813.0 1145313859.0 17342925542.0 2310.0 658497.0 2191130233.0 134384149.0 478837174.0 0.0 35048.0 179452810.0 356687667.0 58418546.0 2158.0 51816948.0 14951.0 6978497.0 1741472.0
62403.0 31589973.0 210182.0 305171832.0 52142868095.0 1610.0 383700621.0 14206941.0 765681.0 2108824088.0 226495756067.0 7.68791785031e+13 23128962615.0 1995456909.0 859744828732.0 2347.0 1196160.0 49984630816.0 815619724.0 725072870.0 0.0 44652.0 5456541148.0 1632124969.0 263634728.0 2970.0 207739431.0 21094.0 14406611.0 2794214.0
51667.0 8004101.0 134081.0 129028576.0 6994567691.0 1402.0 92400913.0 2761239.0 376393.0 1230127223.0 59435420593.5 5.86489461955e+12 4633626167.0 883697864.0 117768405740.0 2186.0 667996.0 3102487991.0 215011929.0 286159331.0 0.0 41918.0 90615087.0 364990502.0 43055166.0 2628.0 30524540.0 14751.0 4127234.0 1001287.0
50320.0 4520437.0 130393.0 117148020.0 1597237267.0 1164.0 58600718.0 2871832.0 379892.0 1275088766.0 28541342939.0 658763197151.0 4316403491.0 880943523.0 30529108403.0 2299.0 569920.0 2224565385.0 136414217.0 288006209.0 0.0 34020.0 143332674.0 265494035.0 44773619.0 1934.0 34444132.0 12156.0 4110200.0 1047103.0
49037.0 6661549.0 110022.0 110544862.0 4667383843.0 867.0 73511391.0 2554579.0 245921.0 887529767.0 45888809003.5 3.22722697752e+12 3398208719.0 711734818.0 76465496945.0 957.0 405328.0 3524780087.0 161923421.0 194410063.0 0.0 16474.0 245809661.0 242081237.0 36983102.0 1060.0 25601179.0 6074.0 2307429.0 488585.0
51892.0 3750434.0 141419.0 124637801.0 769024437.0 1671.0 51773741.0 3081350.0 441958.0 1648372638.0 21383109732.0 202517920355.0 4551248273.0 983510287.0 16193066680.0 2932.0 800894.0 1606436527.0 121323091.0 351808000.0 0.0 53806.0 112178503.0 268927537.0 46110978.0 3556.0 38345452.0 20395.0 5060624.0 1380214.0
57162.0 7881873.0 184780.0 215537644.0 3640446610.0 2022.0 119012365.0 5504628.0 701573.0 2414475124.0 63634614693.5 1.80748189476e+12 11920746861.0 1675622715.0 77898036495.0 4780.0 1141371.0 5926607386.0 294289412.0 672951951.0 0.0 66878.0 326050638.0 684081921.0 107103836.0 4326.0 84158480.0 28167.0 10525997.0 2655554.0
57827.0 10681661.0 194133.0 269122373.0 5230448501.0 1607.0 161307867.0 8837854.0 778797.0 2472408938.0 91635402736.5 2.42927468753e+12 19479966409.0 1919166077.0 108557667205.0 2734.0 970970.0 11165252538.0 368000367.0 876142196.0 0.0 48434.0 1165185306.0 934373016.0 156854322.0 3062.0 144028519.0 24862.0 15284548.0 3132210.0
65445.0 16492164.0 272354.0 401512302.0 11130306188.0 1864.0 281118478.0 16177242.0 1387927.0 3778264326.0 155213262556.0 7.70330964618e+12 34967717064.0 3038024172.0 252041546152.0 3943.0 1226205.0 25655114459.0 656497895.0 1607883556.0 0.0 62628.0 2183610965.0 1922576436.0 343407015.0 4209.0 309248398.0 33994.0 36003188.0 7282468.0
57041.0 10336488.0 189058.0 275813666.0 4679652594.0 1139.0 153710005.0 9245417.0 773478.0 2453660480.0 87476607893.0 2.15289590147e+12 20356144144.0 1840218452.0 93803001962.0 1418.0 769997.0 10308705952.0 319682760.0 957002372.0 0.0 24686.0 1001626068.0 915489187.0 158686227.0 1653.0 149225230.0 13271.0 17964718.0 3273314.0
61641.0 9527220.0 242318.0 310414216.0 3220706759.0 2183.0 171228428.0 10790747.0 1243880.0 3327404551.0 82487385815.0 1.04216964883e+12 22666933318.0 2464106731.0 78783466263.0 4276.0 1305911.0 10367596272.0 411473048.0 1270335241.0 0.0 71360.0 878867981.0 1296092018.0 209407825.0 5475.0 208389304.0 38294.0 28903994.0 6723981.0
59224.0 9317727.0 210960.0 280063083.0 3396692392.0 1741.0 153222639.0 9309574.0 923732.0 2817325806.0 79200337129.0 1.166402742e+12 19822555706.0 2113048445.0 76609996408.0 2950.0 1028478.0 9595612991.0 355707705.0 1022842837.0 0.0 49938.0 881124644.0 999271582.0 169190631.0 3344.0 162613215.0 25670.0 20450659.0 4041573.0
54535.0 7178585.0 156099.0 173793618.0 3342529993.0 1391.0 98991199.0 4030860.0 478748.0 1686658510.0 55923517365.0 1.58492677067e+12 8971116944.0 1296588661.0 67184702074.0 2356.0 783983.0 4552804593.0 247192056.0 442469722.0 0.0 35768.0 249745223.0 464014260.0 73121907.0 2152.0 53303780.0 14167.0 5755971.0 1354784.0
57694.0 13368256.0 185579.0 238302105.0 11384906829.0 1895.0 180850135.0 9489387.0 667761.0 2110940247.0 108369275578.0 9.45010176805e+12 11618161722.0 1723323886.0 210517758896.0 3471.0 1132159.0 15633490584.0 417639626.0 663490765.0 0.0 60434.0 2627280508.0 862068076.0 145852636.0 3989.0 136482012.0 25236.0 11384127.0 2335721.0
61048.0 17909172.0 213372.0 318936788.0 16395164837.0 1267.0 253305661.0 11580758.0 827803.0 2507795240.0 155120331304.0 1.47968167219e+13 27164363027.0 2196740661.0 313637842883.0 1770.0 879776.0 23883083259.0 566084997.0 997603135.0 0.0 29748.0 1811111448.0 1303766047.0 229465010.0 1825.0 184882835.0 15695.0 18433487.0 3100383.0
51546.0 5021128.0 138175.0 142191668.0 1537745086.0 1339.0 66096678.0 3563498.0 419852.0 1520540441.0 33821553182.0 503426686054.0 6232280158.0 1028374077.0 29407430458.0 2137.0 645367.0 2646205845.0 147609197.0 392234530.0 0.0 34256.0 190024935.0 317222939.0 53953666.0 2139.0 44509612.0 13867.0 5302367.0 1254681.0
56983.0 11752004.0 177845.0 284145728.0 5395077481.0 1059.0 164376765.0 9856369.0 627579.0 2182342940.0 102107675689.0 2.13141043617e+12 24200087516.0 1806216019.0 102770644134.0 1380.0 762551.0 12826268073.0 335255502.0 871737473.0 0.0 22330.0 1643056251.0 847258870.0 150837673.0 1552.0 147481424.0 11877.0 15157614.0 2133271.0
53047.0 6217521.0 151620.0 161105511.0 2605449518.0 1485.0 83819634.0 5063495.0 513434.0 1768281486.0 44542664792.5 1.15248611981e+12 6803624305.0 1187609248.0 50106764223.0 3729.0 797550.0 3307241987.0 195709567.0 455814646.0 0.0 52484.0 1055208498.0 430012110.0 63485900.0 2941.0 67386273.0 19455.0 6640272.0 1767537.0
56775.0 7293405.0 188923.0 225856306.0 2407641570.0 1977.0 114424844.0 7154517.0 760130.0 2492944534.0 56905556439.0 813528444189.0 12827228693.0 1738402454.0 53013504978.0 5134.0 1090668.0 5828389863.0 271272471.0 789471256.0 0.0 71864.0 669729775.0 703896918.0 118764511.0 4943.0 113562278.0 29226.0 13662243.0 3080725.0
58167.0 7956110.0 200188.0 244531750.0 2824816022.0 1869.0 128116338.0 7620086.0 835779.0 2693260303.0 64690618289.0 1.01950517609e+12 14605138911.0 1918205600.0 63589644103.0 3910.0 1103122.0 7038684323.0 309822079.0 856140191.0 0.0 64934.0 739497253.0 810761043.0 136333463.0 4078.0 125573363.0 29051.0 14731072.0 3489283.0
64585.0 11512070.0 287960.0 360648396.0 5277080142.0 2831.0 221216322.0 13805584.0 1714904.0 4090724273.0 103586945828.0 2.7282361575e+12 26948221406.0 3071188424.0 133448690265.0 6365.0 1746277.0 14851058515.0 564573347.0 1632067707.0 0.0 115456.0 1296967960.0 1855805104.0 294310815.0 7549.0 291159620.0 60370.0 40098432.0 10616609.0
61794.0 12823690.0 229647.0 317296396.0 7252136272.0 1982.0 208545298.0 11511558.0 980350.0 3049399985.0 116722234982.0 3.9394281632e+12 24165925928.0 2437915370.0 162740027402.0 3530.0 1192024.0 16105094912.0 511099789.0 1117147913.0 0.0 62190.0 1550929635.0 1249463021.0 228093676.0 4016.0 199563142.0 29168.0 21539768.0 4056715.0
54521.0 8074238.0 162392.0 198832206.0 3652605384.0 1482.0 113772509.0 6037987.0 554928.0 1873937904.0 62776654306.5 1.64175576432e+12 11297632330.0 1422809585.0 72807809963.0 3389.0 807426.0 6553675242.0 263850372.0 569085684.0 0.0 44680.0 772981315.0 576352884.0 97712159.0 2932.0 86372631.0 17537.0 8958812.0 1830463.0
53489.0 3743401.0 163207.0 146807752.0 518119159.0 1940.0 57365269.0 3963391.0 644625.0 2118904886.0 20791442171.5 78522677387.0 6066200427.0 1196575359.0 11591098346.0 4586.0 964423.0 1580129928.0 131778901.0 514097379.0 0.0 73056.0 125033521.0 389840712.0 58432108.0 4743.0 57663868.0 28402.0 8875989.0 2799778.0
66695.0 34677528.0 243073.0 413179057.0 44494062366.0 1630.0 464174824.0 23815493.0 917305.0 2561384391.0 299529759634.0 4.81792580896e+13 54352946714.0 2611686894.0 805926713220.0 2495.0 1387650.0 74098724163.0 985959949.0 1147047284.0 0.0 40012.0 11375083459.0 2115838491.0 388888281.0 2765.0 364615950.0 21586.0 26446052.0 3308324.0
49680.0 4187124.0 129185.0 129065446.0 1003427661.0 1041.0 55545821.0 3186812.0 411106.0 1468087461.0 25075282436.0 276794516425.0 5329149773.0 915762520.0 19417369805.0 1602.0 472344.0 1965752479.0 116359501.0 364696024.0 0.0 26642.0 134219451.0 287853083.0 48675929.0 1419.0 41114486.0 12120.0 5467150.0 1355111.0
62384.0 18042506.0 231844.0 318135140.0 15961391986.0 1656.0 269898260.0 12316998.0 989554.0 2651032955.0 158863721958.0 1.30481689558e+13 27956624406.0 2328751789.0 328912908486.0 2720.0 1069638.0 24839291904.0 647847415.0 1023845950.0 0.0 49204.0 1915960236.0 1491145714.0 244922733.0 2986.0 209327293.0 24288.0 23016545.0 4159688.0
57903.0 14408060.0 187249.0 227225631.0 16322191490.0 1725.0 188925795.0 6533839.0 704782.0 2226028590.0 111538934469.0 1.78182337251e+13 11538873772.0 1646820984.0 294840816044.0 3302.0 994682.0 11888167612.0 439997130.0 652577858.0 0.0 55558.0 508268209.0 921089222.0 134920331.0 3683.0 97344949.0 25057.0 11447728.0 2719790.0
51137.0 3375328.0 140853.0 119030641.0 494187784.0 1457.0 47384103.0 3498932.0 478094.0 1598234804.0 17376542438.5 77507864754.0 4472975421.0 927309651.0 10144977019.0 2400.0 689438.0 1490407690.0 102154907.0 388447414.0 0.0 43066.0 165486905.0 265760293.0 47240390.0 2669.0 46343959.0 17972.0 6318504.0 1639078.0
44854.0 2452250.0 89071.0 65450949.0 458356158.0 645.0 24881843.0 1281149.0 187644.0 702938312.0 11214849604.5 98100789557.0 1869026241.0 419475199.0 7089743221.0 559.0 254385.0 586744928.0 47113371.0 125839842.0 0.0 13350.0 37552621.0 89375355.0 13589075.0 905.0 11411971.0 4659.0 1443145.0 366182.0
52733.0 11201609.0 142236.0 168323564.0 10838463604.0 1259.0 132417564.0 4035455.0 416416.0 1404167133.0 83559253624.0 9.96781991144e+12 8040004279.0 1115458908.0 181370006211.0 1906.0 748347.0 7587540381.0 293557626.0 365585449.0 0.0 32690.0 357192628.0 530697248.0 77473641.0 2150.0 50380576.0 13714.0 5066477.0 1150484.0
47803.0 2816439.0 108104.0 85528761.0 469692417.0 1022.0 32387563.0 1780225.0 263831.0 1018010576.0 13861223829.5 87810767025.0 2614947920.0 612639017.0 8316008447.0 1234.0 439223.0 787055109.0 67944849.0 190714884.0 0.0 24166.0 50639628.0 131662016.0 22469949.0 1470.0 17396275.0 8595.0 2255201.0 597040.0
52541.0 5739930.0 144607.0 165049789.0 1804690484.0 1365.0 77233930.0 4104424.0 459111.0 1697495084.0 41138763846.5 577591947922.0 8152632936.0 1165364765.0 34641207796.0 2336.0 681832.0 3162220492.0 171832678.0 462336462.0 0.0 35972.0 294365697.0 392125611.0 61144577.0 2282.0 55497444.0 15422.0 6506340.0 1466585.0
55714.0 20989520.0 154972.0 224299232.0 26419876061.0 1059.0 236554077.0 6933798.0 447461.0 1406517828.0 162018869544.0 2.78048543846e+13 19939199191.0 1325868454.0 421926941797.0 1755.0 673133.0 21760977603.0 500192809.0 438247918.0 0.0 26186.0 2006826917.0 871068360.0 122985509.0 1558.0 88613974.0 11586.0 6100609.0 1218653.0
56380.0 6481741.0 180296.0 203691529.0 2171963111.0 1761.0 99721332.0 5253882.0 708485.0 2416232405.0 49453991847.5 810992959574.0 10683536886.0 1588295153.0 47238929536.0 3989.0 946319.0 4283002100.0 242561430.0 666774174.0 0.0 58498.0 283036173.0 617091571.0 93268088.0 3938.0 81300135.0 25676.0 10800851.0 2909844.0
48935.0 2289662.0 119131.0 82035938.0 194078831.0 1444.0 28020108.0 1994811.0 341700.0 1229361066.0 8580874513.0 17161171371.0 2409857855.0 631205747.0 3578002282.0 3392.0 645072.0 517255667.0 57586483.0 219144492.0 0.0 48926.0 44728455.0 143057270.0 22724260.0 3018.0 21781360.0 16766.0 3235881.0 1016667.0
50805.0 3539213.0 133916.0 121905657.0 600898841.0 1470.0 47878021.0 2828408.0 410364.0 1585244219.0 19626655349.0 113050549850.0 4633972959.0 927677633.0 12172398265.0 3021.0 732561.0 1381969365.0 107128481.0 341722450.0 0.0 44762.0 95382833.0 250842986.0 40986704.0 2695.0 35323078.0 16790.0 4739110.0 1250305.0
51040.0 3847010.0 136311.0 129108183.0 730283193.0 1241.0 52173360.0 2997428.0 440084.0 1581632900.0 22256563025.0 155564414474.0 5199244965.0 961865863.0 14394729735.0 2129.0 609906.0 1596672973.0 113320290.0 370041199.0 0.0 35740.0 99659315.0 284137544.0 45586245.0 2211.0 38387021.0 15205.0 5429319.0 1466982.0
64364.0 23884894.0 240040.0 379534790.0 23919536239.0 1402.0 349560525.0 17253465.0 986636.0 2700615749.0 209108859657.0 2.24439048027e+13 41015580718.0 2586007572.0 469201942389.0 2089.0 1016719.0 43489160037.0 774611805.0 1174652484.0 0.0 36498.0 4158661585.0 1820262929.0 341794661.0 2211.0 291261700.0 19817.0 26017491.0 3959798.0
58438.0 13250515.0 191648.0 267703280.0 10311965087.0 1383.0 187472963.0 7752823.0 742029.0 2406875585.0 111842125993.0 8.01112227604e+12 18689718561.0 1863428221.0 200414940925.0 2074.0 810265.0 13633952957.0 425580711.0 801265725.0 0.0 36336.0 824096208.0 999100791.0 162760710.0 2278.0 121976274.0 18923.0 13344826.0 2979727.0
55983.0 6766121.0 182871.0 216002093.0 1999338384.0 1836.0 105666729.0 6532943.0 724365.0 2397224250.0 51214563651.5 596051073780.0 12107862451.0 1660700576.0 43819547886.0 2948.0 1048254.0 5245289364.0 246710917.0 743997614.0 0.0 57356.0 517266276.0 646934927.0 110626361.0 3888.0 102999657.0 26169.0 12714796.0 2861558.0
51370.0 4666333.0 133060.0 126586974.0 1654523132.0 1225.0 60580723.0 2672208.0 382230.0 1439705956.0 30244441000.0 706464208639.0 4879212532.0 936242880.0 32044014309.0 2328.0 582871.0 2074995248.0 140513177.0 308300506.0 0.0 32170.0 87164290.0 279730919.0 44983462.0 1873.0 31789645.0 12585.0 4046602.0 1062747.0
59930.0 11124741.0 215863.0 278364507.0 5941877271.0 2189.0 177283260.0 11446753.0 920043.0 2777291522.0 93206686081.5 3.18145210277e+12 17294869851.0 2147046966.0 129366353072.0 3896.0 1307977.0 13657969076.0 427140026.0 976370739.0 0.0 67418.0 2281778264.0 1050193753.0 189605341.0 4400.0 191893149.0 32760.0 19445871.0 3859327.0
57112.0 8288179.0 192198.0 225858889.0 4026854979.0 2067.0 127154780.0 6699448.0 793712.0 2509418796.0 66200236792.0 2.19383846598e+12 12623017873.0 1754059858.0 85085758202.0 4603.0 1192365.0 6811628462.0 304256809.0 765526867.0 0.0 70756.0 486450933.0 774722349.0 123965301.0 4695.0 108244188.0 30859.0 13676597.0 3313213.0
59308.0 7059769.0 210192.0 238513839.0 2136493892.0 2484.0 118220163.0 6894087.0 912728.0 2918587788.0 56549477383.5 673945578538.0 13485260203.0 1983210167.0 50530383713.0 5565.0 1392560.0 5483754546.0 297677521.0 884364663.0 0.0 97974.0 363580213.0 801169396.0 132101220.0 6349.0 114925820.0 40669.0 16000637.0 4079068.0
49958.0 5800275.0 122269.0 136894585.0 2479669750.0 968.0 69960533.0 2916160.0 329703.0 1263775612.0 40485891796.5 1.1184417846e+12 6199579356.0 903065664.0 43819423355.0 1098.0 483993.0 2860825291.0 153150098.0 307890939.0 0.0 21352.0 223732766.0 294254453.0 43113701.0 1216.0 34175028.0 8635.0 3507022.0 844266.0
53302.0 5787993.0 153806.0 180719886.0 1530109630.0 1268.0 82818093.0 4846411.0 527413.0 1913679646.0 40992896102.5 389022258663.0 9474291168.0 1296485006.0 30935775579.0 1870.0 669671.0 3703071525.0 181438429.0 553850763.0 0.0 32066.0 323021719.0 455229396.0 77858563.0 1910.0 70089820.0 14398.0 8564585.0 1822268.0
67098.0 31306880.0 263760.0 423069765.0 38756277740.0 1382.0 436616868.0 27694205.0 1171955.0 2989344884.0 269094740638.0 4.26045472846e+13 39609618182.0 2801990257.0 720277577521.0 1923.0 1122097.0 59431822112.0 935677726.0 1397356024.0 0.0 35272.0 16518618282.0 2285091417.0 402253554.0 2234.0 437685593.0 20602.0 35393953.0 5315994.0
52604.0 9112729.0 143238.0 185005909.0 5551753102.0 918.0 114994119.0 4539956.0 440048.0 1549978192.0 71363788273.5 3.23451150658e+12 10830466839.0 1204746308.0 99402408859.0 1388.0 563538.0 6679459900.0 248711052.0 455273035.0 0.0 20618.0 406934722.0 513313652.0 82290138.0 1326.0 60045322.0 9718.0 6196587.0 1331685.0
50949.0 4154073.0 135623.0 137282968.0 834306116.0 1227.0 55788774.0 3364768.0 430593.0 1605398183.0 25123121966.0 177785910377.0 5807255206.0 986658818.0 16194099449.0 1882.0 611112.0 1905650339.0 117263106.0 402058405.0 0.0 32520.0 148250903.0 296900537.0 49160699.0 2278.0 43435247.0 13444.0 5636191.0 1393626.0
53797.0 9990519.0 154136.0 194512504.0 7685240126.0 1216.0 126808822.0 5001397.0 505409.0 1790867685.0 77592217406.5 6.10166238401e+12 10576325672.0 1303001566.0 135931449617.0 1858.0 688406.0 6955273925.0 278681087.0 530447793.0 0.0 32546.0 362739624.0 585448989.0 90122544.0 2180.0 68113280.0 15024.0 7803830.0 1653049.0
53438.0 8051943.0 152162.0 160940709.0 5785247643.0 1303.0 103801429.0 4255285.0 494330.0 1626478817.0 59169855600.0 4.35804195837e+12 6893300370.0 1158373595.0 106056079669.0 2019.0 671728.0 4854001214.0 241012015.0 436023480.0 0.0 34494.0 244264583.0 479199042.0 71720063.0 2224.0 55867367.0 14358.0 6855777.0 1587937.0
57827.0 10681661.0 194133.0 269122373.0 5230448501.0 1607.0 161307867.0 8837854.0 778797.0 2472408938.0 91635402736.5 2.42927468753e+12 19479966409.0 1919166077.0 108557667205.0 2734.0 970970.0 11165252538.0 368000367.0 876142196.0 0.0 48434.0 1165185306.0 934373016.0 156854322.0 3062.0 144028519.0 24862.0 15284548.0 3132210.0
53779.0 4929901.0 164813.0 169182599.0 1106886800.0 1680.0 75118637.0 4485737.0 642693.0 2084811490.0 32275123203.5 275038402522.0 8023528305.0 1322791725.0 24098188300.0 3494.0 844209.0 2825887331.0 173010158.0 560123752.0 0.0 55244.0 202765045.0 475468998.0 74822403.0 3486.0 67867522.0 23670.0 9452841.0 2626591.0
56306.0 17767683.0 166022.0 211989173.0 22447811465.0 1717.0 212898709.0 6310169.0 532510.0 1676035175.0 134013062516.0 2.5370294368e+13 13177553245.0 1401072969.0 376505908323.0 4288.0 1113567.0 16259158203.0 474447979.0 470287382.0 0.0 60064.0 1047463499.0 867910517.0 126262998.0 3601.0 86491400.0 22696.0 7755958.0 1657781.0
53297.0 6519291.0 150239.0 177207172.0 2244140382.0 1248.0 90128871.0 5324986.0 484705.0 1732467292.0 47594069428.0 741345302391.0 9198314996.0 1256308480.0 44224942095.0 1838.0 665640.0 4661453306.0 198645195.0 507806195.0 0.0 30844.0 612198471.0 445951958.0 81548848.0 1823.0 74156900.0 13650.0 7815112.0 1534562.0
63390.0 22568836.0 232784.0 321108872.0 30788613108.0 1828.0 310271226.0 11349729.0 991078.0 2845147245.0 179226444989.0 4.01418531411e+13 23038228323.0 2341684000.0 564611668966.0 3376.0 1280196.0 28541677433.0 712187808.0 1002718115.0 0.0 57528.0 1622933011.0 1628232649.0 259904762.0 3637.0 192165738.0 29376.0 20026376.0 4312757.0
45099.0 2443211.0 89132.0 65032069.0 449356359.0 708.0 25712461.0 1303815.0 179909.0 692179580.0 11135520684.5 91228495746.0 1804651821.0 433163355.0 7448744483.0 953.0 259703.0 659136074.0 51697134.0 120516943.0 0.0 13270.0 41406852.0 88325352.0 15668369.0 828.0 11559936.0 4836.0 1309604.0 323808.0
52589.0 4772873.0 148670.0 161463799.0 1020929353.0 1321.0 68557391.0 3923531.0 522134.0 1875645616.0 30905068053.5 222274669723.0 7732155724.0 1173623122.0 20908214921.0 1780.0 653364.0 2505821179.0 148595766.0 497495276.0 0.0 35380.0 169711227.0 402819159.0 64183518.0 2311.0 56223277.0 15819.0 7883054.0 1936275.0
58491.0 7040665.0 205046.0 238001071.0 2113654211.0 2085.0 117614811.0 7161272.0 901637.0 2889666342.0 55253128642.5 674975446347.0 13450518062.0 1931412480.0 49704956392.0 5056.0 1219144.0 5664676421.0 287570053.0 876733656.0 0.0 73340.0 507660412.0 800655438.0 132568005.0 4367.0 120515270.0 33466.0 15821179.0 4090931.0
54680.0 5664787.0 171699.0 191230174.0 1361016462.0 1283.0 86455921.0 5276810.0 672254.0 2176296633.0 39809715483.0 334224343490.0 10019258350.0 1453020901.0 29090091777.0 2026.0 657554.0 3625290022.0 196383501.0 657406921.0 0.0 34356.0 291253657.0 540490563.0 87431126.0 2212.0 81565834.0 16382.0 11235674.0 2706992.0
51090.0 4535179.0 129596.0 137592986.0 1118856106.0 1117.0 57257322.0 3011844.0 363796.0 1475372196.0 29521153161.0 286139574556.0 5965751061.0 964602211.0 20335573086.0 1907.0 544085.0 1963920216.0 123644324.0 355344442.0 0.0 28662.0 175549272.0 267757004.0 41879567.0 1661.0 36560831.0 10888.0 4281659.0 991054.0
52862.0 10915262.0 142255.0 171279783.0 10263733725.0 914.0 130070153.0 4535495.0 417134.0 1446915302.0 79998974040.0 9.37935634608e+12 7733616834.0 1132596401.0 172571153795.0 1328.0 495132.0 8010511179.0 279806196.0 391255145.0 0.0 20908.0 423309727.0 519823792.0 84488804.0 1067.0 57432204.0 9282.0 5787288.0 1179263.0
56487.0 7945601.0 181486.0 223985630.0 3223745637.0 1763.0 118256529.0 7231120.0 694391.0 2331788107.0 63019465964.0 1.39813038623e+12 12724467826.0 1660669098.0 66713297618.0 3373.0 1021976.0 6762309101.0 274452820.0 736488737.0 0.0 52306.0 860831779.0 679134161.0 110648606.0 3739.0 110296268.0 24852.0 12400616.0 2663983.0
53701.0 5713271.0 163037.0 179035759.0 1565456666.0 1399.0 85227375.0 5262110.0 605594.0 2003593187.0 39732679159.5 442292744530.0 8939255586.0 1349287894.0 33117151529.0 1928.0 717808.0 4036861679.0 190902517.0 577499168.0 0.0 39532.0 373904241.0 494209422.0 86801489.0 2370.0 78400897.0 17300.0 9926026.0 2253393.0
59500.0 12660759.0 209677.0 271853050.0 7561816554.0 1695.0 195112987.0 12920134.0 848699.0 2351272418.0 104263635761.0 4.26256803127e+12 18593899723.0 2023854353.0 159171767947.0 2893.0 994786.0 18028811265.0 450720355.0 884103394.0 0.0 47376.0 2750975509.0 1054974003.0 207320233.0 3125.0 212570949.0 23807.0 21466057.0 3320184.0
55512.0 14493761.0 159249.0 208492881.0 13309704777.0 1290.0 179630187.0 5659566.0 481290.0 1439975189.0 120259632437.0 1.0578849478e+13 15770370095.0 1358100970.0 234875180540.0 2383.0 748055.0 13101983095.0 417969210.0 446139994.0 0.0 37126.0 979647064.0 739716204.0 102641779.0 2088.0 75568428.0 13976.0 6230740.0 1338913.0
74828.0 44475936.0 352400.0 544493836.0 63081210060.0 2313.0 672130916.0 49522685.0 1890743.0 3900174583.0 376621499149.0 7.90024221368e+13 58230481290.0 3889190129.0 1.25500148349e+12 4214.0 1750139.0 108010884526.0 1496527449.0 2030892350.0 0.0 77178.0 38648933406.0 4004902900.0 705001731.0 5446.0 857684696.0 45308.0 69540030.0 10354218.0
53112.0 6415815.0 150216.0 173481025.0 2562391291.0 1326.0 87102793.0 4211607.0 499498.0 1784650992.0 47064341234.5 1.11572955643e+12 8678041031.0 1224267903.0 49300625322.0 1909.0 706674.0 3909930003.0 194871855.0 491694764.0 0.0 37190.0 246255262.0 450860594.0 70414268.0 2507.0 57525550.0 15169.0 6819818.0 1723302.0
48752.0 3632959.0 113997.0 100128900.0 981764176.0 1234.0 42716145.0 2055981.0 288995.0 1125240268.0 21539103524.0 302277757220.0 3366569652.0 708743094.0 17520236215.0 1636.0 546515.0 1181611972.0 94080751.0 225676424.0 0.0 29786.0 67006217.0 176055086.0 27478804.0 2018.0 21107230.0 10893.0 2626466.0 691160.0
47948.0 2318400.0 109470.0 72346463.0 288154082.0 1362.0 26817728.0 1722590.0 278072.0 960334798.0 9484665255.0 44378771259.0 1974616500.0 538820475.0 5254692292.0 2023.0 554612.0 564759437.0 55823134.0 171447201.0 0.0 38406.0 40447853.0 115182595.0 20313840.0 2220.0 16972063.0 11713.0 2463430.0 698710.0
54542.0 4465682.0 170683.0 159846941.0 885373131.0 1980.0 68970219.0 5094869.0 658929.0 2188836462.0 27818871231.0 194254125073.0 6688913930.0 1320506493.0 19809624287.0 4497.0 971688.0 2582492501.0 167294546.0 559254317.0 0.0 70844.0 406592007.0 427512545.0 68112550.0 4581.0 76761092.0 28082.0 9620529.0 2594395.0
54501.0 10658836.0 156498.0 208167490.0 7175385519.0 1143.0 135797529.0 7850653.0 506315.0 1746305835.0 84923609712.0 4.578826207e+12 10796325993.0 1378133330.0 128422048938.0 2051.0 696541.0 8030495995.0 302926373.0 550708652.0 0.0 29004.0 2900032843.0 609076793.0 93483114.0 1826.0 103052766.0 12590.0 7873814.0 1645718.0
50976.0 3837938.0 139165.0 128117779.0 724706378.0 1553.0 53244420.0 3639780.0 452399.0 1615755871.0 21814725416.5 151435182400.0 4967728667.0 971019963.0 14710685955.0 2801.0 759538.0 1914497086.0 116075430.0 387368303.0 0.0 47732.0 220567983.0 283516990.0 50846743.0 3100.0 48435834.0 18523.0 6012892.0 1455284.0
52299.0 3983802.0 149710.0 143657305.0 757679277.0 1283.0 57157429.0 3715419.0 541261.0 1927034657.0 23597823265.5 183702558365.0 5892289053.0 1102083209.0 15760530326.0 2657.0 588835.0 1700635327.0 125927021.0 467044592.0 0.0 40104.0 135520396.0 350627665.0 54049297.0 2115.0 50811370.0 16257.0 7239994.0 2130671.0
49392.0 4405259.0 121585.0 113015883.0 1546471920.0 953.0 54350972.0 2558068.0 340598.0 1210270635.0 27999204062.5 611906671389.0 4240246787.0 795643153.0 28128817879.0 1535.0 438029.0 1839729330.0 119353474.0 271661038.0 0.0 23010.0 95685248.0 241131557.0 38438304.0 1372.0 29398337.0 8629.0 3804860.0 940775.0
60712.0 24047609.0 205572.0 325678672.0 27391970932.0 1459.0 310954357.0 14027659.0 791304.0 2239810799.0 199844753776.0 2.76570489586e+13 33684499756.0 2030071859.0 480139415505.0 2077.0 989133.0 37022737695.0 633834153.0 916102685.0 0.0 39336.0 3777562855.0 1476232495.0 252016047.0 2714.0 215056464.0 21399.0 19114566.0 3103885.0
63425.0 13134867.0 264383.0 373390747.0 5927521547.0 1573.0 231250457.0 17964496.0 1382005.0 3561340470.0 119918646406.0 2.52719635506e+12 29972279707.0 2822475835.0 138781638562.0 2477.0 1036747.0 19141414899.0 528238298.0 1604493703.0 0.0 49450.0 3518712462.0 1658914357.0 300520284.0 2821.0 335778853.0 27498.0 38751034.0 7387073.0
53355.0 5300437.0 158673.0 173004075.0 1354758677.0 1571.0 78293399.0 4434823.0 585460.0 2013123198.0 36271101491.5 370992011684.0 8540548282.0 1300406376.0 28561500877.0 3175.0 777554.0 3065591889.0 178185928.0 544576094.0 0.0 47586.0 214149238.0 468386152.0 74076690.0 2871.0 65047651.0 21127.0 8616678.0 2236406.0
60220.0 27270381.0 188521.0 286318538.0 40846188152.0 1241.0 325209340.0 11864569.0 609637.0 1896149854.0 202448763794.0 5.54494269565e+13 22405474125.0 1800766577.0 664859797616.0 2109.0 854883.0 38660847490.0 688595424.0 651296075.0 0.0 32700.0 4198263953.0 1292501517.0 212342616.0 1799.0 164930263.0 14480.0 11104788.0 1868000.0
54702.0 7520495.0 163586.0 182798780.0 3720386926.0 1438.0 105762987.0 4797810.0 563401.0 1861243186.0 58541138934.0 1.90470978057e+12 9367310573.0 1366036451.0 74727242210.0 3018.0 852605.0 5166909774.0 255433731.0 511234839.0 0.0 46990.0 363171340.0 539050964.0 86862343.0 2871.0 67001156.0 18391.0 7721549.0 1916001.0
53599.0 6300837.0 151369.0 156831759.0 3220213391.0 1640.0 84355889.0 3635525.0 479998.0 1760252957.0 46432261552.0 1.88122960356e+12 6669431845.0 1167646802.0 62116433392.0 3553.0 825035.0 3282248191.0 202648023.0 424035719.0 0.0 52146.0 168474045.0 411677269.0 61143661.0 2906.0 46558989.0 18793.0 5980062.0 1498137.0
54465.0 8438138.0 152296.0 178542927.0 4945684523.0 1369.0 109904474.0 4629511.0 454132.0 1628726789.0 67447570334.0 2.7902281893e+12 9013480382.0 1261609829.0 92812176542.0 2246.0 745029.0 5968925917.0 264064778.0 440037555.0 0.0 35708.0 724443946.0 483790831.0 70558583.0 2008.0 59749307.0 13819.0 5672633.0 1255601.0
58925.0 9532138.0 200735.0 262348281.0 4353722672.0 1635.0 149961413.0 7577472.0 809717.0 2648268740.0 81786942660.5 2.04740922898e+12 17530784970.0 1998845250.0 94211634529.0 2508.0 982237.0 9150723806.0 361531997.0 864364567.0 0.0 48108.0 624399624.0 900551457.0 150433462.0 2852.0 126534495.0 22285.0 15000142.0 3233749.0
52085.0 4607749.0 139287.0 136746566.0 1242113214.0 1222.0 61437133.0 3256550.0 426492.0 1533034376.0 30206043419.5 352370487974.0 5694639053.0 1017160555.0 24169143535.0 1953.0 579195.0 2292559671.0 142629442.0 361515531.0 0.0 32262.0 213066914.0 304780834.0 45632341.0 1907.0 41369083.0 12368.0 4847594.0 1316320.0
52569.0 4523243.0 145207.0 147236415.0 1047154715.0 1412.0 62368853.0 3698303.0 471094.0 1762899939.0 29060860316.0 267289426365.0 6316667358.0 1096535421.0 21079261712.0 2011.0 679844.0 2112967548.0 140467097.0 439205147.0 0.0 37920.0 211375611.0 332275654.0 53543174.0 2367.0 49035837.0 15968.0 6202559.0 1559939.0
54950.0 9175510.0 157226.0 198970875.0 5190320460.0 1346.0 123081710.0 5901081.0 479438.0 1743442321.0 73234824463.0 2.88431336322e+12 10803358734.0 1398898886.0 98407454563.0 2197.0 713366.0 8181860884.0 287446619.0 502390574.0 0.0 32936.0 1051961825.0 548915423.0 93240539.0 2261.0 80239327.0 15280.0 6694217.0 1363823.0
59412.0 46187386.0 168412.0 237976318.0 109770478305.0 985.0 445914786.0 14361715.0 466132.0 1330207948.0 242074805994.0 2.18377756896e+14 8096520356.0 1345057778.0 1.47643941451e+12 1143.0 573390.0 64396106260.0 826633998.0 367896498.0 0.0 19270.0 10668411428.0 1377976663.0 202749246.0 1369.0 164091404.0 9334.0 8066449.0 1221557.0
59422.0 27351519.0 188310.0 270932190.0 44793047109.0 981.0 318820972.0 11929287.0 647285.0 1929673264.0 186103041348.0 6.59972818712e+13 14685879836.0 1722295019.0 712031726727.0 1370.0 743640.0 36840938073.0 651010888.0 647698885.0 0.0 21614.0 4115976043.0 1297786969.0 212446947.0 1222.0 165522539.0 11713.0 13063834.0 2189650.0
54692.0 10866619.0 161080.0 230116670.0 6189467662.0 1139.0 144738620.0 6970138.0 536422.0 1791306977.0 88408205467.5 3.34924127555e+12 17273599895.0 1484693759.0 114057712847.0 1435.0 733140.0 10173029693.0 306811342.0 642200855.0 0.0 25222.0 838214516.0 689620186.0 118309690.0 1676.0 99889503.0 12642.0 10487945.0 1716168.0
50185.0 3715133.0 128359.0 117232873.0 736978179.0 1316.0 47613631.0 2766129.0 365911.0 1381864364.0 21417178377.0 153760887553.0 4436472960.0 865245778.0 13969945484.0 2178.0 615410.0 1485386617.0 103699454.0 315387003.0 0.0 33934.0 111136652.0 223665510.0 38621568.0 2193.0 32425710.0 12706.0 4128799.0 991517.0
49337.0 4655477.0 115544.0 121415472.0 1419056663.0 860.0 54963435.0 2601836.0 284419.0 1167208903.0 30062705785.0 432914081400.0 5040865685.0 812525644.0 24715445833.0 1227.0 439902.0 2145657345.0 117226527.0 270469914.0 0.0 17974.0 186299808.0 216092797.0 35754345.0 949.0 28780947.0 6494.0 2975499.0 638437.0
55000.0 5508498.0 175343.0 182402275.0 1381749661.0 1681.0 85060034.0 6412327.0 675863.0 2191995022.0 37321479068.5 375762303073.0 8591494046.0 1453807271.0 29800368753.0 3099.0 888148.0 4293820140.0 192816266.0 643657365.0 0.0 51770.0 565712964.0 505725791.0 93719980.0 3209.0 99074706.0 22159.0 12235387.0 2578389.0
57329.0 14520771.0 178472.0 230297600.0 13796616787.0 1792.0 190646748.0 6423133.0 629232.0 1981240254.0 120157166696.0 1.18807046588e+13 16010337656.0 1579093040.0 255514863340.0 3974.0 953458.0 13053848378.0 447939038.0 596024734.0 0.0 56552.0 787529297.0 897384588.0 126463371.0 3274.0 94623276.0 22134.0 10019828.0 2170922.0
57847.0 9435838.0 190800.0 232845615.0 5149153350.0 1922.0 139473978.0 7665822.0 728237.0 2411961689.0 77877881112.5 2.94219152282e+12 12617071370.0 1766981929.0 105885798006.0 3686.0 1076952.0 9138546911.0 333075380.0 746351136.0 0.0 63134.0 1090860159.0 763863970.0 129770957.0 3897.0 115596349.0 26475.0 12645846.0 2736249.0
52956.0 5468811.0 154864.0 166896555.0 1638782743.0 1477.0 77544088.0 4387408.0 567040.0 1892906830.0 38323994772.0 537162999935.0 7981059187.0 1232459397.0 32819620970.0 2977.0 776369.0 3066839246.0 172882788.0 516322707.0 0.0 47660.0 250433639.0 448344199.0 69884116.0 3036.0 62387667.0 21617.0 8170300.0 2182287.0
61852.0 18516289.0 224707.0 351291576.0 14241462594.0 1423.0 276168183.0 17453637.0 903641.0 2590138673.0 160177930128.0 1.07526675198e+13 32593707915.0 2390342541.0 282817014272.0 2093.0 1076396.0 31764867169.0 598995018.0 1144380740.0 0.0 36562.0 4358537362.0 1451917353.0 286761009.0 2161.0 284717742.0 19336.0 27667418.0 3406540.0
54988.0 11645719.0 161862.0 186458556.0 11623449790.0 1338.0 145245641.0 4454487.0 542483.0 1766710376.0 90615703414.5 1.11395791843e+13 9040382295.0 1316432042.0 202629350119.0 3322.0 647694.0 7533767479.0 336544058.0 459360692.0 0.0 40310.0 257794421.0 658262915.0 91032204.0 2304.0 60488605.0 15965.0 7024055.0 1810444.0
71849.0 30092578.0 332955.0 483133655.0 35151872415.0 2714.0 497389686.0 26243595.0 1847613.0 4311316781.0 271072782010.0 3.76238540719e+13 48805386993.0 3755998998.0 770711968519.0 5812.0 1856854.0 63433517799.0 1215311488.0 1881835264.0 0.0 104478.0 9780798240.0 3267589431.0 553544963.0 7367.0 513995271.0 57451.0 49575158.0 10759562.0
51788.0 6518208.0 137780.0 161901624.0 2806157368.0 1034.0 84845479.0 4065741.0 416311.0 1568554034.0 46668818105.0 1.29447421771e+12 7711233788.0 1110668910.0 52366005168.0 1902.0 530393.0 4210324026.0 187859210.0 410497701.0 0.0 23416.0 394099232.0 392242947.0 65296932.0 1438.0 52546725.0 10007.0 5306664.0 1255571.0
58714.0 13146381.0 195511.0 269337470.0 9731829146.0 1325.0 186511861.0 8247277.0 769406.0 2342069268.0 114219671328.0 7.02166379156e+12 19851088872.0 1881647569.0 188987111231.0 1822.0 811478.0 13135659938.0 424611882.0 836464582.0 0.0 34522.0 893194747.0 1007385063.0 160396409.0 2055.0 131463185.0 16486.0 15111687.0 3089857.0
54222.0 8044483.0 159029.0 196211219.0 4137185893.0 1364.0 111504879.0 4887813.0 557478.0 1951973165.0 62019215748.0 2.25981776709e+12 10788050436.0 1384202557.0 80374685540.0 2581.0 776187.0 5998409613.0 252720826.0 543499985.0 0.0 40524.0 371028986.0 584079535.0 92357028.0 2515.0 70746511.0 17901.0 8070360.0 2001342.0
54378.0 6251190.0 160352.0 176090461.0 2352669345.0 1568.0 89675733.0 4222276.0 563849.0 1942534813.0 46025936736.0 970226889178.0 8778672378.0 1320620236.0 48550247235.0 2888.0 768855.0 3791160801.0 213139882.0 510778566.0 0.0 47704.0 196007958.0 492247919.0 76639654.0 3027.0 59641710.0 20020.0 7661951.0 2061191.0
66106.0 24687870.0 265187.0 415105444.0 25199543692.0 1695.0 372313101.0 21013068.0 1227335.0 3232745004.0 222564209951.0 2.45796542997e+13 41661652087.0 2900290273.0 503688118701.0 2926.0 1243130.0 45286314773.0 829136824.0 1457673473.0 0.0 53112.0 5939761528.0 2135824237.0 384633272.0 3515.0 365868975.0 27307.0 34194281.0 5755699.0
58075.0 21862287.0 170766.0 265584711.0 26004508332.0 1151.0 261005555.0 9378703.0 522629.0 1741091347.0 177065629345.0 2.65441432768e+13 23639043227.0 1609120938.0 433724233259.0 1499.0 760201.0 27482898065.0 550570275.0 589818886.0 0.0 27184.0 2754377559.0 1020715894.0 168163653.0 1780.0 126204478.0 12033.0 8856255.0 1539409.0
55238.0 6164747.0 171403.0 197135431.0 1698642994.0 1789.0 92352377.0 6083464.0 624731.0 2205147540.0 45146626608.5 461125559269.0 10151714142.0 1501791758.0 35765119265.0 2715.0 963816.0 4561527762.0 210593355.0 650040773.0 0.0 53050.0 560742571.0 525725273.0 92507769.0 3582.0 91197324.0 21854.0 10673964.0 2260595.0
50735.0 4511759.0 130571.0 124607764.0 1633095426.0 1505.0 56769812.0 2568102.0 388108.0 1471227411.0 29516047225.5 727766838175.0 4738924407.0 896408105.0 29912238074.0 2984.0 690206.0 1644341556.0 127261284.0 316493170.0 0.0 45592.0 66964469.0 274819727.0 39210491.0 2770.0 29934333.0 17407.0 4245618.0 1161621.0
50178.0 6551634.0 124697.0 136037904.0 3668864729.0 1051.0 78583966.0 3475898.0 339635.0 1266470077.0 45810256265.0 2.15067475184e+12 5204167171.0 913089476.0 63132668589.0 1688.0 520378.0 4134551965.0 171373724.0 301014688.0 0.0 26350.0 450488666.0 318583735.0 50971055.0 1424.0 40618654.0 10114.0 3699609.0 879197.0
54111.0 7907328.0 155238.0 193498371.0 3688602877.0 1386.0 107573240.0 4894649.0 511037.0 1857561193.0 62121537212.5 1.67409367034e+12 10864146036.0 1352568938.0 71046287871.0 2317.0 770947.0 5957758577.0 239743386.0 521942347.0 0.0 38280.0 423867833.0 533990207.0 89426032.0 2428.0 68397052.0 16803.0 7380986.0 1677822.0
51173.0 4810637.0 135762.0 140317762.0 1427499966.0 1193.0 62755388.0 3393435.0 430664.0 1553043710.0 31770608724.5 467633093419.0 5976760614.0 990741330.0 26802833419.0 1843.0 572061.0 2348816949.0 136434710.0 386955808.0 0.0 30862.0 196524122.0 321121448.0 49211337.0 1819.0 42743902.0 13285.0 5386424.0 1449693.0
50235.0 12759431.0 112876.0 134002432.0 15439515353.0 915.0 128916967.0 2511180.0 243335.0 818833512.0 93194612774.5 1.62695374775e+13 6067203868.0 768645519.0 227457635875.0 1119.0 506770.0 6076612021.0 277383107.0 199128976.0 0.0 19614.0 256054465.0 382338141.0 42273092.0 1200.0 24834290.0 6805.0 2011304.0 453406.0
54691.0 5860152.0 172730.0 188453586.0 1710035589.0 1667.0 89677565.0 5729743.0 688113.0 2235118924.0 41392590016.0 560347203598.0 9122513327.0 1448070518.0 37145738517.0 3786.0 866002.0 3859252807.0 208301219.0 639355976.0 0.0 60602.0 527410693.0 558303167.0 90668685.0 3498.0 86769786.0 23886.0 10830085.0 2890510.0
51743.0 5594172.0 139860.0 140837613.0 2419672225.0 1349.0 73716387.0 3329728.0 429625.0 1505608061.0 38951261354.0 1.19321058198e+12 5888912144.0 1036463890.0 46669843338.0 2398.0 656650.0 2846160933.0 173034812.0 363672976.0 0.0 37448.0 145779381.0 345761369.0 53781838.0 2520.0 42098574.0 14128.0 5297253.0 1274569.0
50709.0 7996528.0 130985.0 141273676.0 6429094838.0 987.0 93076832.0 3029390.0 389703.0 1322653667.0 58781128731.0 5.13070696593e+12 5812534219.0 940201323.0 106150733105.0 1295.0 494655.0 3645462514.0 205749265.0 327080900.0 0.0 25652.0 125263540.0 394743176.0 50190153.0 1317.0 36631027.0 10345.0 4508061.0 1168823.0
56035.0 8626759.0 176388.0 230199813.0 3755839192.0 1389.0 126546910.0 6275562.0 661547.0 2222799837.0 70514870900.5 1.64853643498e+12 14744608592.0 1643965738.0 76546447468.0 2283.0 862303.0 7102170366.0 289607223.0 714029932.0 0.0 37440.0 498216408.0 715505576.0 113871730.0 2491.0 97146507.0 17551.0 11525431.0 2501374.0
54866.0 4056288.0 166608.0 143933875.0 746506296.0 2195.0 61149082.0 3967013.0 582914.0 2015702152.0 24186420450.5 162277131389.0 5575507635.0 1244251162.0 17072605830.0 4339.0 1082294.0 1932104913.0 154265212.0 460029579.0 0.0 74672.0 158129541.0 346620545.0 62104425.0 5015.0 54034176.0 27959.0 7413980.0 1971330.0
62697.0 26870359.0 221304.0 306352485.0 38456757656.0 1765.0 348639185.0 15213437.0 860874.0 2408984973.0 203091838133.0 4.87698405993e+13 19329557235.0 2114339640.0 682747423910.0 3124.0 1195688.0 41057470229.0 780322505.0 831283304.0 0.0 51120.0 6976408815.0 1610556369.0 259066158.0 3884.0 227164493.0 25412.0 17201110.0 3356618.0
53608.0 8243630.0 153911.0 205510061.0 3693067234.0 974.0 110843612.0 5369196.0 516522.0 1841334809.0 65024845757.5 1.62518127382e+12 12707983715.0 1359433855.0 69502188886.0 1195.0 559008.0 6203706454.0 236468000.0 588719409.0 0.0 21324.0 484941488.0 562616954.0 91236293.0 1246.0 75149247.0 9838.0 8639025.0 1727780.0
58816.0 17188725.0 195650.0 259447349.0 20400616606.0 1500.0 226282668.0 8592153.0 767970.0 2311249692.0 131274928012.0 2.34682561652e+13 16067104807.0 1799812109.0 365664295762.0 2386.0 991149.0 17655264829.0 503452015.0 757452243.0 0.0 42534.0 1021181994.0 1121369746.0 174370192.0 2729.0 133092644.0 21025.0 14343632.0 3107775.0
54959.0 8047094.0 164219.0 205932188.0 3304255206.0 1114.0 110653243.0 7254100.0 560191.0 1881979930.0 63750729023.0 1.28317259234e+12 11482836401.0 1450463303.0 63632518682.0 1866.0 659090.0 6217987657.0 256165443.0 609008005.0 0.0 25930.0 1577305202.0 558007932.0 82592279.0 1575.0 101783176.0 12423.0 9225795.0 1880827.0
53757.0 7646563.0 155291.0 198333186.0 3135068428.0 1034.0 103852713.0 6255201.0 517660.0 1832078392.0 58979739760.0 1.28110103452e+12 10809714865.0 1370019797.0 59275819917.0 1692.0 579024.0 5892140456.0 226022559.0 571586753.0 0.0 25380.0 963614438.0 520152452.0 89598749.0 1467.0 86112914.0 11705.0 8380725.0 1729189.0
57308.0 14205540.0 179510.0 227806037.0 14905598867.0 1525.0 183175568.0 6231051.0 651888.0 2046563636.0 114625588103.0 1.50435186361e+13 13777432555.0 1576895138.0 264978502757.0 2825.0 873274.0 11479901350.0 419818092.0 634059192.0 0.0 48188.0 568287192.0 875378328.0 125565772.0 3204.0 92308410.0 21395.0 10475301.0 2464156.0
49602.0 3414757.0 122070.0 105450912.0 687406578.0 1220.0 42690728.0 2333316.0 338394.0 1272866952.0 18639755770.0 160420957365.0 3770571874.0 768640083.0 12984623296.0 2464.0 606962.0 1204441640.0 93894362.0 262121252.0 0.0 36618.0 92132985.0 199924547.0 30618421.0 2377.0 26465355.0 12947.0 3343303.0 915523.0
52467.0 5569509.0 146792.0 157929432.0 1953158804.0 1500.0 75002399.0 3697682.0 496793.0 1690346444.0 39490610277.5 779954328908.0 7373022056.0 1141981079.0 37126753531.0 2784.0 748650.0 2891635563.0 169488116.0 444558025.0 0.0 45974.0 188671396.0 400371720.0 58505018.0 2698.0 50150700.0 19375.0 6395099.0 1720359.0
56780.0 6709846.0 185637.0 221088825.0 1835432395.0 2059.0 105389221.0 6642958.0 727406.0 2467659706.0 50893765316.5 492073932043.0 12584997577.0 1695533026.0 40474626748.0 3255.0 1184747.0 4990850905.0 245674463.0 772865829.0 0.0 63650.0 510184584.0 647476187.0 111259412.0 4952.0 106023165.0 27760.0 13125645.0 2891361.0
62829.0 19050480.0 240481.0 329919315.0 21292111518.0 2042.0 282245211.0 11562435.0 1154605.0 3136710226.0 155676477081.0 2.38046019394e+13 24890269482.0 2429359681.0 419417467871.0 4083.0 1359250.0 23864885445.0 651773341.0 1138487390.0 0.0 66660.0 1240429812.0 1688381628.0 267640390.0 4516.0 209132785.0 34706.0 24479132.0 5876334.0
55737.0 6778442.0 174737.0 206902349.0 2302894650.0 1241.0 101734743.0 5795743.0 663688.0 2264259740.0 51233434225.5 874788679835.0 11205619198.0 1548519398.0 48158263111.0 1943.0 693674.0 4947309899.0 233318796.0 677812616.0 0.0 33046.0 456352864.0 599056770.0 99021663.0 1950.0 88544994.0 15007.0 10799714.0 2598101.0
53727.0 7494484.0 159133.0 179341007.0 4240307163.0 1533.0 101543664.0 4338111.0 594029.0 1909120223.0 57109331670.5 2.63698761787e+12 9020784248.0 1285548115.0 79600422775.0 2912.0 829050.0 4444490830.0 230017440.0 518738201.0 0.0 50420.0 208402066.0 557015616.0 77947058.0 3134.0 62846161.0 21913.0 8407995.0 2375717.0
55483.0 6686817.0 176606.0 212217703.0 2061680889.0 1536.0 103264325.0 5615536.0 698945.0 2352998359.0 50776513253.5 662933470698.0 12146852833.0 1584501144.0 44595380173.0 2164.0 852946.0 4741115333.0 237484411.0 698996537.0 0.0 45240.0 314552725.0 646226180.0 102155846.0 3029.0 89506726.0 21426.0 11955342.0 2841108.0
55750.0 12774949.0 164912.0 201623406.0 13167869492.0 1536.0 159248148.0 5334373.0 541398.0 1810438648.0 100432939892.0 1.30940526524e+13 10111234058.0 1402494291.0 227673336077.0 2872.0 903634.0 9699072282.0 364016846.0 506718638.0 0.0 48458.0 530445609.0 706297962.0 102518669.0 3030.0 73028182.0 18624.0 7796030.0 1725085.0
52589.0 4400310.0 152799.0 153879929.0 851301298.0 1379.0 63663969.0 4516402.0 535350.0 1917982951.0 26953282661.5 175397451560.0 6639994282.0 1169544528.0 17694043373.0 2149.0 661959.0 2372648981.0 140288041.0 503131784.0 0.0 40956.0 341305752.0 364858907.0 62956605.0 2638.0 63166618.0 17454.0 7881252.0 1892557.0
59473.0 8220798.0 225978.0 268889026.0 2719362347.0 1864.0 144274274.0 9836229.0 1114885.0 3057539205.0 65743978076.0 934635348657.0 16775107011.0 2179143337.0 65077801543.0 3016.0 1027380.0 8659313890.0 345565814.0 1087439132.0 0.0 58756.0 895817747.0 1053140900.0 179687314.0 3969.0 180014895.0 31228.0 23176613.0 5728194.0
50415.0 3259973.0 130779.0 107427242.0 515275555.0 1266.0 42989884.0 3055966.0 380256.0 1383141091.0 16544621928.0 87930716789.0 3741398219.0 822854871.0 10150513763.0 2027.0 588759.0 1441497128.0 92071804.0 306037933.0 0.0 36132.0 167635990.0 206346950.0 39863959.0 2150.0 37698253.0 12533.0 4661230.0 1046452.0
56781.0 14477248.0 174748.0 223570866.0 15719075227.0 1570.0 183857897.0 5877027.0 610394.0 1967657887.0 112401560156.0 1.64962357378e+13 13353167924.0 1536075573.0 277275156733.0 2491.0 916870.0 11601414871.0 418660808.0 582237436.0 0.0 41644.0 498787530.0 847513810.0 122751939.0 3289.0 83959875.0 20418.0 8845855.0 2157019.0
50894.0 6774778.0 129260.0 142826731.0 3434464005.0 1051.0 83945527.0 3813932.0 355490.0 1263157891.0 48238422749.0 1.70598043381e+12 6556298889.0 967239302.0 61629220757.0 1726.0 580073.0 4518171244.0 186842330.0 319115845.0 0.0 25068.0 466319438.0 345193534.0 56384180.0 1692.0 46993391.0 10081.0 4239128.0 931145.0
52821.0 4714204.0 149909.0 160328012.0 1010401560.0 1306.0 66557240.0 3785523.0 511917.0 1891107170.0 30733660219.0 226153719809.0 7400698147.0 1178922066.0 20525980137.0 2403.0 667678.0 2284002374.0 147157786.0 485625815.0 0.0 39798.0 165127316.0 382895046.0 60008886.0 2575.0 51551849.0 16001.0 6933093.0 1805292.0
59146.0 14886041.0 191790.0 210963598.0 17735474096.0 2427.0 196897019.0 6335155.0 671459.0 2014302045.0 114823741791.0 1.9827906236e+13 9147440195.0 1612701244.0 330714024873.0 6062.0 1259937.0 12566602712.0 502231532.0 529869206.0 0.0 91084.0 795790446.0 899050082.0 119901927.0 5894.0 89304966.0 30976.0 8983507.0 2211730.0
52223.0 6076165.0 140815.0 151989337.0 2767786371.0 1361.0 78278864.0 3439696.0 428810.0 1571924400.0 44128919440.5 1.41322368675e+12 6919785442.0 1074342770.0 51406454353.0 2241.0 735765.0 2949554811.0 179766047.0 395436640.0 0.0 38122.0 182446827.0 369828541.0 53275048.0 2428.0 43514251.0 14289.0 5170300.0 1281748.0
54104.0 7607632.0 159174.0 191597951.0 3012256930.0 1224.0 105794850.0 6881838.0 531889.0 1748926925.0 57051334758.5 1.11094057544e+12 10689632900.0 1356691957.0 58413403185.0 1897.0 684222.0 6760768393.0 235512783.0 560823179.0 0.0 30230.0 1164196447.0 522209490.0 88659075.0 1825.0 98794430.0 13225.0 9391320.0 1695072.0
57379.0 10451656.0 196320.0 251498258.0 6229812747.0 1569.0 156964275.0 8928237.0 854032.0 2523852002.0 84789365068.0 3.92825646411e+12 14861404822.0 1824679290.0 126320774736.0 3044.0 857096.0 11105729482.0 356829344.0 856587438.0 0.0 46342.0 1338269428.0 945951228.0 151870338.0 2979.0 145025354.0 23845.0 16543361.0 3949812.0
57118.0 6174773.0 190939.0 211679802.0 1700392120.0 2111.0 99853012.0 5627824.0 787145.0 2603435208.0 46488926370.5 518784164251.0 11142103217.0 1731300431.0 39185254751.0 4719.0 1122488.0 4109510549.0 249532533.0 732977572.0 0.0 76204.0 277472061.0 654243238.0 103457204.0 4833.0 89466704.0 31974.0 12219060.0 3302705.0
56908.0 7560679.0 190883.0 246714757.0 2369154965.0 1817.0 121108947.0 6480067.0 827774.0 2684581549.0 60768080525.0 751246386613.0 15650452779.0 1824494443.0 52407119801.0 3143.0 1010833.0 5871221168.0 274676453.0 852490850.0 0.0 56332.0 353031994.0 826473529.0 125796475.0 3707.0 109943673.0 27523.0 15198661.0 3727111.0
59228.0 12966807.0 203886.0 268431186.0 10194588087.0 1414.0 190696369.0 8239328.0 822196.0 2497148351.0 107978422206.0 8.41365521952e+12 17824673710.0 1989510629.0 203775956036.0 2134.0 853922.0 13538851792.0 450587102.0 846948148.0 0.0 36008.0 788211988.0 1050886194.0 175416671.0 2152.0 134651355.0 17768.0 15359850.0 3332910.0
56177.0 8233958.0 181817.0 231462693.0 3188809413.0 1523.0 125102624.0 7117901.0 717840.0 2315781786.0 65832140530.0 1.22445309335e+12 14328429475.0 1694171079.0 66972936007.0 2561.0 863494.0 7342320744.0 286107319.0 754466728.0 0.0 44212.0 803002692.0 738050024.0 123210944.0 2691.0 112667818.0 20827.0 13042519.0 2860196.0
49705.0 2324207.0 125573.0 80387373.0 216025737.0 1384.0 28919049.0 2192035.0 366213.0 1194655524.0 8907364866.0 22663183497.0 2281442374.0 646839780.0 4116802452.0 2992.0 566774.0 565628552.0 62173904.0 227223370.0 0.0 43552.0 52886615.0 142008948.0 24883741.0 2763.0 24199708.0 14877.0 3626317.0 1051314.0
53258.0 7622511.0 154338.0 179653644.0 4286081562.0 1452.0 101783711.0 4197057.0 542590.0 1841167047.0 58618725423.0 2.60728662359e+12 9218187547.0 1261966517.0 79537210324.0 2344.0 716850.0 4521770651.0 230123905.0 499732968.0 0.0 44334.0 205367593.0 533490127.0 76700121.0 2863.0 58812187.0 19391.0 7587245.0 1977656.0
56304.0 10381281.0 180817.0 255577207.0 5053362407.0 1452.0 147199190.0 10783297.0 716099.0 2287048878.0 84196796475.0 2.37057371824e+12 16175462170.0 1703957043.0 95397181009.0 2334.0 857747.0 11463534925.0 302999460.0 841513434.0 0.0 41348.0 2652195096.0 819884648.0 140108936.0 2764.0 161945049.0 21468.0 15523602.0 2980018.0
45707.0 1886812.0 92461.0 55695365.0 188585311.0 899.0 18965205.0 1150878.0 194719.0 698948086.0 6514796417.0 21212031269.0 1325384024.0 383957453.0 2989487897.0 1218.0 322507.0 310343542.0 36323171.0 107525974.0 0.0 20074.0 22091566.0 68680076.0 11206816.0 1251.0 9504694.0 6251.0 1300075.0 378758.0
50285.0 5139489.0 131070.0 130783580.0 1868842729.0 1157.0 65993852.0 3242329.0 393864.0 1300471499.0 34009128598.5 738718652473.0 5527428337.0 923807668.0 35139314192.0 1484.0 567460.0 2827127471.0 145491667.0 330123322.0 0.0 29410.0 192337527.0 306418727.0 49964136.0 1819.0 40502142.0 12483.0 4668849.0 1174149.0
47518.0 2809393.0 106301.0 85063634.0 454956201.0 749.0 32288398.0 2061841.0 261615.0 990453360.0 13466607595.0 80422079451.0 2597887566.0 599813460.0 7848071749.0 952.0 292390.0 824908628.0 65497529.0 200981648.0 0.0 15876.0 121617451.0 133171761.0 24198455.0 797.0 21285142.0 5725.0 2426482.0 636642.0
53824.0 7945556.0 156298.0 191475752.0 3619337136.0 1313.0 107291719.0 5784573.0 522211.0 1735207684.0 61909330223.5 1.59479146161e+12 10565801152.0 1336595291.0 68368958800.0 2529.0 747358.0 6077530123.0 241926824.0 539051214.0 0.0 33236.0 882513087.0 528202045.0 83931157.0 2405.0 80727289.0 14439.0 8121927.0 1728505.0
49221.0 4859447.0 116675.0 115342724.0 1939822801.0 950.0 56921086.0 2455825.0 311277.0 1092505173.0 32396099614.0 835593853263.0 4589123669.0 764187069.0 32976629060.0 1315.0 413337.0 2101428213.0 122379396.0 260551517.0 0.0 20182.0 130137119.0 240026556.0 34432803.0 1242.0 27856357.0 7563.0 3214495.0 839412.0
60284.0 30034563.0 193993.0 250963135.0 59261357650.0 1462.0 342248233.0 8962838.0 682654.0 2008577520.0 182709361059.0 1.01756349432e+14 11751122174.0 1690067279.0 931077022562.0 2511.0 897913.0 31867162878.0 721422389.0 597964670.0 0.0 42104.0 1431469820.0 1385013243.0 204312287.0 2587.0 130792902.0 19650.0 12260922.0 2380726.0
49147.0 5628473.0 116555.0 120504294.0 2638273865.0 1045.0 66548063.0 2541315.0 293415.0 1069605608.0 39102054801.0 1.22873895266e+12 5066583823.0 801183462.0 46169930254.0 1439.0 522331.0 2784119925.0 149416925.0 249582122.0 0.0 25370.0 156227116.0 258391446.0 38899329.0 1674.0 28007916.0 9367.0 2846535.0 670362.0
53846.0 4068049.0 156798.0 146677646.0 740170161.0 1613.0 60028949.0 3546244.0 542323.0 1984576423.0 24410470498.5 155713776958.0 6017112823.0 1189681342.0 16257415736.0 3348.0 748934.0 1820389467.0 143195334.0 452726458.0 0.0 50002.0 111124948.0 352260233.0 57622193.0 2940.0 47994094.0 20146.0 6757510.0 1931617.0
58613.0 17101563.0 191900.0 255610500.0 20388575897.0 1291.0 222053556.0 7357996.0 743985.0 2219577032.0 134755883602.0 2.33650537259e+13 16933114232.0 1765546905.0 358671736775.0 2402.0 757252.0 15738434762.0 498644960.0 718777378.0 0.0 39124.0 712414921.0 1098017923.0 161587433.0 2106.0 115435301.0 18617.0 12713880.0 3016591.0
52593.0 4395087.0 148500.0 147259462.0 997173417.0 1584.0 62875443.0 3896456.0 509474.0 1856780505.0 27251301819.0 268478986396.0 6231451625.0 1116046460.0 20891544969.0 3179.0 769333.0 2186244669.0 142792302.0 455999277.0 0.0 49308.0 200479503.0 358587946.0 58388135.0 3267.0 53418483.0 19079.0 6890361.0 1845366.0
48586.0 5386304.0 116411.0 127160633.0 2060393239.0 825.0 64365532.0 2678301.0 321272.0 1137736185.0 36375101557.5 770377812953.0 5911714012.0 820422139.0 35650123119.0 1363.0 416048.0 2585679447.0 134128872.0 290050815.0 0.0 19946.0 137624943.0 281041616.0 42725761.0 1156.0 31808374.0 7939.0 3793197.0 887478.0
54829.0 6278905.0 159790.0 180664861.0 2329103093.0 1432.0 89579515.0 4503331.0 532184.0 2004791623.0 46566741985.0 985980720946.0 8710252064.0 1355150436.0 47377614059.0 2468.0 806600.0 4113804657.0 208629215.0 523362425.0 0.0 39354.0 255819320.0 470473665.0 81619530.0 2403.0 62436017.0 16476.0 7589830.0 1764551.0
64088.0 19452339.0 251848.0 351055504.0 21895739527.0 1963.0 292087402.0 13514688.0 1217798.0 3368994102.0 161716211642.0 2.51508692865e+13 24877307345.0 2624435052.0 430565409464.0 3947.0 1235551.0 26147411382.0 672861789.0 1292322696.0 0.0 66392.0 1851786819.0 1779059122.0 291001784.0 4172.0 244928072.0 35335.0 28296302.0 6130971.0
51654.0 4925908.0 143985.0 153331365.0 1310529678.0 1333.0 68400896.0 3966933.0 484788.0 1737521986.0 32390676499.0 390443101531.0 6993836728.0 1115012632.0 25953763346.0 2525.0 699167.0 2615634201.0 149979301.0 455671884.0 0.0 40292.0 255142451.0 373848610.0 60793266.0 2243.0 54025783.0 17054.0 6761020.0 1651964.0
49477.0 3108941.0 120923.0 103708008.0 481401304.0 1056.0 39280630.0 2261606.0 338564.0 1315371951.0 15725552394.0 84398756861.0 3597811716.0 757943812.0 9257192548.0 1737.0 461758.0 1037301096.0 84274240.0 263620247.0 0.0 27796.0 73377436.0 191753297.0 31153702.0 1610.0 26048968.0 10321.0 3406627.0 953326.0
50533.0 6879493.0 130187.0 150033592.0 3891801285.0 1103.0 83468203.0 3389434.0 384085.0 1394840916.0 50049514461.5 2.37334056665e+12 7128393855.0 993769568.0 66356748314.0 1326.0 576891.0 3514849604.0 178363570.0 372136468.0 0.0 24320.0 185989187.0 369750123.0 56388834.0 1642.0 42121831.0 10769.0 4887346.0 1125357.0
54680.0 8174294.0 165174.0 187876060.0 4961828728.0 1458.0 112096024.0 5086774.0 596282.0 1957677360.0 63082481075.0 3.25037280971e+12 9392269825.0 1356558702.0 95260668215.0 2007.0 753444.0 5662948563.0 255739930.0 560681071.0 0.0 42368.0 299992081.0 584523483.0 92519732.0 2984.0 72202716.0 17870.0 9082354.0 2255786.0
53390.0 5628990.0 164223.0 176983073.0 1605778558.0 1473.0 85398611.0 5382270.0 644224.0 2023865209.0 38073276534.0 509814847479.0 8853016045.0 1332928314.0 34503679014.0 2298.0 763104.0 3943842460.0 189472267.0 595139524.0 0.0 45570.0 340203454.0 521016742.0 89348597.0 2970.0 81998909.0 21085.0 10866055.0 2645113.0
53499.0 12144926.0 143992.0 163493681.0 14121328168.0 1276.0 139048197.0 3437936.0 422104.0 1454411399.0 90497704355.0 1.50350135997e+13 7033330721.0 1078702099.0 230311965167.0 1996.0 668260.0 6095478844.0 313868035.0 361514136.0 0.0 34368.0 153020475.0 547106859.0 67169282.0 2130.0 42318009.0 13760.0 4990562.0 1223147.0
57170.0 13443062.0 182517.0 271639381.0 8955868364.0 991.0 185069587.0 10587943.0 654653.0 2127000811.0 112029998001.0 5.76264163588e+12 20939786088.0 1776578593.0 166658062026.0 1153.0 704287.0 16923280583.0 383940018.0 825926906.0 0.0 23236.0 2002769764.0 906454615.0 172309178.0 1225.0 158340613.0 11107.0 15692970.0 2257182.0
48355.0 2628862.0 114391.0 90697670.0 308301681.0 987.0 31501019.0 2205705.0 314810.0 1216018709.0 11656138455.5 38530430444.0 2858580894.0 648042477.0 5451468039.0 1892.0 417275.0 745656184.0 61556228.0 242068134.0 0.0 26472.0 84010761.0 153291486.0 25036482.0 1515.0 24268799.0 9257.0 3196756.0 897524.0
60033.0 17160814.0 204091.0 312508731.0 12564202739.0 1169.0 241200815.0 16016101.0 760186.0 2213056774.0 148025190668.0 8.21746066435e+12 26315492386.0 2076644455.0 239902539239.0 1491.0 869958.0 26114894054.0 522886795.0 944504817.0 0.0 26310.0 5500400146.0 1164801059.0 222496262.0 1485.0 242062735.0 13836.0 19414392.0 2729363.0
53378.0 4778955.0 155204.0 155471200.0 1121419705.0 1557.0 69092454.0 4716989.0 535441.0 1887553244.0 30714336353.0 282647619609.0 6689871150.0 1203577732.0 23439469400.0 2818.0 787036.0 2682363775.0 156479010.0 496476693.0 0.0 45870.0 400703306.0 381344467.0 68672196.0 2698.0 65771489.0 18125.0 7848374.0 1885071.0
48506.0 2296246.0 114736.0 76679766.0 239372255.0 1353.0 27083686.0 1827105.0 303303.0 1088827790.0 8990210281.0 30622299756.0 2153934413.0 579382010.0 4412110374.0 2746.0 523124.0 532489763.0 55729186.0 190616046.0 0.0 39210.0 36332370.0 123862915.0 21510600.0 2164.0 18511781.0 12512.0 2716372.0 783769.0
61211.0 31384027.0 201076.0 307912992.0 52313684868.0 1126.0 370479751.0 13335015.0 735358.0 2033666352.0 221884151295.0 7.85596012488e+13 27653233290.0 1886868235.0 837961951669.0 1649.0 897158.0 45908346415.0 747143040.0 769379891.0 0.0 26866.0 3985213154.0 1576741462.0 249996657.0 1668.0 195400576.0 13397.0 15757579.0 2755807.0
60450.0 16815442.0 211539.0 272682359.0 18817958973.0 1914.0 234556110.0 8705679.0 865314.0 2565270526.0 134135728444.0 2.05914286483e+13 16897414053.0 2026308621.0 355685842985.0 3729.0 1094703.0 18257050445.0 555002420.0 822266993.0 0.0 61930.0 1023106728.0 1234547199.0 191189841.0 4050.0 141595903.0 29263.0 15507597.0 3557455.0
54773.0 4428524.0 176199.0 174443563.0 672439779.0 1717.0 70851709.0 5446543.0 746689.0 2361589822.0 26876153328.0 100788969557.0 8097689789.0 1386023158.0 15117457282.0 2892.0 843538.0 2459200081.0 157788720.0 679021040.0 0.0 54712.0 277050969.0 498028652.0 78244452.0 3679.0 86412350.0 25299.0 12624374.0 3422794.0
60050.0 30824473.0 187746.0 248826781.0 57175318597.0 1620.0 345711440.0 11107120.0 619295.0 1795486442.0 201572028847.0 9.14906868013e+13 10874821328.0 1615839409.0 889600405981.0 2637.0 964860.0 37466303449.0 738140822.0 528963852.0 0.0 46922.0 5346254195.0 1322863510.0 185116764.0 3944.0 146045294.0 21708.0 9871248.0 2002936.0
58781.0 8581879.0 206917.0 247519534.0 3531034625.0 1911.0 139999486.0 7909972.0 858466.0 2662863933.0 70100948134.5 1.52818961678e+12 15041754543.0 1993626650.0 80249194259.0 3822.0 1046420.0 8248442538.0 348628900.0 875356837.0 0.0 60398.0 630036266.0 858516741.0 153710798.0 4043.0 131963605.0 27810.0 15899614.0 3506202.0
53070.0 6038088.0 147919.0 168433419.0 2013422208.0 1206.0 82168635.0 4688506.0 471566.0 1734412917.0 43818850298.0 660122640999.0 8133958684.0 1209909529.0 39506102632.0 1801.0 620655.0 3566895302.0 189616695.0 467681502.0 0.0 31848.0 603156249.0 409969689.0 64148043.0 1831.0 62830665.0 13172.0 6476232.0 1486480.0
56009.0 6331349.0 180995.0 219863373.0 1586090290.0 1510.0 99398841.0 5784289.0 748964.0 2502817787.0 47391687510.0 396914942152.0 12537163566.0 1645294083.0 34764427567.0 2083.0 832187.0 4243699248.0 224301347.0 765814061.0 0.0 42064.0 307012781.0 665856880.0 101370866.0 2705.0 92678644.0 20248.0 12757569.0 3308373.0
51576.0 5410552.0 138512.0 138892142.0 2338737566.0 1334.0 71077823.0 3228802.0 434789.0 1544470465.0 37271886922.5 1.17183086156e+12 5668548653.0 1010042962.0 44417790344.0 2564.0 636048.0 2722295297.0 163721984.0 360648463.0 0.0 39902.0 154399071.0 346614468.0 52228677.0 2517.0 41018627.0 15916.0 5039756.0 1384000.0
55934.0 15437945.0 166819.0 226968480.0 17141698191.0 1185.0 190791494.0 6667980.0 555795.0 1837020731.0 118025702326.0 1.83377298045e+13 14053802434.0 1490788933.0 290128375401.0 1883.0 769541.0 14155060282.0 410935325.0 572592556.0 0.0 32430.0 813150569.0 836373254.0 132129774.0 1785.0 95974342.0 14437.0 9250561.0 1805327.0
52862.0 4730554.0 152418.0 147622480.0 1306086796.0 1601.0 67653693.0 3651039.0 533488.0 1807977543.0 30824440625.5 425648153562.0 6286852191.0 1139939490.0 27380404493.0 2353.0 767459.0 2451272867.0 158156580.0 436059555.0 0.0 48264.0 150129880.0 380910569.0 60237620.0 3208.0 50129682.0 20381.0 6849869.0 1925050.0
48221.0 3273198.0 111097.0 95425058.0 783456845.0 1153.0 38566196.0 2042554.0 282304.0 1140610573.0 17880979347.0 241060818858.0 3069219056.0 673184646.0 13987320260.0 1898.0 490846.0 1049422685.0 82228471.0 221011539.0 0.0 30140.0 69977482.0 165299361.0 26206962.0 1640.0 21269832.0 10985.0 2654675.0 697426.0
51658.0 5197414.0 141536.0 150729196.0 1398605910.0 1393.0 71977877.0 4675708.0 456621.0 1581974866.0 33609730808.0 367174896558.0 6956604342.0 1092030062.0 27603629993.0 2151.0 692291.0 3560008281.0 154593629.0 432290983.0 0.0 33360.0 436110488.0 360655990.0 67681488.0 2357.0 65349712.0 14662.0 7257429.0 1458476.0
53501.0 4327752.0 156396.0 158523158.0 730990243.0 1235.0 63459175.0 4291842.0 549499.0 2008376016.0 26631683317.0 121497727542.0 6905806405.0 1230841998.0 15397643517.0 2028.0 592770.0 2168733398.0 141977935.0 522101706.0 0.0 34556.0 214433505.0 373075892.0 62964396.0 1792.0 60581190.0 14850.0 7986213.0 1995056.0
54543.0 6542555.0 164460.0 167662348.0 3279687293.0 1797.0 92342722.0 4187242.0 587450.0 1934488467.0 48314245812.0 1.88860624129e+12 7499216698.0 1295348184.0 65719220922.0 3640.0 909147.0 3865014161.0 224045019.0 493392295.0 0.0 61032.0 184032637.0 496370082.0 75098666.0 3642.0 58336597.0 23961.0 7844012.0 2106847.0
60534.0 25057670.0 196272.0 275123033.0 41054949723.0 1338.0 303344403.0 8803362.0 713768.0 2208827218.0 177716550844.0 6.11360262962e+13 17739046992.0 1836716684.0 677698459817.0 1880.0 816127.0 26983970484.0 652106229.0 699442938.0 0.0 33576.0 1214519265.0 1328566591.0 202941044.0 2128.0 134116811.0 17188.0 12707022.0 2681275.0
56860.0 7754632.0 185962.0 187354724.0 4856956629.0 2132.0 113900939.0 5049241.0 725927.0 2275736123.0 59644155277.5 3.40033772327e+12 8252546731.0 1531485628.0 100213858161.0 4584.0 1050092.0 5073095407.0 293019370.0 581139091.0 0.0 79554.0 241377964.0 644397956.0 93523902.0 5180.0 75118902.0 30163.0 9938492.0 2881367.0
53327.0 17264569.0 142521.0 161292210.0 26716988028.0 1117.0 183789836.0 3799800.0 409823.0 1256264725.0 115209651626.0 3.55611670052e+13 5671709306.0 1021086346.0 407025222548.0 1863.0 627623.0 10061158533.0 394308694.0 298630097.0 0.0 29644.0 275849062.0 654622988.0 79277582.0 1734.0 45141532.0 11898.0 4627540.0 1141201.0
50665.0 4743828.0 129052.0 124664044.0 1804627269.0 1110.0 60167383.0 2893697.0 365471.0 1375014610.0 30928404670.5 812784652458.0 4704496743.0 893203354.0 34124374946.0 1791.0 533652.0 2200841519.0 135537205.0 311905202.0 0.0 27192.0 125235405.0 270679696.0 44406705.0 1591.0 33840794.0 10634.0 4059297.0 1028292.0
