5180.0 14946.0 3.0 43184.0 14739.0 10.0 24.0 0.0 0.0 124255.0 64005.0 11276.0 57.0 65.0 30.0 23.0 112.0 0.0 0.0 0.0 0.0 0.0 0.0 0.0 0.0 0.0 0.0 0.0 0.0 0.0
5092.0 14131.0 2.0 39030.0 12842.0 7.0 10.0 0.0 0.0 107105.0 52969.5 8481.0 16.0 35.0 8.0 15.0 81.0 0.0 0.0 0.0 0.0 0.0 0.0 0.0 0.0 0.0 0.0 0.0 0.0 0.0
5222.0 14983.0 0.0 43083.0 14385.0 9.0 0.0 0.0 0.0 124795.0 62403.5 10336.0 0.0 0.0 0.0 16.0 93.0 0.0 0.0 0.0 0.0 0.0 0.0 0.0 0.0 0.0 0.0 0.0 0.0 0.0
5031.0 13957.0 6.0 38659.0 13137.0 6.0 54.0 0.0 0.0 106969.0 54607.5 9782.0 169.0 166.0 71.0 11.0 96.0 0.0 0.0 0.0 0.0 2.0 0.0 0.0 0.0 0.0 0.0 0.0 0.0 0.0
4932.0 13160.0 2.0 35063.0 11433.0 8.0 11.0 0.0 0.0 93120.0 45381.0 7268.0 20.0 26.0 11.0 24.0 75.0 0.0 0.0 0.0 0.0 0.0 0.0 0.0 0.0 0.0 0.0 0.0 0.0 0.0
5063.0 14183.0 3.0 39798.0 13193.0 8.0 21.0 0.0 0.0 111563.0 55382.5 9117.0 54.0 59.0 22.0 18.0 79.0 0.0 0.0 0.0 0.0 0.0 0.0 0.0 0.0 0.0 0.0 0.0 0.0 0.0
5121.0 14532.0 3.0 41296.0 13977.0 5.0 26.0 0.0 0.0 117528.0 59449.0 10210.0 58.0 67.0 44.0 20.0 57.0 0.0 0.0 0.0 0.0 0.0 0.0 0.0 0.0 0.0 0.0 0.0 0.0 0.0
5093.0 14186.0 2.0 39621.0 13199.0 8.0 17.0 0.0 0.0 110669.0 55381.5 9193.0 48.0 53.0 18.0 20.0 95.0 0.0 0.0 0.0 0.0 0.0 0.0 0.0 0.0 0.0 0.0 0.0 0.0 0.0
5049.0 13979.0 3.0 38558.0 12788.0 7.0 25.0 0.0 0.0 106061.0 52642.5 8605.0 63.0 77.0 30.0 12.0 72.0 0.0 0.0 0.0 0.0 0.0 0.0 0.0 0.0 0.0 0.0 0.0 0.0 0.0
5126.0 14370.0 3.0 40222.0 13185.0 4.0 26.0 0.0 0.0 112432.0 54953.5 8777.0 75.0 67.0 37.0 16.0 41.0 0.0 0.0 0.0 0.0 0.0 0.0 0.0 0.0 0.0 0.0 0.0 0.0 0.0
5110.0 14424.0 4.0 40231.0 13783.0 9.0 34.0 0.0 0.0 112697.0 57192.5 10007.0 88.0 91.0 42.0 13.0 96.0 0.0 0.0 0.0 0.0 0.0 0.0 0.0 0.0 0.0 0.0 0.0 0.0 0.0
5237.0 15012.0 2.0 42747.0 14236.0 13.0 19.0 0.0 0.0 121454.0 60646.5 9889.0 67.0 65.0 26.0 19.0 151.0 0.0 0.0 0.0 0.0 0.0 0.0 0.0 0.0 0.0 0.0 0.0 0.0 0.0
5070.0 13940.0 3.0 38384.0 12578.0 4.0 21.0 0.0 0.0 105973.0 52117.5 8295.0 36.0 86.0 28.0 15.0 47.0 0.0 0.0 0.0 0.0 0.0 0.0 0.0 0.0 0.0 0.0 0.0 0.0 0.0
4980.0 13580.0 2.0 37354.0 12408.0 8.0 16.0 0.0 0.0 102684.0 51777.0 8769.0 34.0 38.0 23.0 13.0 89.0 0.0 0.0 0.0 0.0 0.0 0.0 0.0 0.0 0.0 0.0 0.0 0.0 0.0
5232.0 15083.0 1.0 43444.0 14353.0 12.0 10.0 0.0 0.0 124896.0 62086.5 10000.0 31.0 36.0 14.0 24.0 138.0 0.0 0.0 0.0 0.0 0.0 0.0 0.0 0.0 0.0 0.0 0.0 0.0 0.0
5137.0 14545.0 5.0 41157.0 13685.0 17.0 45.0 0.0 0.0 116809.0 58304.0 9527.0 130.0 136.0 57.0 17.0 192.0 0.0 0.0 0.0 0.0 0.0 0.0 0.0 0.0 0.0 0.0 0.0 0.0 0.0
5213.0 14990.0 3.0 43226.0 14408.0 9.0 24.0 0.0 0.0 124850.0 62421.5 10431.0 57.0 75.0 34.0 27.0 99.0 0.0 0.0 0.0 0.0 0.0 0.0 0.0 0.0 0.0 0.0 0.0 0.0 0.0
5041.0 14071.0 3.0 39324.0 13097.0 9.0 26.0 0.0 0.0 109510.0 54672.0 9108.0 69.0 68.0 31.0 26.0 97.0 0.0 0.0 0.0 0.0 0.0 0.0 0.0 0.0 0.0 0.0 0.0 0.0 0.0
5086.0 14072.0 3.0 39045.0 12931.0 5.0 19.0 0.0 0.0 107929.0 54011.5 8939.0 35.0 60.0 21.0 11.0 57.0 0.0 0.0 0.0 0.0 0.0 0.0 0.0 0.0 0.0 0.0 0.0 0.0 0.0
5168.0 14710.0 2.0 41800.0 13966.0 7.0 11.0 0.0 0.0 118122.0 59231.5 9973.0 18.0 33.0 9.0 22.0 96.0 0.0 0.0 0.0 0.0 0.0 0.0 0.0 0.0 0.0 0.0 0.0 0.0 0.0
5154.0 14341.0 3.0 39892.0 13077.0 10.0 20.0 0.0 0.0 110451.0 54807.0 8864.0 44.0 54.0 27.0 17.0 124.0 0.0 0.0 0.0 0.0 0.0 0.0 0.0 0.0 0.0 0.0 0.0 0.0 0.0
38192.0 226372.0 37.0 1341241.0 449175.0 159.0 669.0 1.0 0.0 7943163.0 3990914.0 674072.0 4014.0 4050.0 1946.0 722.0 3767.0 5.0 1.0 15.0 0.0 8.0 0.0 0.0 0.0 0.0 0.0 0.0 0.0 0.0
5075.0 14112.0 2.0 39119.0 13012.0 4.0 11.0 0.0 0.0 108129.0 53813.0 9004.0 19.0 45.0 6.0 13.0 44.0 0.0 0.0 0.0 0.0 0.0 0.0 0.0 0.0 0.0 0.0 0.0 0.0 0.0
5046.0 13775.0 5.0 37515.0 12327.0 5.0 40.0 0.0 0.0 102203.0 50263.5 7931.0 108.0 111.0 51.0 13.0 60.0 0.0 0.0 0.0 0.0 0.0 0.0 0.0 0.0 0.0 0.0 0.0 0.0 0.0
38134.0 225910.0 39.0 1339420.0 447086.0 166.0 645.0 0.0 0.0 7937420.0 3978769.0 664180.0 3543.0 3780.0 1845.0 704.0 3932.0 0.0 0.0 0.0 0.0 10.0 0.0 0.0 0.0 0.0 0.0 0.0 0.0 0.0
5131.0 14529.0 4.0 40930.0 13876.0 13.0 39.0 0.0 0.0 115426.0 58070.0 10136.0 116.0 121.0 63.0 24.0 139.0 0.0 0.0 0.0 0.0 2.0 0.0 0.0 0.0 0.0 0.0 0.0 0.0 0.0
5122.0 14513.0 3.0 40796.0 13685.0 9.0 23.0 0.0 0.0 115017.0 57100.5 9608.0 51.0 56.0 26.0 18.0 102.0 0.0 0.0 0.0 0.0 0.0 0.0 0.0 0.0 0.0 0.0 0.0 0.0 0.0
5148.0 14422.0 1.0 40012.0 13296.0 1.0 8.0 0.0 0.0 111071.0 54737.5 9094.0 21.0 21.0 7.0 18.0 8.0 0.0 0.0 0.0 0.0 0.0 0.0 0.0 0.0 0.0 0.0 0.0 0.0 0.0
5145.0 14451.0 6.0 40302.0 13654.0 7.0 57.0 0.0 0.0 112380.0 56876.0 9920.0 154.0 149.0 99.0 21.0 98.0 0.0 0.0 0.0 0.0 0.0 0.0 0.0 0.0 0.0 0.0 0.0 0.0 0.0
5144.0 14562.0 4.0 41270.0 13726.0 9.0 25.0 0.0 0.0 116437.0 58372.5 9719.0 42.0 75.0 24.0 16.0 94.0 0.0 0.0 0.0 0.0 2.0 0.0 0.0 0.0 0.0 0.0 0.0 0.0 0.0
5101.0 14217.0 6.0 39335.0 13254.0 6.0 52.0 0.0 0.0 108581.0 54846.5 9465.0 133.0 152.0 74.0 21.0 72.0 0.0 0.0 0.0 0.0 0.0 0.0 0.0 0.0 0.0 0.0 0.0 0.0 0.0
5102.0 14346.0 6.0 40361.0 13585.0 14.0 63.0 0.0 0.0 113698.0 57533.0 9766.0 201.0 179.0 110.0 35.0 146.0 0.0 0.0 0.0 0.0 0.0 0.0 0.0 0.0 0.0 0.0 0.0 0.0 0.0
5164.0 14615.0 1.0 41896.0 13878.0 2.0 8.0 0.0 0.0 119908.0 60017.5 10033.0 19.0 22.0 9.0 18.0 20.0 0.0 0.0 0.0 0.0 0.0 0.0 0.0 0.0 0.0 0.0 0.0 0.0 0.0
4982.0 13589.0 2.0 37579.0 12422.0 10.0 16.0 0.0 0.0 104091.0 52276.5 8487.0 40.0 35.0 17.0 19.0 117.0 0.0 0.0 0.0 0.0 0.0 0.0 0.0 0.0 0.0 0.0 0.0 0.0 0.0
5068.0 14013.0 4.0 38480.0 12925.0 7.0 30.0 0.0 0.0 104832.0 52788.0 8954.0 71.0 82.0 35.0 12.0 68.0 0.0 0.0 0.0 0.0 0.0 0.0 0.0 0.0 0.0 0.0 0.0 0.0 0.0
5147.0 14601.0 7.0 41361.0 13737.0 3.0 64.0 0.0 0.0 116901.0 58443.5 9468.0 185.0 176.0 94.0 19.0 34.0 0.0 0.0 0.0 0.0 2.0 0.0 0.0 0.0 0.0 0.0 0.0 0.0 0.0
5047.0 13965.0 2.0 38943.0 12681.0 8.0 18.0 0.0 0.0 108717.0 53684.5 8291.0 41.0 51.0 31.0 17.0 88.0 0.0 0.0 0.0 0.0 0.0 0.0 0.0 0.0 0.0 0.0 0.0 0.0 0.0
5119.0 14345.0 3.0 39744.0 13462.0 10.0 34.0 0.0 0.0 110649.0 55327.0 9515.0 127.0 98.0 61.0 15.0 118.0 0.0 0.0 0.0 0.0 0.0 0.0 0.0 0.0 0.0 0.0 0.0 0.0 0.0
5117.0 14349.0 1.0 40073.0 13397.0 7.0 12.0 0.0 0.0 111437.0 56127.5 9254.0 44.0 29.0 22.0 16.0 76.0 0.0 0.0 0.0 0.0 0.0 0.0 0.0 0.0 0.0 0.0 0.0 0.0 0.0
5081.0 13981.0 5.0 38330.0 12575.0 3.0 41.0 0.0 0.0 104607.0 51629.0 8271.0 97.0 106.0 51.0 19.0 37.0 0.0 0.0 0.0 0.0 0.0 0.0 0.0 0.0 0.0 0.0 0.0 0.0 0.0
5077.0 14005.0 5.0 38794.0 12706.0 6.0 30.0 0.0 0.0 107906.0 52732.5 8418.0 61.0 71.0 33.0 8.0 61.0 0.0 0.0 0.0 0.0 0.0 0.0 0.0 0.0 0.0 0.0 0.0 0.0 0.0
5010.0 13717.0 3.0 37658.0 12549.0 4.0 18.0 0.0 0.0 102879.0 51792.5 8557.0 28.0 61.0 26.0 13.0 50.0 0.0 0.0 0.0 0.0 0.0 0.0 0.0 0.0 0.0 0.0 0.0 0.0 0.0
5228.0 15191.0 2.0 43641.0 14862.0 7.0 9.0 0.0 0.0 124703.0 63596.5 11047.0 12.0 29.0 6.0 18.0 81.0 0.0 0.0 0.0 0.0 0.0 0.0 0.0 0.0 0.0 0.0 0.0 0.0 0.0
5206.0 14809.0 7.0 42048.0 13918.0 8.0 45.0 0.0 0.0 118891.0 59219.5 9567.0 91.0 122.0 34.0 15.0 95.0 0.0 0.0 0.0 0.0 0.0 0.0 0.0 0.0 0.0 0.0 0.0 0.0 0.0
5150.0 14707.0 4.0 42161.0 14270.0 6.0 30.0 0.0 0.0 120522.0 61794.5 10601.0 70.0 86.0 32.0 28.0 67.0 0.0 0.0 0.0 0.0 0.0 0.0 0.0 0.0 0.0 0.0 0.0 0.0 0.0
5028.0 13674.0 4.0 36849.0 12453.0 8.0 26.0 0.0 0.0 99570.0 49421.5 8591.0 51.0 75.0 25.0 13.0 81.0 0.0 0.0 0.0 0.0 0.0 0.0 0.0 0.0 0.0 0.0 0.0 0.0 0.0
5075.0 14138.0 3.0 39514.0 13024.0 12.0 17.0 0.0 0.0 110007.0 54753.5 8936.0 27.0 54.0 13.0 11.0 125.0 0.0 0.0 0.0 0.0 0.0 0.0 0.0 0.0 0.0 0.0 0.0 0.0 0.0
5157.0 14712.0 2.0 41726.0 14043.0 3.0 27.0 0.0 0.0 118135.0 59540.5 9992.0 107.0 70.0 64.0 26.0 43.0 0.0 0.0 0.0 0.0 0.0 0.0 0.0 0.0 0.0 0.0 0.0 0.0 0.0
5182.0 14689.0 5.0 41407.0 13921.0 7.0 48.0 0.0 0.0 116760.0 58351.5 9766.0 150.0 128.0 71.0 16.0 83.0 0.0 0.0 0.0 0.0 0.0 0.0 0.0 0.0 0.0 0.0 0.0 0.0 0.0
5059.0 14297.0 5.0 40438.0 13486.0 6.0 48.0 0.0 0.0 114242.0 57103.0 9468.0 141.0 141.0 75.0 19.0 85.0 0.0 0.0 0.0 0.0 0.0 0.0 0.0 0.0 0.0 0.0 0.0 0.0 0.0
5089.0 14173.0 1.0 39564.0 13036.0 7.0 3.0 0.0 0.0 110005.0 54845.0 8806.0 2.0 10.0 1.0 17.0 80.0 0.0 0.0 0.0 0.0 0.0 0.0 0.0 0.0 0.0 0.0 0.0 0.0 0.0
5275.0 15416.0 2.0 45398.0 15094.0 5.0 20.0 0.0 0.0 133737.0 67284.0 11090.0 59.0 54.0 32.0 21.0 59.0 0.0 0.0 0.0 0.0 0.0 0.0 0.0 0.0 0.0 0.0 0.0 0.0 0.0
5081.0 14017.0 5.0 38607.0 12587.0 7.0 47.0 0.0 0.0 106441.0 51760.0 8137.0 155.0 122.0 66.0 16.0 74.0 0.0 0.0 0.0 0.0 0.0 0.0 0.0 0.0 0.0 0.0 0.0 0.0 0.0
5106.0 14335.0 7.0 40035.0 13352.0 7.0 59.0 0.0 0.0 111954.0 55596.5 9221.0 155.0 142.0 83.0 18.0 78.0 0.0 0.0 0.0 0.0 0.0 0.0 0.0 0.0 0.0 0.0 0.0 0.0 0.0
5108.0 14449.0 1.0 40573.0 13693.0 9.0 7.0 0.0 0.0 113776.0 57483.0 9867.0 16.0 20.0 5.0 14.0 84.0 0.0 0.0 0.0 0.0 0.0 0.0 0.0 0.0 0.0 0.0 0.0 0.0 0.0
5043.0 13961.0 2.0 38467.0 12876.0 7.0 25.0 0.0 0.0 106171.0 52961.5 8875.0 108.0 81.0 56.0 14.0 67.0 0.0 0.0 0.0 0.0 0.0 0.0 0.0 0.0 0.0 0.0 0.0 0.0 0.0
5069.0 14184.0 4.0 39631.0 13305.0 15.0 37.0 0.0 0.0 110526.0 55426.5 9320.0 118.0 90.0 59.0 23.0 169.0 0.0 0.0 0.0 0.0 0.0 0.0 0.0 0.0 0.0 0.0 0.0 0.0 0.0
5147.0 14439.0 5.0 40431.0 13515.0 9.0 36.0 0.0 0.0 113166.0 56671.5 9561.0 85.0 110.0 44.0 17.0 103.0 0.0 0.0 0.0 0.0 0.0 0.0 0.0 0.0 0.0 0.0 0.0 0.0 0.0
5171.0 14647.0 3.0 41771.0 13690.0 11.0 19.0 0.0 0.0 119155.0 58897.5 9293.0 39.0 45.0 13.0 15.0 115.0 0.0 0.0 0.0 0.0 0.0 0.0 0.0 0.0 0.0 0.0 0.0 0.0 0.0
5158.0 14755.0 4.0 42089.0 14274.0 7.0 33.0 0.0 0.0 119783.0 60892.0 10523.0 80.0 107.0 41.0 17.0 78.0 0.0 0.0 0.0 0.0 0.0 0.0 0.0 0.0 0.0 0.0 0.0 0.0 0.0
5096.0 14340.0 8.0 40490.0 13511.0 7.0 77.0 0.0 0.0 114640.0 57419.5 9802.0 251.0 208.0 117.0 20.0 89.0 0.0 0.0 0.0 0.0 0.0 0.0 0.0 0.0 0.0 0.0 0.0 0.0 0.0
5138.0 14602.0 9.0 42021.0 14027.0 6.0 91.0 0.0 0.0 121295.0 61182.0 10206.0 329.0 264.0 158.0 16.0 66.0 0.0 0.0 0.0 0.0 0.0 0.0 0.0 0.0 0.0 0.0 0.0 0.0 0.0
4922.0 13040.0 4.0 35104.0 11338.0 4.0 27.0 0.0 0.0 94544.0 46576.5 7430.0 59.0 80.0 20.0 12.0 52.0 0.0 0.0 0.0 0.0 0.0 0.0 0.0 0.0 0.0 0.0 0.0 0.0 0.0
5172.0 14776.0 6.0 41938.0 14398.0 6.0 45.0 0.0 0.0 118577.0 60839.5 10807.0 95.0 111.0 59.0 17.0 75.0 0.0 0.0 0.0 0.0 0.0 0.0 0.0 0.0 0.0 0.0 0.0 0.0 0.0
5023.0 13812.0 6.0 38087.0 12579.0 9.0 53.0 0.0 0.0 105499.0 52234.5 8453.0 170.0 137.0 80.0 9.0 92.0 0.0 0.0 0.0 0.0 2.0 0.0 0.0 0.0 0.0 0.0 0.0 0.0 0.0
5203.0 14865.0 7.0 42428.0 14069.0 9.0 61.0 0.0 0.0 121050.0 60024.0 9696.0 170.0 192.0 76.0 21.0 105.0 0.0 0.0 0.0 0.0 2.0 0.0 0.0 0.0 0.0 0.0 0.0 0.0 0.0
5036.0 13891.0 2.0 38315.0 12724.0 8.0 15.0 0.0 0.0 105541.0 52679.5 8741.0 37.0 36.0 14.0 16.0 84.0 0.0 0.0 0.0 0.0 0.0 0.0 0.0 0.0 0.0 0.0 0.0 0.0 0.0
5214.0 14687.0 3.0 41632.0 13466.0 10.0 18.0 0.0 0.0 117536.0 57397.5 8945.0 32.0 44.0 14.0 15.0 124.0 0.0 0.0 0.0 0.0 0.0 0.0 0.0 0.0 0.0 0.0 0.0 0.0 0.0
5069.0 14043.0 3.0 38817.0 12873.0 9.0 22.0 0.0 0.0 106760.0 53289.5 8541.0 49.0 67.0 25.0 19.0 92.0 0.0 0.0 0.0 0.0 0.0 0.0 0.0 0.0 0.0 0.0 0.0 0.0 0.0
5032.0 14002.0 4.0 38937.0 13118.0 7.0 40.0 0.0 0.0 108427.0 54977.0 9376.0 123.0 130.0 77.0 16.0 72.0 0.0 0.0 0.0 0.0 0.0 0.0 0.0 0.0 0.0 0.0 0.0 0.0 0.0
5086.0 14203.0 3.0 39866.0 13204.0 8.0 25.0 0.0 0.0 111621.0 55738.0 9096.0 60.0 66.0 32.0 12.0 95.0 0.0 0.0 0.0 0.0 0.0 0.0 0.0 0.0 0.0 0.0 0.0 0.0 0.0
5127.0 14486.0 5.0 41120.0 13762.0 9.0 39.0 0.0 0.0 116988.0 59136.0 10050.0 93.0 121.0 45.0 15.0 107.0 0.0 0.0 0.0 0.0 0.0 0.0 0.0 0.0 0.0 0.0 0.0 0.0 0.0
5031.0 13697.0 2.0 37253.0 11964.0 7.0 20.0 0.0 0.0 101266.0 48660.5 7325.0 82.0 42.0 33.0 10.0 88.0 0.0 0.0 0.0 0.0 0.0 0.0 0.0 0.0 0.0 0.0 0.0 0.0 0.0
5217.0 14939.0 3.0 42492.0 14243.0 12.0 31.0 0.0 0.0 120745.0 60280.5 10230.0 108.0 92.0 45.0 18.0 141.0 0.0 0.0 0.0 0.0 2.0 0.0 0.0 0.0 0.0 0.0 0.0 0.0 0.0
4980.0 13590.0 2.0 37203.0 12382.0 8.0 20.0 0.0 0.0 101268.0 50817.5 8375.0 56.0 62.0 34.0 17.0 91.0 0.0 0.0 0.0 0.0 0.0 0.0 0.0 0.0 0.0 0.0 0.0 0.0 0.0
4979.0 13870.0 4.0 38851.0 13128.0 7.0 31.0 0.0 0.0 108072.0 55272.5 9580.0 71.0 84.0 34.0 21.0 89.0 0.0 0.0 0.0 0.0 0.0 0.0 0.0 0.0 0.0 0.0 0.0 0.0 0.0
5004.0 13536.0 8.0 36692.0 11977.0 7.0 70.0 0.0 0.0 99014.0 48511.0 7781.0 192.0 188.0 97.0 13.0 79.0 0.0 0.0 0.0 0.0 0.0 0.0 0.0 0.0 0.0 0.0 0.0 0.0 0.0
5028.0 13836.0 4.0 37812.0 12457.0 8.0 32.0 0.0 0.0 103670.0 50758.5 8203.0 82.0 93.0 33.0 11.0 81.0 0.0 0.0 0.0 0.0 0.0 0.0 0.0 0.0 0.0 0.0 0.0 0.0 0.0
5129.0 14343.0 2.0 40110.0 13368.0 15.0 19.0 0.0 0.0 111696.0 55929.0 9356.0 55.0 59.0 26.0 10.0 186.0 0.0 0.0 0.0 1.0 0.0 0.0 0.0 0.0 0.0 0.0 0.0 0.0 0.0
5182.0 14701.0 3.0 41665.0 13824.0 15.0 20.0 0.0 0.0 117729.0 58462.0 9735.0 41.0 49.0 18.0 11.0 155.0 0.0 0.0 0.0 0.0 0.0 0.0 0.0 0.0 0.0 0.0 0.0 0.0 0.0
5167.0 14640.0 1.0 41851.0 13840.0 11.0 6.0 0.0 0.0 119944.0 59707.0 9596.0 5.0 12.0 10.0 21.0 135.0 0.0 0.0 0.0 0.0 0.0 0.0 0.0 0.0 0.0 0.0 0.0 0.0 0.0
4968.0 13328.0 5.0 35629.0 11730.0 9.0 41.0 0.0 0.0 94721.0 46639.5 7437.0 118.0 106.0 45.0 11.0 87.0 0.0 0.0 0.0 0.0 0.0 0.0 0.0 0.0 0.0 0.0 0.0 0.0 0.0
5131.0 14381.0 7.0 40433.0 13269.0 10.0 60.0 0.0 0.0 113565.0 56196.5 9076.0 165.0 166.0 71.0 26.0 121.0 0.0 0.0 0.0 0.0 0.0 0.0 0.0 0.0 0.0 0.0 0.0 0.0 0.0
5120.0 14653.0 7.0 41858.0 14143.0 11.0 71.0 0.0 0.0 119537.0 60408.0 10189.0 244.0 212.0 98.0 17.0 132.0 0.0 0.0 0.0 0.0 0.0 0.0 0.0 0.0 0.0 0.0 0.0 0.0 0.0
5033.0 13926.0 3.0 38680.0 12807.0 4.0 30.0 0.0 0.0 106854.0 53799.0 8889.0 98.0 80.0 46.0 21.0 40.0 0.0 0.0 0.0 0.0 0.0 0.0 0.0 0.0 0.0 0.0 0.0 0.0 0.0
5134.0 14282.0 2.0 39079.0 12964.0 6.0 15.0 0.0 0.0 106977.0 52188.0 8516.0 27.0 35.0 22.0 11.0 73.0 0.0 0.0 0.0 0.0 0.0 0.0 0.0 0.0 0.0 0.0 0.0 0.0 0.0
5160.0 14817.0 5.0 42312.0 14355.0 19.0 39.0 0.0 0.0 120002.0 61038.5 10758.0 97.0 100.0 43.0 16.0 211.0 0.0 0.0 0.0 0.0 0.0 0.0 0.0 0.0 0.0 0.0 0.0 0.0 0.0
5016.0 13694.0 4.0 37207.0 12537.0 3.0 34.0 0.0 0.0 101250.0 50685.0 9071.0 96.0 106.0 42.0 13.0 29.0 0.0 0.0 0.0 0.0 0.0 0.0 0.0 0.0 0.0 0.0 0.0 0.0 0.0
5096.0 14196.0 7.0 39541.0 13120.0 8.0 61.0 0.0 0.0 109350.0 54828.0 8838.0 192.0 184.0 88.0 17.0 88.0 0.0 0.0 0.0 0.0 0.0 0.0 0.0 0.0 0.0 0.0 0.0 0.0 0.0
5061.0 13943.0 4.0 38231.0 12696.0 4.0 35.0 0.0 0.0 104942.0 51998.0 8502.0 102.0 99.0 46.0 14.0 43.0 0.0 0.0 0.0 0.0 0.0 0.0 0.0 0.0 0.0 0.0 0.0 0.0 0.0
5089.0 14272.0 3.0 40210.0 13502.0 5.0 23.0 0.0 0.0 113283.0 57241.5 9841.0 56.0 68.0 25.0 26.0 62.0 0.0 0.0 0.0 0.0 0.0 0.0 0.0 0.0 0.0 0.0 0.0 0.0 0.0
5065.0 14162.0 2.0 39573.0 13272.0 6.0 11.0 0.0 0.0 110638.0 55535.5 9300.0 19.0 30.0 8.0 17.0 77.0 0.0 0.0 0.0 0.0 0.0 0.0 0.0 0.0 0.0 0.0 0.0 0.0 0.0
5114.0 14283.0 6.0 39992.0 13322.0 5.0 40.0 0.0 0.0 112297.0 56002.0 9351.0 85.0 117.0 46.0 28.0 46.0 0.0 0.0 0.0 0.0 0.0 0.0 0.0 0.0 0.0 0.0 0.0 0.0 0.0
5111.0 14182.0 4.0 39521.0 12952.0 4.0 36.0 0.0 0.0 109521.0 54489.5 8631.0 106.0 92.0 51.0 14.0 42.0 0.0 0.0 0.0 0.0 0.0 0.0 0.0 0.0 0.0 0.0 0.0 0.0 0.0
5018.0 13719.0 4.0 37348.0 12324.0 8.0 33.0 0.0 0.0 101555.0 50132.0 8208.0 95.0 90.0 40.0 20.0 78.0 0.0 0.0 0.0 0.0 0.0 0.0 0.0 0.0 0.0 0.0 0.0 0.0 0.0
5001.0 13612.0 1.0 36657.0 12206.0 7.0 5.0 0.0 0.0 98444.0 48716.5 8108.0 6.0 15.0 4.0 14.0 89.0 0.0 0.0 0.0 0.0 0.0 0.0 0.0 0.0 0.0 0.0 0.0 0.0 0.0
5211.0 15060.0 2.0 43170.0 14682.0 13.0 20.0 0.0 0.0 123269.0 62423.0 10898.0 64.0 52.0 30.0 19.0 172.0 0.0 0.0 0.0 0.0 0.0 0.0 0.0 0.0 0.0 0.0 0.0 0.0 0.0
5155.0 14505.0 4.0 40635.0 13441.0 9.0 41.0 0.0 0.0 114010.0 56344.5 9293.0 143.0 99.0 62.0 22.0 105.0 0.0 0.0 0.0 0.0 2.0 0.0 0.0 0.0 0.0 0.0 0.0 0.0 0.0
5000.0 13665.0 4.0 37442.0 12524.0 10.0 24.0 0.0 0.0 101694.0 51806.0 8760.0 61.0 58.0 26.0 13.0 101.0 0.0 0.0 0.0 0.0 0.0 0.0 0.0 0.0 0.0 0.0 0.0 0.0 0.0
38242.0 226378.0 37.0 1339525.0 446628.0 158.0 650.0 0.0 0.0 7922800.0 3964806.0 661831.0 3822.0 3850.0 2011.0 736.0 3635.0 0.0 0.0 0.0 0.0 4.0 0.0 0.0 0.0 0.0 0.0 0.0 0.0 0.0
5122.0 14476.0 3.0 40968.0 13786.0 6.0 18.0 0.0 0.0 115516.0 58174.5 10048.0 35.0 39.0 14.0 14.0 68.0 0.0 0.0 0.0 0.0 0.0 0.0 0.0 0.0 0.0 0.0 0.0 0.0 0.0
5115.0 14265.0 5.0 39755.0 13214.0 7.0 42.0 0.0 0.0 110509.0 54762.5 9110.0 114.0 109.0 60.0 12.0 76.0 0.0 0.0 0.0 0.0 0.0 0.0 0.0 0.0 0.0 0.0 0.0 0.0 0.0
5122.0 14317.0 4.0 39820.0 13038.0 9.0 33.0 0.0 0.0 110581.0 54175.5 8626.0 76.0 95.0 49.0 19.0 117.0 0.0 0.0 0.0 0.0 0.0 0.0 0.0 0.0 0.0 0.0 0.0 0.0 0.0
5051.0 13854.0 4.0 37748.0 12541.0 10.0 33.0 0.0 0.0 102546.0 50941.0 8329.0 103.0 87.0 45.0 13.0 96.0 0.0 0.0 0.0 0.0 0.0 0.0 0.0 0.0 0.0 0.0 0.0 0.0 0.0
5067.0 13989.0 4.0 38581.0 12801.0 9.0 28.0 0.0 0.0 106042.0 52753.0 8729.0 67.0 67.0 24.0 16.0 92.0 0.0 0.0 0.0 0.0 0.0 0.0 0.0 0.0 0.0 0.0 0.0 0.0 0.0
38240.0 226260.0 33.0 1336666.0 445143.0 144.0 628.0 0.0 0.0 7898431.0 3940886.5 655526.0 3908.0 3727.0 1970.0 683.0 3376.0 0.0 0.0 0.0 0.0 2.0 0.0 0.0 0.0 0.0 0.0 0.0 0.0 0.0
5082.0 14143.0 2.0 39535.0 13196.0 12.0 16.0 0.0 0.0 110319.0 55487.0 9218.0 41.0 40.0 19.0 16.0 127.0 0.0 0.0 0.0 0.0 0.0 0.0 0.0 0.0 0.0 0.0 0.0 0.0 0.0
5098.0 14242.0 3.0 39411.0 13257.0 4.0 27.0 0.0 0.0 109399.0 54493.5 9105.0 84.0 74.0 43.0 8.0 53.0 0.0 0.0 0.0 0.0 0.0 0.0 0.0 0.0 0.0 0.0 0.0 0.0 0.0
5093.0 14176.0 5.0 39590.0 13137.0 3.0 42.0 0.0 0.0 110706.0 55528.5 9153.0 114.0 119.0 49.0 13.0 36.0 0.0 0.0 0.0 0.0 0.0 0.0 0.0 0.0 0.0 0.0 0.0 0.0 0.0
5118.0 14297.0 7.0 39871.0 13333.0 7.0 57.0 0.0 0.0 111262.0 55936.5 9719.0 147.0 148.0 71.0 18.0 60.0 0.0 0.0 0.0 0.0 2.0 0.0 0.0 0.0 0.0 0.0 0.0 0.0 0.0
4989.0 13437.0 3.0 36242.0 11852.0 4.0 27.0 0.0 0.0 97582.0 48251.5 7699.0 74.0 75.0 41.0 14.0 45.0 0.0 0.0 0.0 0.0 0.0 0.0 0.0 0.0 0.0 0.0 0.0 0.0 0.0
5105.0 14305.0 2.0 40022.0 13407.0 8.0 14.0 0.0 0.0 111885.0 55964.5 9400.0 30.0 34.0 12.0 16.0 90.0 0.0 0.0 0.0 0.0 0.0 0.0 0.0 0.0 0.0 0.0 0.0 0.0 0.0
5032.0 13824.0 3.0 37856.0 12464.0 3.0 18.0 0.0 0.0 103223.0 50991.0 8207.0 38.0 40.0 14.0 14.0 29.0 0.0 0.0 0.0 0.0 0.0 0.0 0.0 0.0 0.0 0.0 0.0 0.0 0.0
5068.0 14122.0 4.0 39331.0 13143.0 8.0 32.0 0.0 0.0 109238.0 54942.5 9398.0 88.0 99.0 44.0 20.0 85.0 0.0 0.0 0.0 0.0 0.0 0.0 0.0 0.0 0.0 0.0 0.0 0.0 0.0
5027.0 13603.0 0.0 36840.0 12110.0 6.0 0.0 0.0 0.0 99359.0 49223.5 7842.0 0.0 0.0 0.0 15.0 58.0 0.0 0.0 0.0 0.0 0.0 0.0 0.0 0.0 0.0 0.0 0.0 0.0 0.0
5202.0 14877.0 2.0 42708.0 14148.0 7.0 16.0 0.0 0.0 122173.0 61136.5 9988.0 42.0 51.0 18.0 19.0 100.0 0.0 0.0 0.0 0.0 0.0 0.0 0.0 0.0 0.0 0.0 0.0 0.0 0.0
5074.0 14127.0 5.0 39389.0 13020.0 7.0 61.0 0.0 0.0 110335.0 54276.0 8848.0 237.0 155.0 130.0 8.0 79.0 0.0 1.0 0.0 0.0 0.0 0.0 0.0 0.0 0.0 0.0 0.0 0.0 0.0
4958.0 13578.0 3.0 37239.0 12552.0 5.0 23.0 0.0 0.0 102097.0 51741.5 8728.0 60.0 68.0 47.0 13.0 38.0 0.0 0.0 0.0 0.0 0.0 0.0 0.0 0.0 0.0 0.0 0.0 0.0 0.0
5098.0 14230.0 3.0 39674.0 13041.0 4.0 16.0 0.0 0.0 110554.0 54350.5 8672.0 23.0 53.0 12.0 16.0 38.0 0.0 0.0 0.0 0.0 0.0 0.0 0.0 0.0 0.0 0.0 0.0 0.0 0.0
5158.0 14398.0 1.0 39709.0 13253.0 7.0 8.0 0.0 0.0 109504.0 53864.5 9179.0 19.0 28.0 9.0 20.0 66.0 0.0 0.0 0.0 0.0 0.0 0.0 0.0 0.0 0.0 0.0 0.0 0.0 0.0
5013.0 13842.0 3.0 38213.0 12718.0 9.0 31.0 0.0 0.0 105220.0 52828.0 8771.0 103.0 96.0 56.0 21.0 94.0 0.0 0.0 0.0 0.0 0.0 0.0 0.0 0.0 0.0 0.0 0.0 0.0 0.0
5118.0 14165.0 1.0 39061.0 12938.0 9.0 8.0 0.0 0.0 107478.0 53586.5 8831.0 19.0 25.0 9.0 12.0 99.0 0.0 0.0 0.0 0.0 0.0 0.0 0.0 0.0 0.0 0.0 0.0 0.0 0.0
5000.0 13406.0 3.0 35942.0 11723.0 4.0 27.0 0.0 0.0 96234.0 47180.0 7481.0 77.0 75.0 35.0 6.0 28.0 0.0 0.0 0.0 0.0 0.0 0.0 0.0 0.0 0.0 0.0 0.0 0.0 0.0
5151.0 14609.0 4.0 41098.0 13743.0 4.0 29.0 0.0 0.0 115813.0 57273.5 9582.0 73.0 85.0 35.0 15.0 39.0 0.0 0.0 0.0 0.0 0.0 0.0 0.0 0.0 0.0 0.0 0.0 0.0 0.0
5094.0 14287.0 1.0 40228.0 13399.0 15.0 11.0 0.0 0.0 112806.0 57095.0 9404.0 31.0 30.0 24.0 13.0 170.0 0.0 0.0 0.0 1.0 0.0 0.0 0.0 0.0 0.0 0.0 0.0 0.0 0.0
5077.0 14115.0 3.0 39285.0 13049.0 9.0 35.0 0.0 0.0 109019.0 54554.0 8970.0 130.0 97.0 59.0 15.0 93.0 0.0 0.0 0.0 0.0 0.0 0.0 0.0 0.0 0.0 0.0 0.0 0.0 0.0
5094.0 14475.0 6.0 41111.0 13950.0 8.0 59.0 0.0 0.0 116395.0 59238.0 10193.0 193.0 158.0 89.0 21.0 80.0 0.0 0.0 0.0 0.0 2.0 0.0 0.0 0.0 0.0 0.0 0.0 0.0 0.0
5105.0 14487.0 2.0 41410.0 13927.0 5.0 13.0 0.0 0.0 118302.0 60284.5 10282.0 29.0 27.0 13.0 14.0 54.0 0.0 0.0 0.0 0.0 0.0 0.0 0.0 0.0 0.0 0.0 0.0 0.0 0.0
5045.0 14053.0 6.0 39518.0 13074.0 4.0 37.0 0.0 0.0 110919.0 55347.0 9077.0 73.0 115.0 30.0 24.0 40.0 0.0 0.0 0.0 0.0 0.0 0.0 0.0 0.0 0.0 0.0 0.0 0.0 0.0
5050.0 13820.0 2.0 37632.0 12304.0 13.0 20.0 0.0 0.0 102274.0 50065.5 7925.0 52.0 57.0 38.0 17.0 143.0 0.0 0.0 0.0 0.0 0.0 0.0 0.0 0.0 0.0 0.0 0.0 0.0 0.0
5108.0 14223.0 2.0 39355.0 13160.0 3.0 19.0 0.0 0.0 108272.0 54167.0 9075.0 58.0 55.0 29.0 23.0 35.0 0.0 0.0 0.0 0.0 0.0 0.0 0.0 0.0 0.0 0.0 0.0 0.0 0.0
5082.0 14005.0 1.0 38763.0 12561.0 5.0 9.0 0.0 0.0 107104.0 52359.0 8233.0 27.0 22.0 9.0 22.0 69.0 0.0 0.0 0.0 0.0 0.0 0.0 0.0 0.0 0.0 0.0 0.0 0.0 0.0
5015.0 13614.0 6.0 36812.0 12266.0 7.0 53.0 0.0 0.0 99346.0 49515.0 8333.0 147.0 129.0 73.0 12.0 82.0 0.0 0.0 0.0 0.0 0.0 0.0 0.0 0.0 0.0 0.0 0.0 0.0 0.0
5040.0 13968.0 4.0 38153.0 12840.0 5.0 34.0 0.0 0.0 104182.0 51757.5 8707.0 120.0 72.0 54.0 16.0 46.0 0.0 0.0 0.0 0.0 0.0 0.0 0.0 0.0 0.0 0.0 0.0 0.0 0.0
4985.0 13701.0 3.0 37541.0 12670.0 5.0 25.0 0.0 0.0 102819.0 51860.5 8886.0 57.0 65.0 36.0 20.0 57.0 0.0 0.0 0.0 0.0 0.0 0.0 0.0 0.0 0.0 0.0 0.0 0.0 0.0
5055.0 14150.0 5.0 39437.0 13194.0 6.0 35.0 0.0 0.0 109551.0 54843.0 9095.0 78.0 97.0 35.0 12.0 68.0 0.0 0.0 0.0 0.0 0.0 0.0 0.0 0.0 0.0 0.0 0.0 0.0 0.0
5075.0 14048.0 3.0 38831.0 12908.0 6.0 27.0 0.0 0.0 107222.0 53415.0 8965.0 75.0 77.0 37.0 16.0 69.0 0.0 0.0 0.0 0.0 0.0 0.0 0.0 0.0 0.0 0.0 0.0 0.0 0.0
5170.0 14494.0 3.0 40466.0 13216.0 7.0 31.0 0.0 0.0 112756.0 55016.5 8783.0 106.0 92.0 43.0 16.0 79.0 0.0 0.0 0.0 0.0 0.0 0.0 0.0 0.0 0.0 0.0 0.0 0.0 0.0
5131.0 14432.0 2.0 40277.0 13496.0 5.0 14.0 0.0 0.0 112156.0 56018.0 9132.0 32.0 43.0 11.0 12.0 51.0 0.0 0.0 0.0 0.0 0.0 0.0 0.0 0.0 0.0 0.0 0.0 0.0 0.0
5128.0 14381.0 6.0 40271.0 13275.0 13.0 41.0 0.0 0.0 112775.0 55791.0 8871.0 82.0 107.0 54.0 16.0 149.0 0.0 0.0 0.0 0.0 0.0 0.0 0.0 0.0 0.0 0.0 0.0 0.0 0.0
5048.0 13983.0 3.0 38859.0 12999.0 8.0 24.0 0.0 0.0 108081.0 54291.5 9456.0 76.0 68.0 36.0 15.0 77.0 0.0 0.0 0.0 0.0 0.0 0.0 0.0 0.0 0.0 0.0 0.0 0.0 0.0
5124.0 14465.0 4.0 40693.0 13655.0 5.0 21.0 0.0 0.0 113591.0 57573.0 9674.0 25.0 72.0 21.0 15.0 51.0 0.0 0.0 0.0 0.0 2.0 0.0 0.0 0.0 0.0 0.0 0.0 0.0 0.0
5086.0 14200.0 3.0 39533.0 13318.0 10.0 27.0 0.0 0.0 109698.0 55382.0 9370.0 77.0 75.0 34.0 12.0 118.0 0.0 0.0 0.0 0.0 0.0 0.0 0.0 0.0 0.0 0.0 0.0 0.0 0.0
5114.0 14269.0 2.0 39719.0 13178.0 6.0 17.0 0.0 0.0 110730.0 54918.5 9166.0 35.0 51.0 29.0 15.0 56.0 0.0 0.0 0.0 0.0 0.0 0.0 0.0 0.0 0.0 0.0 0.0 0.0 0.0
5109.0 14159.0 3.0 39109.0 13023.0 7.0 23.0 0.0 0.0 108189.0 54083.5 9065.0 54.0 68.0 35.0 22.0 79.0 0.0 0.0 0.0 0.0 0.0 0.0 0.0 0.0 0.0 0.0 0.0 0.0 0.0
5093.0 13978.0 3.0 38537.0 12587.0 7.0 28.0 0.0 0.0 105772.0 52350.0 8349.0 80.0 82.0 39.0 20.0 70.0 0.0 0.0 0.0 0.0 0.0 0.0 0.0 0.0 0.0 0.0 0.0 0.0 0.0
5165.0 14503.0 5.0 40677.0 13152.0 4.0 39.0 0.0 0.0 113923.0 55358.5 8536.0 100.0 115.0 54.0 18.0 40.0 0.0 0.0 0.0 0.0 0.0 0.0 0.0 0.0 0.0 0.0 0.0 0.0 0.0
5134.0 14498.0 4.0 40560.0 13817.0 12.0 38.0 0.0 0.0 113224.0 57240.5 10030.0 103.0 118.0 61.0 18.0 132.0 0.0 0.0 0.0 0.0 0.0 0.0 0.0 0.0 0.0 0.0 0.0 0.0 0.0
38058.0 225396.0 33.0 1335825.0 446799.0 176.0 591.0 0.0 0.0 7911575.0 3975442.0 665642.0 3586.0 3451.0 1720.0 768.0 4271.0 0.0 0.0 0.0 0.0 4.0 0.0 0.0 0.0 0.0 0.0 0.0 0.0 0.0
5041.0 13965.0 6.0 38598.0 12897.0 7.0 54.0 0.0 0.0 107100.0 53274.0 8945.0 162.0 159.0 82.0 13.0 72.0 0.0 0.0 0.0 0.0 0.0 0.0 0.0 0.0 0.0 0.0 0.0 0.0 0.0
4992.0 13844.0 3.0 38206.0 12766.0 8.0 25.0 0.0 0.0 105054.0 52921.0 8745.0 68.0 73.0 28.0 12.0 88.0 0.0 0.0 0.0 0.0 0.0 0.0 0.0 0.0 0.0 0.0 0.0 0.0 0.0
38079.0 224517.0 37.0 1321263.0 441966.0 159.0 615.0 0.0 0.0 7769793.0 3893740.5 655918.0 3429.0 3608.0 1832.0 716.0 3690.0 0.0 0.0 0.0 0.0 2.0 0.0 0.0 0.0 0.0 0.0 0.0 0.0 0.0
38031.0 223572.0 33.0 1313933.0 436216.0 167.0 572.0 0.0 0.0 7716050.0 3844904.0 635277.0 3203.0 3406.0 1643.0 740.0 3956.0 0.0 0.0 0.0 0.0 2.0 0.0 0.0 0.0 0.0 0.0 0.0 0.0 0.0
5121.0 14548.0 3.0 41261.0 13935.0 7.0 26.0 0.0 0.0 116881.0 59247.5 10038.0 67.0 65.0 37.0 16.0 77.0 0.0 0.0 0.0 0.0 0.0 0.0 0.0 0.0 0.0 0.0 0.0 0.0 0.0
5023.0 14038.0 2.0 38821.0 13181.0 13.0 10.0 0.0 0.0 107170.0 54100.5 9300.0 19.0 33.0 10.0 11.0 153.0 0.0 0.0 0.0 0.0 0.0 0.0 0.0 0.0 0.0 0.0 0.0 0.0 0.0
5163.0 14697.0 0.0 41605.0 14092.0 6.0 0.0 0.0 0.0 117445.0 59549.5 10630.0 0.0 0.0 0.0 13.0 77.0 0.0 0.0 0.0 0.0 0.0 0.0 0.0 0.0 0.0 0.0 0.0 0.0 0.0
4984.0 13530.0 8.0 36749.0 12132.0 6.0 73.0 0.0 0.0 99233.0 49361.5 8098.0 229.0 195.0 103.0 12.0 68.0 0.0 0.0 0.0 0.0 0.0 0.0 0.0 0.0 0.0 0.0 0.0 0.0 0.0
5025.0 13924.0 2.0 39035.0 12811.0 7.0 7.0 0.0 0.0 108888.0 54468.5 8780.0 7.0 22.0 4.0 19.0 71.0 0.0 0.0 0.0 0.0 0.0 0.0 0.0 0.0 0.0 0.0 0.0 0.0 0.0
5085.0 14228.0 7.0 39510.0 13232.0 5.0 54.0 0.0 0.0 109528.0 54697.0 9085.0 144.0 147.0 71.0 8.0 60.0 0.0 0.0 0.0 0.0 0.0 0.0 0.0 0.0 0.0 0.0 0.0 0.0 0.0
5087.0 14339.0 1.0 40540.0 13696.0 10.0 9.0 0.0 0.0 114150.0 58189.0 9897.0 23.0 21.0 13.0 12.0 119.0 0.0 0.0 0.0 0.0 0.0 0.0 0.0 0.0 0.0 0.0 0.0 0.0 0.0
5011.0 13678.0 3.0 37298.0 12386.0 7.0 30.0 0.0 0.0 101613.0 50507.5 8302.0 93.0 86.0 54.0 16.0 77.0 0.0 0.0 0.0 0.0 0.0 0.0 0.0 0.0 0.0 0.0 0.0 0.0 0.0
5173.0 14589.0 4.0 41258.0 13575.0 6.0 36.0 0.0 0.0 116391.0 57649.5 9266.0 97.0 104.0 52.0 9.0 74.0 0.0 0.0 0.0 0.0 0.0 0.0 0.0 0.0 0.0 0.0 0.0 0.0 0.0
5218.0 14853.0 7.0 42297.0 13970.0 6.0 59.0 0.0 0.0 120373.0 59655.0 9782.0 139.0 166.0 96.0 20.0 58.0 0.0 0.0 0.0 0.0 0.0 0.0 0.0 0.0 0.0 0.0 0.0 0.0 0.0
5287.0 15336.0 2.0 44779.0 14800.0 9.0 20.0 0.0 0.0 129906.0 65328.5 10451.0 62.0 53.0 28.0 17.0 98.0 0.0 0.0 0.0 0.0 0.0 0.0 0.0 0.0 0.0 0.0 0.0 0.0 0.0
5079.0 14185.0 5.0 39519.0 13404.0 6.0 51.0 0.0 0.0 110657.0 55850.0 9724.0 156.0 126.0 82.0 20.0 66.0 0.0 0.0 0.0 0.0 0.0 0.0 0.0 0.0 0.0 0.0 0.0 0.0 0.0
4949.0 13496.0 2.0 36391.0 12406.0 6.0 12.0 0.0 0.0 98241.0 49427.0 8718.0 18.0 39.0 13.0 8.0 70.0 0.0 0.0 0.0 0.0 0.0 0.0 0.0 0.0 0.0 0.0 0.0 0.0 0.0
5096.0 14261.0 4.0 39874.0 13202.0 9.0 33.0 0.0 0.0 111712.0 55308.5 9007.0 80.0 76.0 51.0 23.0 85.0 0.0 0.0 0.0 0.0 0.0 0.0 0.0 0.0 0.0 0.0 0.0 0.0 0.0
5168.0 14447.0 3.0 40415.0 13119.0 6.0 26.0 0.0 0.0 112886.0 54913.5 8509.0 70.0 80.0 32.0 20.0 72.0 0.0 0.0 0.0 0.0 0.0 0.0 0.0 0.0 0.0 0.0 0.0 0.0 0.0
5109.0 14456.0 3.0 40516.0 13914.0 6.0 18.0 0.0 0.0 113772.0 57781.0 10292.0 28.0 44.0 21.0 23.0 58.0 0.0 0.0 0.0 0.0 0.0 0.0 0.0 0.0 0.0 0.0 0.0 0.0 0.0
5067.0 14148.0 2.0 39970.0 13236.0 5.0 28.0 0.0 0.0 113010.0 56550.0 9348.0 128.0 80.0 63.0 17.0 66.0 0.0 0.0 0.0 0.0 0.0 0.0 0.0 0.0 0.0 0.0 0.0 0.0 0.0
5081.0 13970.0 6.0 38384.0 12764.0 6.0 38.0 0.0 0.0 105659.0 52643.0 8780.0 78.0 92.0 44.0 8.0 69.0 0.0 0.0 0.0 0.0 0.0 0.0 0.0 0.0 0.0 0.0 0.0 0.0 0.0
5105.0 14347.0 3.0 40309.0 13462.0 11.0 17.0 0.0 0.0 112642.0 56698.0 9520.0 30.0 46.0 11.0 14.0 123.0 0.0 0.0 0.0 0.0 0.0 0.0 0.0 0.0 0.0 0.0 0.0 0.0 0.0
5058.0 14054.0 3.0 38761.0 13051.0 8.0 28.0 0.0 0.0 106615.0 53652.0 9088.0 87.0 72.0 35.0 11.0 88.0 0.0 0.0 0.0 0.0 0.0 0.0 0.0 0.0 0.0 0.0 0.0 0.0 0.0
5124.0 14239.0 3.0 39834.0 13113.0 11.0 19.0 0.0 0.0 111327.0 55466.0 9118.0 19.0 65.0 37.0 10.0 125.0 0.0 0.0 0.0 0.0 0.0 0.0 0.0 0.0 0.0 0.0 0.0 0.0 0.0
5145.0 14566.0 8.0 41379.0 13724.0 8.0 65.0 0.0 0.0 117597.0 58653.0 9688.0 177.0 192.0 80.0 22.0 87.0 0.0 0.0 0.0 0.0 0.0 0.0 0.0 0.0 0.0 0.0 0.0 0.0 0.0
5222.0 14853.0 6.0 42260.0 14072.0 11.0 54.0 0.0 0.0 120036.0 60091.0 9990.0 189.0 151.0 91.0 20.0 149.0 0.0 0.0 0.0 0.0 0.0 0.0 0.0 0.0 0.0 0.0 0.0 0.0 0.0
5080.0 14239.0 7.0 39999.0 13388.0 8.0 53.0 0.0 0.0 112078.0 56591.0 9473.0 148.0 165.0 66.0 12.0 75.0 0.0 0.0 0.0 0.0 0.0 0.0 0.0 0.0 0.0 0.0 0.0 0.0 0.0
4986.0 13753.0 1.0 38002.0 12937.0 5.0 7.0 0.0 0.0 104969.0 53782.0 9361.0 12.0 10.0 9.0 20.0 53.0 0.0 0.0 0.0 0.0 0.0 0.0 0.0 0.0 0.0 0.0 0.0 0.0 0.0
5145.0 14597.0 2.0 41334.0 13696.0 7.0 18.0 0.0 0.0 116967.0 58238.5 9390.0 49.0 52.0 24.0 22.0 63.0 0.0 0.0 0.0 0.0 0.0 0.0 0.0 0.0 0.0 0.0 0.0 0.0 0.0
5024.0 14066.0 5.0 39385.0 13197.0 7.0 41.0 0.0 0.0 110366.0 55343.0 9174.0 113.0 115.0 45.0 17.0 86.0 0.0 0.0 0.0 0.0 0.0 0.0 0.0 0.0 0.0 0.0 0.0 0.0 0.0
5066.0 14092.0 3.0 38856.0 13058.0 6.0 22.0 0.0 0.0 106998.0 53322.0 9102.0 50.0 64.0 22.0 15.0 79.0 0.0 0.0 0.0 0.0 0.0 0.0 0.0 0.0 0.0 0.0 0.0 0.0 0.0
5054.0 13860.0 1.0 37900.0 12648.0 9.0 11.0 0.0 0.0 103073.0 51626.5 8688.0 39.0 24.0 16.0 15.0 94.0 0.0 0.0 0.0 0.0 0.0 0.0 0.0 0.0 0.0 0.0 0.0 0.0 0.0
5044.0 14086.0 3.0 39192.0 13306.0 7.0 32.0 0.0 0.0 108847.0 55224.0 9577.0 105.0 93.0 52.0 16.0 60.0 0.0 1.0 0.0 0.0 0.0 0.0 0.0 0.0 0.0 0.0 0.0 0.0 0.0
4950.0 13543.0 3.0 36896.0 12476.0 4.0 22.0 0.0 0.0 100430.0 50824.0 8712.0 54.0 58.0 21.0 15.0 42.0 0.0 0.0 0.0 0.0 0.0 0.0 0.0 0.0 0.0 0.0 0.0 0.0 0.0
5163.0 14437.0 6.0 40104.0 13392.0 8.0 55.0 0.0 0.0 111260.0 55475.0 9337.0 167.0 147.0 84.0 16.0 83.0 0.0 0.0 0.0 0.0 0.0 0.0 0.0 0.0 0.0 0.0 0.0 0.0 0.0
5018.0 13816.0 1.0 37988.0 12698.0 5.0 7.0 0.0 0.0 104348.0 51868.5 8685.0 14.0 19.0 7.0 11.0 43.0 0.0 0.0 0.0 0.0 0.0 0.0 0.0 0.0 0.0 0.0 0.0 0.0 0.0
5082.0 14061.0 6.0 38717.0 12712.0 4.0 55.0 1.0 0.0 106315.0 52391.0 8481.0 168.0 155.0 77.0 12.0 39.0 6.0 1.0 8.0 0.0 0.0 0.0 0.0 0.0 0.0 0.0 0.0 0.0 0.0
5026.0 13911.0 3.0 38477.0 12790.0 8.0 17.0 0.0 0.0 106384.0 53150.0 8719.0 27.0 57.0 13.0 17.0 108.0 0.0 0.0 0.0 0.0 0.0 0.0 0.0 0.0 0.0 0.0 0.0 0.0 0.0
5147.0 14491.0 11.0 41111.0 13606.0 6.0 104.0 0.0 0.0 116746.0 58474.5 9531.0 321.0 303.0 147.0 18.0 67.0 0.0 0.0 0.0 0.0 2.0 0.0 0.0 0.0 0.0 0.0 0.0 0.0 0.0
5183.0 14790.0 7.0 41565.0 14261.0 5.0 49.0 0.0 0.0 116556.0 59318.5 10439.0 108.0 117.0 59.0 25.0 57.0 0.0 0.0 0.0 0.0 0.0 0.0 0.0 0.0 0.0 0.0 0.0 0.0 0.0
5092.0 14277.0 4.0 39686.0 13322.0 5.0 36.0 0.0 0.0 110154.0 55146.5 9215.0 111.0 85.0 51.0 19.0 42.0 0.0 0.0 0.0 0.0 0.0 0.0 0.0 0.0 0.0 0.0 0.0 0.0 0.0
5132.0 14465.0 6.0 40613.0 13577.0 10.0 45.0 0.0 0.0 113694.0 56949.0 9415.0 88.0 155.0 63.0 18.0 99.0 0.0 0.0 0.0 0.0 0.0 0.0 0.0 0.0 0.0 0.0 0.0 0.0 0.0
5041.0 13793.0 6.0 37727.0 12377.0 10.0 44.0 0.0 0.0 103252.0 50843.5 8156.0 103.0 126.0 54.0 15.0 114.0 0.0 0.0 0.0 0.0 0.0 0.0 0.0 0.0 0.0 0.0 0.0 0.0 0.0
5159.0 14473.0 4.0 40716.0 13296.0 7.0 29.0 0.0 0.0 114651.0 56092.0 9009.0 67.0 79.0 36.0 20.0 101.0 0.0 0.0 0.0 0.0 0.0 0.0 0.0 0.0 0.0 0.0 0.0 0.0 0.0
5121.0 14486.0 4.0 40874.0 13570.0 7.0 27.0 0.0 0.0 115847.0 57126.5 9227.0 68.0 75.0 28.0 16.0 75.0 0.0 0.0 0.0 1.0 0.0 0.0 0.0 0.0 0.0 0.0 0.0 0.0 0.0
5100.0 14362.0 3.0 40054.0 13459.0 8.0 25.0 0.0 0.0 111948.0 55766.0 9355.0 80.0 66.0 29.0 18.0 105.0 0.0 0.0 0.0 0.0 0.0 0.0 0.0 0.0 0.0 0.0 0.0 0.0 0.0
5154.0 14537.0 7.0 40697.0 13665.0 6.0 54.0 0.0 0.0 113830.0 57049.5 9698.0 122.0 157.0 67.0 18.0 68.0 0.0 0.0 0.0 0.0 0.0 0.0 0.0 0.0 0.0 0.0 0.0 0.0 0.0
5123.0 14323.0 4.0 40265.0 13243.0 10.0 29.0 0.0 0.0 113177.0 56136.5 8982.0 66.0 84.0 27.0 23.0 125.0 0.0 0.0 0.0 0.0 0.0 0.0 0.0 0.0 0.0 0.0 0.0 0.0 0.0
5160.0 14654.0 2.0 41590.0 13905.0 3.0 15.0 0.0 0.0 118034.0 59519.5 10053.0 33.0 42.0 16.0 19.0 32.0 0.0 0.0 0.0 0.0 0.0 0.0 0.0 0.0 0.0 0.0 0.0 0.0 0.0
5034.0 13784.0 0.0 37573.0 12390.0 5.0 0.0 0.0 0.0 102305.0 50650.5 8079.0 0.0 0.0 0.0 16.0 47.0 0.0 0.0 0.0 0.0 0.0 0.0 0.0 0.0 0.0 0.0 0.0 0.0 0.0
5017.0 13775.0 4.0 37890.0 12547.0 9.0 41.0 0.0 0.0 103994.0 52038.0 8562.0 138.0 107.0 59.0 19.0 91.0 0.0 0.0 0.0 0.0 0.0 0.0 0.0 0.0 0.0 0.0 0.0 0.0 0.0
5136.0 14290.0 3.0 39772.0 13115.0 8.0 15.0 0.0 0.0 109979.0 54813.0 8999.0 25.0 42.0 8.0 19.0 101.0 0.0 0.0 0.0 0.0 0.0 0.0 0.0 0.0 0.0 0.0 0.0 0.0 0.0
5124.0 14318.0 3.0 39929.0 13322.0 11.0 15.0 0.0 0.0 111124.0 55911.0 9278.0 22.0 37.0 9.0 15.0 133.0 0.0 0.0 0.0 0.0 0.0 0.0 0.0 0.0 0.0 0.0 0.0 0.0 0.0
4959.0 13668.0 4.0 37385.0 12750.0 14.0 22.0 0.0 0.0 102128.0 51692.0 9073.0 41.0 68.0 18.0 13.0 155.0 0.0 0.0 0.0 0.0 0.0 0.0 0.0 0.0 0.0 0.0 0.0 0.0 0.0
5095.0 14308.0 4.0 40112.0 13429.0 6.0 22.0 0.0 0.0 112336.0 56379.5 9466.0 31.0 61.0 27.0 15.0 65.0 0.0 0.0 0.0 0.0 0.0 0.0 0.0 0.0 0.0 0.0 0.0 0.0 0.0
5013.0 13892.0 3.0 38443.0 12792.0 3.0 25.0 0.0 0.0 105949.0 52854.5 8979.0 72.0 66.0 28.0 15.0 36.0 0.0 0.0 0.0 0.0 0.0 0.0 0.0 0.0 0.0 0.0 0.0 0.0 0.0
5095.0 14050.0 1.0 38583.0 12639.0 9.0 10.0 0.0 0.0 105866.0 51833.5 8247.0 32.0 24.0 13.0 15.0 79.0 0.0 0.0 0.0 0.0 0.0 0.0 0.0 0.0 0.0 0.0 0.0 0.0 0.0
5104.0 14542.0 8.0 41728.0 13817.0 8.0 71.0 0.0 0.0 119565.0 59680.0 9774.0 217.0 234.0 104.0 19.0 95.0 0.0 0.0 0.0 0.0 0.0 0.0 0.0 0.0 0.0 0.0 0.0 0.0 0.0
5177.0 14659.0 5.0 41228.0 13714.0 7.0 41.0 0.0 0.0 115538.0 57409.5 9576.0 109.0 117.0 50.0 21.0 102.0 0.0 0.0 0.0 0.0 0.0 0.0 0.0 0.0 0.0 0.0 0.0 0.0 0.0
5222.0 14809.0 3.0 41833.0 13807.0 12.0 30.0 0.0 0.0 117824.0 58088.5 9421.0 109.0 92.0 42.0 15.0 138.0 0.0 0.0 0.0 0.0 0.0 0.0 0.0 0.0 0.0 0.0 0.0 0.0 0.0
5090.0 14168.0 4.0 39414.0 13169.0 5.0 40.0 0.0 0.0 109376.0 55189.5 9157.0 133.0 101.0 68.0 19.0 67.0 0.0 0.0 0.0 0.0 0.0 0.0 0.0 0.0 0.0 0.0 0.0 0.0 0.0
5125.0 14574.0 6.0 41315.0 14096.0 11.0 67.0 0.0 0.0 117007.0 59756.5 10550.0 241.0 196.0 142.0 18.0 121.0 0.0 0.0 0.0 0.0 2.0 0.0 0.0 0.0 0.0 0.0 0.0 0.0 0.0
5259.0 15453.0 8.0 45323.0 15407.0 11.0 82.0 0.0 0.0 133103.0 67390.5 11925.0 272.0 257.0 133.0 18.0 150.0 0.0 0.0 0.0 0.0 4.0 0.0 0.0 0.0 0.0 0.0 0.0 0.0 0.0
5071.0 14074.0 5.0 38696.0 12960.0 10.0 31.0 0.0 0.0 106053.0 52998.5 8738.0 58.0 83.0 30.0 19.0 107.0 0.0 0.0 0.0 0.0 0.0 0.0 0.0 0.0 0.0 0.0 0.0 0.0 0.0
5096.0 14305.0 3.0 40353.0 13494.0 7.0 22.0 0.0 0.0 114274.0 57724.5 9598.0 55.0 60.0 21.0 15.0 78.0 0.0 0.0 0.0 0.0 0.0 0.0 0.0 0.0 0.0 0.0 0.0 0.0 0.0
5045.0 13963.0 4.0 38612.0 12840.0 7.0 34.0 0.0 0.0 106468.0 53081.5 8989.0 87.0 80.0 45.0 17.0 67.0 0.0 0.0 0.0 0.0 0.0 0.0 0.0 0.0 0.0 0.0 0.0 0.0 0.0
5089.0 14289.0 4.0 39982.0 13362.0 8.0 30.0 0.0 0.0 112325.0 56196.0 9248.0 79.0 73.0 35.0 26.0 97.0 0.0 0.0 0.0 0.0 0.0 0.0 0.0 0.0 0.0 0.0 0.0 0.0 0.0
5041.0 13998.0 3.0 39026.0 12871.0 5.0 30.0 0.0 0.0 108568.0 54308.5 8760.0 76.0 87.0 62.0 21.0 53.0 0.0 0.0 0.0 0.0 0.0 0.0 0.0 0.0 0.0 0.0 0.0 0.0 0.0
37848.0 221806.0 45.0 1298085.0 432547.0 169.0 774.0 0.0 0.0 7594733.0 3791122.5 631331.0 4424.0 4474.0 2210.0 673.0 3843.0 0.0 1.0 0.0 0.0 2.0 0.0 0.0 0.0 0.0 0.0 0.0 0.0 0.0
4993.0 13389.0 2.0 36024.0 11756.0 8.0 20.0 0.0 0.0 96632.0 47328.0 7681.0 58.0 59.0 33.0 13.0 78.0 0.0 0.0 0.0 0.0 0.0 0.0 0.0 0.0 0.0 0.0 0.0 0.0 0.0
5180.0 14666.0 2.0 41307.0 13621.0 6.0 16.0 0.0 0.0 115856.0 57192.0 9250.0 39.0 41.0 21.0 22.0 62.0 0.0 0.0 0.0 0.0 0.0 0.0 0.0 0.0 0.0 0.0 0.0 0.0 0.0
4993.0 13663.0 3.0 36999.0 12494.0 5.0 22.0 0.0 0.0 99739.0 50208.0 8690.0 54.0 52.0 32.0 14.0 55.0 0.0 0.0 0.0 0.0 0.0 0.0 0.0 0.0 0.0 0.0 0.0 0.0 0.0
37860.0 223099.0 24.0 1312709.0 440316.0 162.0 439.0 0.0 0.0 7723940.0 3881407.5 656234.0 2695.0 2463.0 1317.0 696.0 3842.0 0.0 0.0 0.0 0.0 2.0 0.0 0.0 0.0 0.0 0.0 0.0 0.0 0.0
5106.0 14162.0 5.0 39384.0 12879.0 5.0 40.0 0.0 0.0 108587.0 53762.0 8471.0 105.0 100.0 50.0 15.0 54.0 0.0 0.0 0.0 0.0 0.0 0.0 0.0 0.0 0.0 0.0 0.0 0.0 0.0
38133.0 225227.0 38.0 1327931.0 442647.0 162.0 639.0 0.0 0.0 7823611.0 3908871.5 650589.0 3560.0 3747.0 1766.0 729.0 3697.0 0.0 0.0 0.0 1.0 8.0 0.0 0.0 0.0 0.0 0.0 0.0 0.0 0.0
4983.0 13716.0 6.0 37702.0 12655.0 10.0 47.0 0.0 0.0 103856.0 52330.5 8621.0 115.0 142.0 69.0 15.0 102.0 0.0 0.0 0.0 0.0 0.0 0.0 0.0 0.0 0.0 0.0 0.0 0.0 0.0
5080.0 14362.0 1.0 39931.0 13765.0 5.0 7.0 0.0 0.0 111114.0 56521.5 10115.0 11.0 21.0 10.0 24.0 57.0 0.0 0.0 0.0 0.0 0.0 0.0 0.0 0.0 0.0 0.0 0.0 0.0 0.0
5115.0 14303.0 6.0 40221.0 13381.0 7.0 44.0 0.0 0.0 113788.0 56717.0 9391.0 113.0 116.0 43.0 16.0 93.0 0.0 0.0 0.0 0.0 0.0 0.0 0.0 0.0 0.0 0.0 0.0 0.0 0.0
5131.0 14529.0 3.0 40817.0 13908.0 7.0 24.0 0.0 0.0 114595.0 58281.5 10176.0 79.0 63.0 54.0 15.0 69.0 0.0 0.0 0.0 0.0 0.0 0.0 0.0 0.0 0.0 0.0 0.0 0.0 0.0
5150.0 14544.0 2.0 40762.0 13693.0 13.0 12.0 0.0 0.0 114616.0 57362.0 9745.0 24.0 29.0 7.0 23.0 135.0 0.0 0.0 0.0 0.0 0.0 0.0 0.0 0.0 0.0 0.0 0.0 0.0 0.0
5183.0 14689.0 4.0 41590.0 13858.0 10.0 38.0 0.0 0.0 117581.0 58574.0 9850.0 108.0 109.0 68.0 28.0 98.0 0.0 0.0 0.0 0.0 0.0 0.0 0.0 0.0 0.0 0.0 0.0 0.0 0.0
5121.0 14267.0 4.0 39821.0 13068.0 4.0 31.0 0.0 0.0 110931.0 54630.0 8698.0 89.0 70.0 41.0 11.0 48.0 0.0 0.0 0.0 0.0 0.0 0.0 0.0 0.0 0.0 0.0 0.0 0.0 0.0
5077.0 14303.0 2.0 40147.0 13740.0 8.0 13.0 0.0 0.0 112472.0 57385.0 10200.0 23.0 47.0 15.0 23.0 86.0 0.0 0.0 0.0 0.0 0.0 0.0 0.0 0.0 0.0 0.0 0.0 0.0 0.0
5127.0 14503.0 2.0 41118.0 13697.0 5.0 17.0 0.0 0.0 116481.0 58489.5 9511.0 45.0 47.0 21.0 17.0 55.0 0.0 0.0 0.0 0.0 0.0 0.0 0.0 0.0 0.0 0.0 0.0 0.0 0.0
5178.0 14733.0 3.0 41807.0 13865.0 7.0 27.0 0.0 0.0 118253.0 58891.5 9564.0 79.0 71.0 38.0 16.0 75.0 0.0 0.0 0.0 0.0 0.0 0.0 0.0 0.0 0.0 0.0 0.0 0.0 0.0
5104.0 14359.0 6.0 40310.0 13667.0 7.0 48.0 0.0 0.0 112618.0 57760.0 9936.0 125.0 142.0 63.0 20.0 97.0 0.0 0.0 0.0 0.0 0.0 0.0 0.0 0.0 0.0 0.0 0.0 0.0 0.0
5070.0 14069.0 5.0 39041.0 13113.0 11.0 29.0 0.0 0.0 107787.0 54709.5 9363.0 47.0 92.0 30.0 25.0 130.0 0.0 0.0 0.0 0.0 0.0 0.0 0.0 0.0 0.0 0.0 0.0 0.0 0.0
5136.0 14476.0 3.0 40765.0 13413.0 14.0 26.0 0.0 0.0 113925.0 56684.5 8928.0 78.0 83.0 48.0 19.0 160.0 0.0 0.0 0.0 0.0 0.0 0.0 0.0 0.0 0.0 0.0 0.0 0.0 0.0
5171.0 14530.0 4.0 40682.0 13521.0 12.0 28.0 0.0 0.0 114210.0 56322.0 9276.0 61.0 97.0 29.0 17.0 129.0 0.0 0.0 0.0 0.0 0.0 0.0 0.0 0.0 0.0 0.0 0.0 0.0 0.0
5110.0 14404.0 1.0 40336.0 13696.0 5.0 5.0 0.0 0.0 112596.0 56833.5 9837.0 8.0 12.0 2.0 20.0 57.0 0.0 0.0 0.0 0.0 0.0 0.0 0.0 0.0 0.0 0.0 0.0 0.0 0.0
4936.0 13290.0 3.0 35533.0 11971.0 5.0 21.0 0.0 0.0 95304.0 47935.0 8141.0 48.0 52.0 16.0 11.0 53.0 0.0 0.0 0.0 0.0 0.0 0.0 0.0 0.0 0.0 0.0 0.0 0.0 0.0
5047.0 13748.0 2.0 37540.0 12441.0 2.0 19.0 0.0 0.0 102308.0 51503.5 8428.0 53.0 51.0 28.0 15.0 30.0 0.0 0.0 0.0 0.0 0.0 0.0 0.0 0.0 0.0 0.0 0.0 0.0 0.0
5033.0 13838.0 4.0 37840.0 12552.0 8.0 39.0 0.0 0.0 103820.0 51261.0 8455.0 116.0 114.0 64.0 17.0 69.0 0.0 0.0 0.0 0.0 0.0 0.0 0.0 0.0 0.0 0.0 0.0 0.0 0.0
5336.0 15491.0 3.0 44992.0 14873.0 10.0 23.0 0.0 0.0 130513.0 64912.5 10731.0 59.0 55.0 22.0 13.0 125.0 0.0 0.0 0.0 0.0 2.0 0.0 0.0 0.0 0.0 0.0 0.0 0.0 0.0
5070.0 14389.0 4.0 41019.0 13847.0 8.0 35.0 0.0 0.0 116412.0 59653.5 10123.0 90.0 86.0 51.0 17.0 79.0 0.0 0.0 0.0 0.0 2.0 0.0 0.0 0.0 0.0 0.0 0.0 0.0 0.0
4959.0 13415.0 6.0 36447.0 12098.0 5.0 46.0 0.0 0.0 98768.0 49396.5 8397.0 141.0 137.0 57.0 13.0 70.0 0.0 0.0 0.0 0.0 0.0 0.0 0.0 0.0 0.0 0.0 0.0 0.0 0.0
5095.0 14369.0 1.0 40480.0 13627.0 7.0 6.0 0.0 0.0 113623.0 57348.0 9897.0 11.0 9.0 4.0 18.0 82.0 0.0 0.0 0.0 0.0 0.0 0.0 0.0 0.0 0.0 0.0 0.0 0.0 0.0
5162.0 14441.0 4.0 40575.0 13421.0 9.0 29.0 0.0 0.0 113934.0 56883.5 9314.0 81.0 68.0 37.0 14.0 81.0 0.0 0.0 0.0 0.0 0.0 0.0 0.0 0.0 0.0 0.0 0.0 0.0 0.0
5089.0 14168.0 1.0 39431.0 12950.0 5.0 5.0 0.0 0.0 109519.0 54146.5 8773.0 7.0 6.0 3.0 18.0 45.0 0.0 0.0 0.0 0.0 0.0 0.0 0.0 0.0 0.0 0.0 0.0 0.0 0.0
5097.0 14549.0 3.0 41617.0 14150.0 10.0 21.0 0.0 0.0 119229.0 60983.0 10439.0 49.0 59.0 18.0 20.0 97.0 0.0 0.0 0.0 0.0 0.0 0.0 0.0 0.0 0.0 0.0 0.0 0.0 0.0
5066.0 14050.0 5.0 39181.0 12962.0 11.0 38.0 0.0 0.0 109122.0 54530.0 8791.0 85.0 97.0 59.0 21.0 119.0 0.0 0.0 0.0 0.0 0.0 0.0 0.0 0.0 0.0 0.0 0.0 0.0 0.0
5057.0 13951.0 4.0 38517.0 12630.0 3.0 26.0 0.0 0.0 105814.0 52433.5 8193.0 43.0 90.0 34.0 16.0 33.0 0.0 0.0 0.0 0.0 0.0 0.0 0.0 0.0 0.0 0.0 0.0 0.0 0.0
5190.0 14601.0 2.0 40770.0 13680.0 3.0 23.0 0.0 0.0 113933.0 56809.0 9660.0 99.0 64.0 42.0 20.0 40.0 0.0 0.0 0.0 0.0 0.0 0.0 0.0 0.0 0.0 0.0 0.0 0.0 0.0
5240.0 14862.0 0.0 42053.0 13723.0 13.0 0.0 0.0 0.0 119308.0 58117.5 9212.0 0.0 0.0 0.0 23.0 129.0 0.0 0.0 0.0 0.0 0.0 0.0 0.0 0.0 0.0 0.0 0.0 0.0 0.0
5085.0 14215.0 5.0 39536.0 13161.0 8.0 40.0 0.0 0.0 109799.0 54916.5 9104.0 106.0 106.0 62.0 20.0 98.0 0.0 0.0 0.0 0.0 0.0 0.0 0.0 0.0 0.0 0.0 0.0 0.0 0.0
5134.0 14564.0 5.0 40843.0 13943.0 1.0 44.0 0.0 0.0 114507.0 57546.5 10229.0 109.0 114.0 70.0 12.0 15.0 0.0 0.0 0.0 0.0 0.0 0.0 0.0 0.0 0.0 0.0 0.0 0.0 0.0
5167.0 14616.0 2.0 41152.0 13629.0 9.0 16.0 0.0 0.0 115318.0 57379.0 9360.0 58.0 53.0 23.0 21.0 113.0 0.0 0.0 0.0 0.0 0.0 0.0 0.0 0.0 0.0 0.0 0.0 0.0 0.0
5133.0 14398.0 4.0 40151.0 13301.0 6.0 31.0 0.0 0.0 112282.0 55197.0 9067.0 81.0 88.0 47.0 20.0 69.0 0.0 0.0 0.0 0.0 0.0 0.0 0.0 0.0 0.0 0.0 0.0 0.0 0.0
37876.0 221620.0 35.0 1296862.0 431443.0 124.0 597.0 1.0 0.0 7588436.0 3790603.5 629676.0 3408.0 3552.0 1734.0 680.0 2881.0 12.0 0.0 9.0 1.0 0.0 0.0 0.0 0.0 0.0 0.0 0.0 0.0 0.0
4872.0 12978.0 2.0 34636.0 11321.0 9.0 15.0 0.0 0.0 92430.0 45414.5 7161.0 33.0 29.0 16.0 8.0 109.0 0.0 0.0 0.0 0.0 0.0 0.0 0.0 0.0 0.0 0.0 0.0 0.0 0.0
5196.0 14519.0 4.0 40380.0 13526.0 8.0 38.0 0.0 0.0 111455.0 56353.5 9540.0 98.0 103.0 66.0 19.0 93.0 0.0 0.0 0.0 0.0 0.0 0.0 0.0 0.0 0.0 0.0 0.0 0.0 0.0
37732.0 220132.0 30.0 1282653.0 427444.0 139.0 480.0 0.0 0.0 7474006.0 3732517.0 623571.0 2578.0 2715.0 1356.0 682.0 3219.0 0.0 0.0 0.0 0.0 0.0 0.0 0.0 0.0 0.0 0.0 0.0 0.0 0.0
5095.0 14359.0 2.0 40282.0 13603.0 10.0 16.0 0.0 0.0 113053.0 57162.5 9595.0 34.0 51.0 23.0 15.0 102.0 0.0 0.0 0.0 0.0 0.0 0.0 0.0 0.0 0.0 0.0 0.0 0.0 0.0
5110.0 14300.0 3.0 40044.0 13314.0 3.0 20.0 0.0 0.0 112064.0 56040.5 9235.0 42.0 55.0 29.0 9.0 33.0 0.0 0.0 0.0 0.0 0.0 0.0 0.0 0.0 0.0 0.0 0.0 0.0 0.0
5032.0 13840.0 4.0 38068.0 12774.0 8.0 37.0 0.0 0.0 104379.0 52407.5 9017.0 110.0 96.0 74.0 8.0 98.0 0.0 0.0 0.0 0.0 0.0 0.0 0.0 0.0 0.0 0.0 0.0 0.0 0.0
5113.0 14226.0 4.0 39960.0 13224.0 3.0 25.0 0.0 0.0 112095.0 56049.0 9308.0 45.0 83.0 22.0 23.0 34.0 0.0 0.0 0.0 0.0 0.0 0.0 0.0 0.0 0.0 0.0 0.0 0.0 0.0
5104.0 14290.0 3.0 39745.0 13309.0 9.0 23.0 0.0 0.0 110385.0 55044.0 9341.0 51.0 69.0 28.0 15.0 88.0 0.0 0.0 0.0 0.0 0.0 0.0 0.0 0.0 0.0 0.0 0.0 0.0 0.0
5060.0 14154.0 3.0 39737.0 13142.0 10.0 23.0 0.0 0.0 110933.0 55522.0 9027.0 60.0 71.0 27.0 11.0 110.0 0.0 0.0 0.0 0.0 0.0 0.0 0.0 0.0 0.0 0.0 0.0 0.0 0.0
5122.0 14505.0 4.0 41140.0 13755.0 7.0 45.0 0.0 0.0 116418.0 58886.5 9751.0 179.0 124.0 82.0 20.0 82.0 0.0 0.0 0.0 0.0 0.0 0.0 0.0 0.0 0.0 0.0 0.0 0.0 0.0
5066.0 14274.0 3.0 40049.0 13457.0 10.0 34.0 0.0 0.0 112513.0 56717.5 9420.0 100.0 113.0 81.0 19.0 108.0 0.0 0.0 0.0 0.0 0.0 0.0 0.0 0.0 0.0 0.0 0.0 0.0 0.0
5101.0 14212.0 9.0 39391.0 13207.0 11.0 63.0 1.0 0.0 109374.0 54754.5 9229.0 160.0 171.0 74.0 20.0 134.0 5.0 0.0 7.0 0.0 0.0 0.0 0.0 0.0 0.0 0.0 0.0 0.0 0.0
4986.0 13774.0 3.0 38033.0 12655.0 3.0 26.0 0.0 0.0 104709.0 52373.5 8541.0 71.0 83.0 31.0 18.0 38.0 0.0 0.0 0.0 0.0 0.0 0.0 0.0 0.0 0.0 0.0 0.0 0.0 0.0
5144.0 14582.0 4.0 41488.0 13770.0 12.0 28.0 0.0 0.0 117645.0 58894.5 9759.0 56.0 76.0 37.0 29.0 122.0 0.0 0.0 0.0 0.0 0.0 0.0 0.0 0.0 0.0 0.0 0.0 0.0 0.0
5100.0 14103.0 6.0 38948.0 12696.0 10.0 56.0 0.0 0.0 107340.0 52382.5 8212.0 179.0 146.0 85.0 15.0 112.0 0.0 0.0 0.0 0.0 0.0 0.0 0.0 0.0 0.0 0.0 0.0 0.0 0.0
5135.0 14528.0 2.0 40926.0 13467.0 11.0 13.0 0.0 0.0 115122.0 56596.5 9078.0 25.0 38.0 13.0 21.0 116.0 0.0 0.0 0.0 0.0 0.0 0.0 0.0 0.0 0.0 0.0 0.0 0.0 0.0
5106.0 14259.0 5.0 39689.0 13192.0 7.0 39.0 0.0 0.0 109843.0 54946.0 9011.0 97.0 109.0 44.0 20.0 75.0 0.0 0.0 0.0 0.0 2.0 0.0 0.0 0.0 0.0 0.0 0.0 0.0 0.0
5072.0 14212.0 4.0 39821.0 13309.0 6.0 44.0 0.0 0.0 111920.0 55921.0 9340.0 175.0 113.0 72.0 18.0 53.0 0.0 0.0 0.0 0.0 0.0 0.0 0.0 0.0 0.0 0.0 0.0 0.0 0.0
5137.0 14378.0 3.0 40126.0 13514.0 5.0 26.0 0.0 0.0 111938.0 56413.5 9700.0 80.0 80.0 34.0 16.0 65.0 0.0 0.0 0.0 0.0 0.0 0.0 0.0 0.0 0.0 0.0 0.0 0.0 0.0
5094.0 14117.0 2.0 39061.0 12920.0 3.0 18.0 0.0 0.0 108058.0 53436.0 8803.0 60.0 55.0 28.0 17.0 33.0 0.0 0.0 0.0 0.0 0.0 0.0 0.0 0.0 0.0 0.0 0.0 0.0 0.0
5073.0 14168.0 3.0 39663.0 13402.0 7.0 25.0 0.0 0.0 111036.0 55950.0 9885.0 70.0 62.0 30.0 12.0 82.0 0.0 0.0 0.0 0.0 0.0 0.0 0.0 0.0 0.0 0.0 0.0 0.0 0.0
5185.0 14717.0 6.0 41987.0 13926.0 10.0 50.0 0.0 0.0 119476.0 59663.0 9905.0 121.0 135.0 72.0 32.0 133.0 0.0 0.0 0.0 0.0 0.0 0.0 0.0 0.0 0.0 0.0 0.0 0.0 0.0
5112.0 14420.0 3.0 40901.0 13735.0 11.0 28.0 0.0 0.0 115443.0 58572.0 10050.0 84.0 77.0 42.0 14.0 134.0 0.0 0.0 0.0 0.0 0.0 0.0 0.0 0.0 0.0 0.0 0.0 0.0 0.0
5060.0 14262.0 2.0 40055.0 13448.0 9.0 20.0 0.0 0.0 112725.0 56509.0 9425.0 69.0 75.0 30.0 20.0 104.0 0.0 0.0 0.0 0.0 0.0 0.0 0.0 0.0 0.0 0.0 0.0 0.0 0.0
4870.0 13199.0 4.0 35752.0 12310.0 7.0 32.0 0.0 0.0 97279.0 50196.0 8931.0 79.0 98.0 40.0 5.0 66.0 0.0 0.0 0.0 0.0 0.0 0.0 0.0 0.0 0.0 0.0 0.0 0.0 0.0
5205.0 15162.0 7.0 44037.0 14965.0 8.0 58.0 0.0 0.0 127390.0 65119.0 11134.0 184.0 162.0 96.0 29.0 104.0 0.0 0.0 0.0 0.0 0.0 0.0 0.0 0.0 0.0 0.0 0.0 0.0 0.0
5110.0 14336.0 1.0 40207.0 13337.0 6.0 11.0 0.0 0.0 112480.0 56156.0 9428.0 36.0 33.0 19.0 13.0 68.0 0.0 0.0 0.0 0.0 0.0 0.0 0.0 0.0 0.0 0.0 0.0 0.0 0.0
5183.0 14749.0 5.0 41795.0 13683.0 7.0 54.0 0.0 0.0 118735.0 57900.0 9122.0 179.0 155.0 107.0 24.0 90.0 0.0 1.0 0.0 0.0 0.0 0.0 0.0 0.0 0.0 0.0 0.0 0.0 0.0
4928.0 13342.0 2.0 36085.0 12095.0 5.0 22.0 0.0 0.0 97890.0 48963.5 8322.0 106.0 49.0 53.0 14.0 58.0 0.0 0.0 0.0 0.0 0.0 0.0 0.0 0.0 0.0 0.0 0.0 0.0 0.0
5088.0 14316.0 1.0 40200.0 13583.0 10.0 8.0 0.0 0.0 113408.0 57390.0 9705.0 20.0 24.0 8.0 17.0 122.0 0.0 0.0 0.0 0.0 0.0 0.0 0.0 0.0 0.0 0.0 0.0 0.0 0.0
5025.0 13882.0 2.0 38278.0 12854.0 7.0 22.0 0.0 0.0 106285.0 53166.5 8955.0 83.0 67.0 36.0 27.0 75.0 0.0 0.0 0.0 0.0 0.0 0.0 0.0 0.0 0.0 0.0 0.0 0.0 0.0
4944.0 13302.0 3.0 35833.0 11923.0 12.0 30.0 0.0 0.0 96390.0 48171.0 7977.0 95.0 80.0 41.0 20.0 120.0 0.0 0.0 0.0 0.0 0.0 0.0 0.0 0.0 0.0 0.0 0.0 0.0 0.0
5024.0 14073.0 4.0 39257.0 13438.0 7.0 33.0 0.0 0.0 109886.0 56425.0 9806.0 94.0 92.0 44.0 17.0 70.0 0.0 0.0 0.0 0.0 0.0 0.0 0.0 0.0 0.0 0.0 0.0 0.0 0.0
5111.0 14700.0 6.0 42345.0 14596.0 13.0 48.0 0.0 0.0 121901.0 63113.5 11262.0 124.0 151.0 58.0 11.0 170.0 0.0 0.0 0.0 0.0 0.0 0.0 0.0 0.0 0.0 0.0 0.0 0.0 0.0
4927.0 13286.0 2.0 35525.0 11891.0 8.0 14.0 0.0 0.0 95544.0 47159.5 7782.0 29.0 38.0 14.0 17.0 95.0 0.0 0.0 0.0 0.0 0.0 0.0 0.0 0.0 0.0 0.0 0.0 0.0 0.0
5127.0 14314.0 5.0 39786.0 13378.0 9.0 30.0 0.0 0.0 110388.0 55548.0 9442.0 56.0 86.0 28.0 16.0 99.0 0.0 0.0 0.0 0.0 0.0 0.0 0.0 0.0 0.0 0.0 0.0 0.0 0.0
5080.0 14128.0 2.0 39094.0 13065.0 10.0 14.0 0.0 0.0 108553.0 53907.0 8958.0 27.0 40.0 15.0 17.0 117.0 0.0 0.0 0.0 0.0 0.0 0.0 0.0 0.0 0.0 0.0 0.0 0.0 0.0
5103.0 14222.0 3.0 39403.0 13293.0 6.0 27.0 0.0 0.0 108781.0 54514.5 9321.0 75.0 79.0 36.0 11.0 79.0 0.0 0.0 0.0 0.0 0.0 0.0 0.0 0.0 0.0 0.0 0.0 0.0 0.0
5080.0 14190.0 5.0 39921.0 13294.0 12.0 52.0 0.0 0.0 112689.0 56375.0 9604.0 173.0 160.0 105.0 18.0 149.0 0.0 0.0 0.0 0.0 0.0 0.0 0.0 0.0 0.0 0.0 0.0 0.0 0.0
5005.0 13799.0 3.0 37970.0 12580.0 5.0 22.0 0.0 0.0 104816.0 51816.0 8342.0 53.0 64.0 27.0 12.0 47.0 0.0 0.0 0.0 0.0 0.0 0.0 0.0 0.0 0.0 0.0 0.0 0.0 0.0
5044.0 13997.0 4.0 38440.0 12963.0 8.0 42.0 0.0 0.0 105633.0 52975.5 9046.0 130.0 127.0 72.0 21.0 77.0 0.0 0.0 0.0 0.0 0.0 0.0 0.0 0.0 0.0 0.0 0.0 0.0 0.0
5007.0 13790.0 5.0 37703.0 12672.0 6.0 35.0 0.0 0.0 102312.0 51713.5 8682.0 66.0 112.0 52.0 9.0 74.0 0.0 0.0 0.0 0.0 0.0 0.0 0.0 0.0 0.0 0.0 0.0 0.0 0.0
5066.0 13987.0 1.0 38566.0 12876.0 11.0 6.0 0.0 0.0 105852.0 52999.0 8922.0 12.0 15.0 3.0 19.0 111.0 0.0 0.0 0.0 0.0 0.0 0.0 0.0 0.0 0.0 0.0 0.0 0.0 0.0
5173.0 14494.0 3.0 40368.0 13342.0 13.0 20.0 0.0 0.0 112365.0 55221.0 8992.0 35.0 53.0 22.0 16.0 127.0 0.0 0.0 0.0 0.0 0.0 0.0 0.0 0.0 0.0 0.0 0.0 0.0 0.0
5053.0 14059.0 3.0 39018.0 13207.0 9.0 31.0 0.0 0.0 108015.0 54649.5 9486.0 101.0 81.0 58.0 19.0 118.0 0.0 0.0 0.0 0.0 0.0 0.0 0.0 0.0 0.0 0.0 0.0 0.0 0.0
4950.0 13456.0 0.0 36973.0 12145.0 7.0 0.0 0.0 0.0 101476.0 50726.5 8190.0 0.0 0.0 0.0 18.0 65.0 0.0 0.0 0.0 0.0 0.0 0.0 0.0 0.0 0.0 0.0 0.0 0.0 0.0
5043.0 13890.0 3.0 38016.0 12742.0 10.0 16.0 0.0 0.0 103825.0 51694.5 8619.0 30.0 44.0 11.0 11.0 129.0 0.0 0.0 0.0 0.0 0.0 0.0 0.0 0.0 0.0 0.0 0.0 0.0 0.0
5096.0 14206.0 5.0 39447.0 13140.0 6.0 41.0 0.0 0.0 109277.0 54640.5 9010.0 119.0 114.0 44.0 20.0 67.0 0.0 0.0 0.0 0.0 0.0 0.0 0.0 0.0 0.0 0.0 0.0 0.0 0.0
5031.0 13834.0 6.0 37991.0 12602.0 14.0 42.0 0.0 0.0 104117.0 51711.0 8708.0 88.0 123.0 49.0 18.0 145.0 0.0 0.0 0.0 0.0 2.0 0.0 0.0 0.0 0.0 0.0 0.0 0.0 0.0
5047.0 13856.0 4.0 37975.0 12521.0 4.0 31.0 0.0 0.0 103907.0 51286.5 8239.0 73.0 83.0 34.0 15.0 34.0 0.0 0.0 0.0 0.0 0.0 0.0 0.0 0.0 0.0 0.0 0.0 0.0 0.0
5005.0 13549.0 3.0 36537.0 12031.0 9.0 17.0 0.0 0.0 98718.0 48369.0 7871.0 30.0 45.0 14.0 16.0 85.0 0.0 0.0 0.0 0.0 0.0 0.0 0.0 0.0 0.0 0.0 0.0 0.0 0.0
5103.0 14376.0 5.0 40431.0 13377.0 7.0 44.0 0.0 0.0 113199.0 56501.0 8994.0 129.0 140.0 81.0 18.0 72.0 0.0 0.0 0.0 0.0 0.0 0.0 0.0 0.0 0.0 0.0 0.0 0.0 0.0
5079.0 14189.0 0.0 39810.0 13363.0 6.0 0.0 0.0 0.0 111286.0 56248.5 9478.0 0.0 0.0 0.0 10.0 71.0 0.0 0.0 0.0 0.0 0.0 0.0 0.0 0.0 0.0 0.0 0.0 0.0 0.0
5072.0 14069.0 6.0 38792.0 12873.0 7.0 50.0 0.0 0.0 106772.0 52978.0 8747.0 148.0 142.0 66.0 29.0 69.0 0.0 0.0 0.0 0.0 0.0 0.0 0.0 0.0 0.0 0.0 0.0 0.0 0.0
5195.0 14956.0 3.0 42463.0 14689.0 13.0 18.0 0.0 0.0 120334.0 61779.5 11174.0 27.0 55.0 19.0 11.0 143.0 0.0 0.0 0.0 0.0 0.0 0.0 0.0 0.0 0.0 0.0 0.0 0.0 0.0
5037.0 13992.0 1.0 39053.0 12962.0 9.0 9.0 0.0 0.0 109014.0 54644.0 8946.0 26.0 21.0 10.0 17.0 89.0 0.0 0.0 0.0 0.0 0.0 0.0 0.0 0.0 0.0 0.0 0.0 0.0 0.0
5052.0 13901.0 1.0 38362.0 12722.0 10.0 7.0 0.0 0.0 105623.0 52627.0 8599.0 12.0 26.0 9.0 11.0 123.0 0.0 0.0 0.0 0.0 0.0 0.0 0.0 0.0 0.0 0.0 0.0 0.0 0.0
5030.0 13910.0 4.0 38299.0 12576.0 1.0 38.0 0.0 0.0 105241.0 51707.5 8174.0 127.0 98.0 55.0 15.0 11.0 0.0 0.0 0.0 0.0 0.0 0.0 0.0 0.0 0.0 0.0 0.0 0.0 0.0
4991.0 13564.0 2.0 36791.0 12186.0 4.0 21.0 0.0 0.0 100094.0 49331.5 8111.0 71.0 61.0 31.0 10.0 43.0 0.0 0.0 0.0 0.0 0.0 0.0 0.0 0.0 0.0 0.0 0.0 0.0 0.0
5085.0 14092.0 5.0 38870.0 12825.0 12.0 34.0 0.0 0.0 107283.0 53148.0 8578.0 70.0 109.0 36.0 24.0 146.0 0.0 0.0 0.0 0.0 0.0 0.0 0.0 0.0 0.0 0.0 0.0 0.0 0.0
5109.0 14219.0 4.0 39441.0 13113.0 5.0 34.0 0.0 0.0 108592.0 54401.5 8931.0 88.0 98.0 45.0 14.0 51.0 0.0 0.0 0.0 0.0 0.0 0.0 0.0 0.0 0.0 0.0 0.0 0.0 0.0
5085.0 14135.0 2.0 39554.0 13153.0 9.0 18.0 0.0 0.0 110497.0 55864.0 9281.0 50.0 44.0 23.0 22.0 92.0 0.0 0.0 0.0 0.0 0.0 0.0 0.0 0.0 0.0 0.0 0.0 0.0 0.0
5117.0 14218.0 5.0 39151.0 12979.0 7.0 43.0 0.0 0.0 108017.0 53129.5 8657.0 120.0 108.0 50.0 17.0 87.0 0.0 0.0 0.0 0.0 0.0 0.0 0.0 0.0 0.0 0.0 0.0 0.0 0.0
4982.0 13448.0 2.0 35955.0 11939.0 9.0 18.0 0.0 0.0 96056.0 47682.5 7719.0 49.0 44.0 23.0 10.0 108.0 0.0 0.0 0.0 0.0 0.0 0.0 0.0 0.0 0.0 0.0 0.0 0.0 0.0
5117.0 14392.0 4.0 40421.0 13583.0 7.0 32.0 0.0 0.0 113390.0 57016.0 9549.0 66.0 75.0 55.0 15.0 82.0 0.0 0.0 0.0 0.0 0.0 0.0 0.0 0.0 0.0 0.0 0.0 0.0 0.0
5118.0 14294.0 3.0 39986.0 13073.0 7.0 29.0 0.0 0.0 111841.0 54667.0 8809.0 93.0 76.0 41.0 17.0 59.0 0.0 0.0 0.0 0.0 0.0 0.0 0.0 0.0 0.0 0.0 0.0 0.0 0.0
5111.0 14157.0 3.0 39320.0 13012.0 11.0 21.0 0.0 0.0 109335.0 54223.0 8989.0 42.0 73.0 25.0 14.0 123.0 0.0 0.0 0.0 0.0 0.0 0.0 0.0 0.0 0.0 0.0 0.0 0.0 0.0
5122.0 14521.0 3.0 40921.0 14077.0 7.0 19.0 0.0 0.0 115245.0 59030.5 10517.0 37.0 42.0 20.0 16.0 81.0 0.0 0.0 0.0 0.0 0.0 0.0 0.0 0.0 0.0 0.0 0.0 0.0 0.0
5191.0 15082.0 6.0 43492.0 14761.0 6.0 53.0 0.0 0.0 125090.0 63300.0 10665.0 197.0 117.0 78.0 22.0 69.0 0.0 0.0 0.0 0.0 0.0 0.0 0.0 0.0 0.0 0.0 0.0 0.0 0.0
5052.0 13872.0 6.0 38124.0 12448.0 9.0 46.0 0.0 0.0 104281.0 51458.0 8145.0 101.0 126.0 57.0 18.0 90.0 0.0 0.0 0.0 0.0 0.0 0.0 0.0 0.0 0.0 0.0 0.0 0.0 0.0
5028.0 14038.0 0.0 39099.0 13113.0 14.0 0.0 0.0 0.0 108872.0 54362.0 9033.0 0.0 0.0 0.0 11.0 157.0 0.0 0.0 0.0 0.0 0.0 0.0 0.0 0.0 0.0 0.0 0.0 0.0 0.0
5053.0 14099.0 8.0 39335.0 13173.0 4.0 68.0 0.0 0.0 109622.0 54837.0 9218.0 193.0 180.0 90.0 18.0 54.0 0.0 0.0 0.0 0.0 0.0 0.0 0.0 0.0 0.0 0.0 0.0 0.0 0.0
4929.0 13307.0 1.0 35675.0 12025.0 4.0 5.0 0.0 0.0 95491.0 48088.5 8180.0 8.0 14.0 2.0 12.0 46.0 0.0 0.0 0.0 0.0 0.0 0.0 0.0 0.0 0.0 0.0 0.0 0.0 0.0
5150.0 14448.0 3.0 40646.0 13420.0 6.0 24.0 0.0 0.0 114271.0 56955.5 9358.0 59.0 51.0 29.0 17.0 77.0 0.0 0.0 0.0 0.0 0.0 0.0 0.0 0.0 0.0 0.0 0.0 0.0 0.0
5208.0 14900.0 7.0 42370.0 14099.0 7.0 64.0 0.0 0.0 119965.0 59803.0 9809.0 196.0 176.0 76.0 23.0 76.0 0.0 0.0 0.0 0.0 2.0 0.0 0.0 0.0 0.0 0.0 0.0 0.0 0.0
5087.0 14051.0 2.0 39073.0 12719.0 4.0 13.0 0.0 0.0 108265.0 53525.5 8579.0 20.0 44.0 22.0 14.0 51.0 0.0 0.0 0.0 0.0 0.0 0.0 0.0 0.0 0.0 0.0 0.0 0.0 0.0
5069.0 14192.0 2.0 39905.0 13233.0 3.0 19.0 0.0 0.0 111907.0 55697.0 9144.0 55.0 44.0 28.0 18.0 37.0 0.0 0.0 0.0 0.0 0.0 0.0 0.0 0.0 0.0 0.0 0.0 0.0 0.0
5069.0 14199.0 2.0 40178.0 13462.0 10.0 14.0 0.0 0.0 113665.0 57530.0 9669.0 42.0 33.0 16.0 22.0 122.0 0.0 0.0 0.0 0.0 0.0 0.0 0.0 0.0 0.0 0.0 0.0 0.0 0.0
5132.0 14483.0 5.0 40909.0 13499.0 9.0 33.0 1.0 0.0 115777.0 57308.5 9173.0 62.0 90.0 35.0 21.0 113.0 4.0 0.0 4.0 0.0 0.0 0.0 0.0 0.0 0.0 0.0 0.0 0.0 0.0
5047.0 13932.0 4.0 38327.0 12943.0 6.0 30.0 0.0 0.0 105217.0 53223.0 9257.0 76.0 79.0 36.0 12.0 56.0 0.0 0.0 0.0 0.0 0.0 0.0 0.0 0.0 0.0 0.0 0.0 0.0 0.0
5046.0 13960.0 2.0 38531.0 12746.0 5.0 17.0 0.0 0.0 106371.0 52441.5 8547.0 39.0 50.0 25.0 11.0 45.0 0.0 0.0 0.0 0.0 0.0 0.0 0.0 0.0 0.0 0.0 0.0 0.0 0.0
5077.0 14195.0 5.0 39528.0 13271.0 5.0 36.0 0.0 0.0 110371.0 55172.5 9323.0 78.0 89.0 38.0 12.0 60.0 0.0 0.0 0.0 0.0 0.0 0.0 0.0 0.0 0.0 0.0 0.0 0.0 0.0
5098.0 14285.0 3.0 40108.0 13581.0 9.0 24.0 0.0 0.0 111917.0 56884.0 9828.0 54.0 73.0 30.0 13.0 103.0 0.0 0.0 0.0 0.0 2.0 0.0 0.0 0.0 0.0 0.0 0.0 0.0 0.0
5158.0 14492.0 5.0 40533.0 13263.0 4.0 39.0 0.0 0.0 112826.0 55444.5 8846.0 96.0 98.0 46.0 12.0 51.0 0.0 0.0 0.0 0.0 0.0 0.0 0.0 0.0 0.0 0.0 0.0 0.0 0.0
5228.0 14947.0 4.0 42758.0 14158.0 11.0 35.0 0.0 0.0 121940.0 60505.5 9952.0 106.0 99.0 55.0 15.0 131.0 0.0 0.0 0.0 0.0 0.0 0.0 0.0 0.0 0.0 0.0 0.0 0.0 0.0
5070.0 13984.0 2.0 38658.0 12693.0 8.0 19.0 0.0 0.0 106480.0 52715.0 8384.0 50.0 39.0 31.0 16.0 95.0 0.0 0.0 0.0 0.0 0.0 0.0 0.0 0.0 0.0 0.0 0.0 0.0 0.0
5017.0 13908.0 4.0 38854.0 12844.0 8.0 36.0 0.0 0.0 108864.0 54369.0 8799.0 97.0 104.0 53.0 16.0 96.0 0.0 0.0 0.0 0.0 0.0 0.0 0.0 0.0 0.0 0.0 0.0 0.0 0.0
5124.0 14235.0 2.0 39151.0 13108.0 5.0 20.0 0.0 0.0 107676.0 53881.5 8978.0 62.0 52.0 28.0 19.0 64.0 0.0 0.0 0.0 0.0 0.0 0.0 0.0 0.0 0.0 0.0 0.0 0.0 0.0
5040.0 13755.0 3.0 37509.0 12491.0 7.0 29.0 0.0 0.0 102529.0 51050.0 8414.0 87.0 74.0 43.0 16.0 73.0 0.0 0.0 0.0 0.0 0.0 0.0 0.0 0.0 0.0 0.0 0.0 0.0 0.0
5111.0 14193.0 4.0 39073.0 13034.0 9.0 24.0 0.0 0.0 107359.0 53553.0 8874.0 44.0 70.0 20.0 11.0 109.0 0.0 0.0 0.0 0.0 0.0 0.0 0.0 0.0 0.0 0.0 0.0 0.0 0.0
5078.0 14372.0 5.0 40553.0 13661.0 11.0 44.0 0.0 0.0 114523.0 57598.0 9796.0 125.0 122.0 52.0 15.0 138.0 0.0 0.0 0.0 0.0 0.0 0.0 0.0 0.0 0.0 0.0 0.0 0.0 0.0
5038.0 13996.0 4.0 38858.0 13297.0 12.0 33.0 0.0 0.0 107185.0 55603.5 9799.0 84.0 104.0 48.0 14.0 124.0 0.0 0.0 0.0 0.0 0.0 0.0 0.0 0.0 0.0 0.0 0.0 0.0 0.0
5013.0 13750.0 5.0 37813.0 12487.0 9.0 38.0 0.0 0.0 103411.0 51552.5 8346.0 92.0 91.0 56.0 21.0 92.0 0.0 0.0 0.0 0.0 0.0 0.0 0.0 0.0 0.0 0.0 0.0 0.0 0.0
5130.0 14474.0 5.0 40717.0 13755.0 11.0 35.0 0.0 0.0 114445.0 57700.0 9948.0 78.0 99.0 38.0 10.0 144.0 0.0 0.0 0.0 0.0 0.0 0.0 0.0 0.0 0.0 0.0 0.0 0.0 0.0
5147.0 14881.0 1.0 42827.0 14597.0 5.0 9.0 0.0 0.0 123939.0 62959.0 10601.0 23.0 20.0 13.0 14.0 58.0 0.0 0.0 0.0 0.0 0.0 0.0 0.0 0.0 0.0 0.0 0.0 0.0 0.0
5026.0 14033.0 5.0 39271.0 13131.0 7.0 46.0 0.0 0.0 109885.0 55378.5 9077.0 124.0 134.0 78.0 19.0 73.0 0.0 0.0 0.0 0.0 0.0 0.0 0.0 0.0 0.0 0.0 0.0 0.0 0.0
5287.0 15299.0 3.0 44365.0 14775.0 13.0 24.0 0.0 0.0 129057.0 64577.0 10576.0 63.0 62.0 30.0 27.0 135.0 0.0 0.0 0.0 0.0 0.0 0.0 0.0 0.0 0.0 0.0 0.0 0.0 0.0
5076.0 14082.0 1.0 39093.0 13105.0 16.0 11.0 0.0 0.0 108339.0 54698.0 9363.0 36.0 31.0 19.0 13.0 197.0 0.0 0.0 0.0 0.0 0.0 0.0 0.0 0.0 0.0 0.0 0.0 0.0 0.0
5051.0 13818.0 4.0 37319.0 12381.0 7.0 39.0 0.0 0.0 100771.0 49443.0 8100.0 119.0 109.0 66.0 15.0 73.0 0.0 0.0 0.0 0.0 0.0 0.0 0.0 0.0 0.0 0.0 0.0 0.0 0.0
5115.0 14622.0 7.0 41643.0 14173.0 9.0 59.0 0.0 0.0 118116.0 60202.0 10406.0 136.0 186.0 92.0 19.0 90.0 0.0 0.0 0.0 0.0 0.0 0.0 0.0 0.0 0.0 0.0 0.0 0.0 0.0
5084.0 14157.0 3.0 39531.0 13023.0 5.0 22.0 0.0 0.0 110335.0 54645.5 8810.0 63.0 60.0 24.0 14.0 56.0 0.0 0.0 0.0 0.0 0.0 0.0 0.0 0.0 0.0 0.0 0.0 0.0 0.0
5141.0 14600.0 4.0 41178.0 13855.0 9.0 38.0 0.0 0.0 115976.0 57918.0 9807.0 130.0 98.0 61.0 18.0 108.0 0.0 0.0 0.0 0.0 0.0 0.0 0.0 0.0 0.0 0.0 0.0 0.0 0.0
5093.0 14217.0 2.0 39782.0 13139.0 7.0 9.0 0.0 0.0 111322.0 55129.5 8889.0 11.0 24.0 7.0 30.0 86.0 0.0 0.0 0.0 0.0 0.0 0.0 0.0 0.0 0.0 0.0 0.0 0.0 0.0
38271.0 226135.0 45.0 1335204.0 444326.0 151.0 694.0 0.0 0.0 7878935.0 3932382.0 654005.0 3472.0 3980.0 1833.0 718.0 3581.0 0.0 2.0 0.0 0.0 4.0 0.0 0.0 0.0 0.0 0.0 0.0 0.0 0.0
5065.0 14069.0 3.0 38913.0 13128.0 9.0 18.0 0.0 0.0 107268.0 54308.0 9297.0 31.0 57.0 18.0 19.0 98.0 0.0 0.0 0.0 0.0 0.0 0.0 0.0 0.0 0.0 0.0 0.0 0.0 0.0
5023.0 13955.0 4.0 38744.0 12756.0 5.0 31.0 0.0 0.0 107340.0 53114.5 8524.0 72.0 80.0 37.0 12.0 57.0 0.0 0.0 0.0 0.0 0.0 0.0 0.0 0.0 0.0 0.0 0.0 0.0 0.0
37974.0 223930.0 35.0 1319404.0 439978.0 139.0 630.0 0.0 0.0 7767054.0 3885777.5 646919.0 3742.0 3743.0 1876.0 667.0 3280.0 0.0 0.0 0.0 1.0 6.0 0.0 0.0 0.0 0.0 0.0 0.0 0.0 0.0
5260.0 15240.0 1.0 44149.0 14787.0 9.0 6.0 0.0 0.0 128193.0 64401.5 10689.0 12.0 16.0 3.0 21.0 113.0 0.0 0.0 0.0 0.0 0.0 0.0 0.0 0.0 0.0 0.0 0.0 0.0 0.0
5027.0 13743.0 3.0 37293.0 12364.0 5.0 27.0 0.0 0.0 101720.0 49720.5 8244.0 75.0 81.0 37.0 15.0 48.0 0.0 0.0 0.0 0.0 0.0 0.0 0.0 0.0 0.0 0.0 0.0 0.0 0.0
5064.0 13895.0 4.0 37851.0 12701.0 10.0 31.0 0.0 0.0 102500.0 51455.5 8815.0 72.0 74.0 35.0 14.0 114.0 0.0 0.0 0.0 0.0 0.0 0.0 0.0 0.0 0.0 0.0 0.0 0.0 0.0
5175.0 14550.0 5.0 40605.0 13471.0 5.0 31.0 0.0 0.0 112612.0 56154.5 9194.0 65.0 96.0 39.0 22.0 56.0 0.0 0.0 0.0 0.0 0.0 0.0 0.0 0.0 0.0 0.0 0.0 0.0 0.0
5125.0 14246.0 5.0 39440.0 13021.0 8.0 38.0 0.0 0.0 109295.0 53875.5 8757.0 88.0 90.0 42.0 18.0 76.0 0.0 0.0 0.0 0.0 2.0 0.0 0.0 0.0 0.0 0.0 0.0 0.0 0.0
5066.0 14264.0 2.0 40155.0 13409.0 9.0 17.0 0.0 0.0 112519.0 56677.5 9301.0 27.0 42.0 39.0 21.0 109.0 0.0 0.0 0.0 0.0 0.0 0.0 0.0 0.0 0.0 0.0 0.0 0.0 0.0
5068.0 14115.0 6.0 39320.0 13222.0 7.0 50.0 0.0 0.0 109285.0 55707.5 9450.0 146.0 137.0 88.0 11.0 86.0 0.0 0.0 0.0 0.0 0.0 0.0 0.0 0.0 0.0 0.0 0.0 0.0 0.0
5064.0 14116.0 3.0 39476.0 13067.0 8.0 22.0 0.0 0.0 111073.0 55152.5 8981.0 45.0 65.0 27.0 14.0 85.0 0.0 0.0 0.0 0.0 0.0 0.0 0.0 0.0 0.0 0.0 0.0 0.0 0.0
5158.0 14643.0 2.0 41176.0 13759.0 7.0 22.0 0.0 0.0 115718.0 57378.5 9621.0 71.0 61.0 39.0 17.0 76.0 0.0 0.0 0.0 0.0 2.0 0.0 0.0 0.0 0.0 0.0 0.0 0.0 0.0
5063.0 14057.0 1.0 39340.0 13041.0 7.0 10.0 0.0 0.0 110011.0 55071.5 9045.0 33.0 31.0 12.0 18.0 70.0 0.0 0.0 0.0 0.0 0.0 0.0 0.0 0.0 0.0 0.0 0.0 0.0 0.0
5031.0 13875.0 4.0 38042.0 12746.0 6.0 30.0 0.0 0.0 104946.0 52102.5 8892.0 75.0 79.0 37.0 18.0 64.0 0.0 0.0 0.0 0.0 0.0 0.0 0.0 0.0 0.0 0.0 0.0 0.0 0.0
37999.0 223475.0 28.0 1314575.0 437466.0 158.0 481.0 0.0 0.0 7726979.0 3862806.0 640820.0 2698.0 2814.0 1382.0 706.0 3780.0 0.0 0.0 0.0 0.0 4.0 0.0 0.0 0.0 0.0 0.0 0.0 0.0 0.0
37957.0 224094.0 34.0 1321004.0 441881.0 142.0 638.0 0.0 0.0 7776033.0 3899681.5 653932.0 3947.0 3728.0 1906.0 683.0 3398.0 0.0 0.0 0.0 0.0 2.0 0.0 0.0 0.0 0.0 0.0 0.0 0.0 0.0
5079.0 14069.0 0.0 38998.0 12905.0 4.0 0.0 0.0 0.0 107642.0 53642.5 8861.0 0.0 0.0 0.0 19.0 39.0 0.0 0.0 0.0 0.0 0.0 0.0 0.0 0.0 0.0 0.0 0.0 0.0 0.0
5000.0 13531.0 3.0 36491.0 11942.0 4.0 25.0 0.0 0.0 97987.0 48036.5 7663.0 66.0 65.0 38.0 13.0 38.0 0.0 0.0 0.0 0.0 0.0 0.0 0.0 0.0 0.0 0.0 0.0 0.0 0.0
5043.0 14154.0 3.0 39589.0 13286.0 9.0 36.0 0.0 0.0 110620.0 55392.0 9257.0 151.0 101.0 68.0 25.0 81.0 0.0 0.0 0.0 0.0 0.0 0.0 0.0 0.0 0.0 0.0 0.0 0.0 0.0
38234.0 226544.0 48.0 1342203.0 446564.0 143.0 845.0 0.0 0.0 7946459.0 3969117.5 658540.0 4979.0 5099.0 2438.0 711.0 3369.0 0.0 1.0 0.0 1.0 4.0 0.0 0.0 0.0 0.0 0.0 0.0 0.0 0.0
5075.0 13935.0 1.0 38091.0 12550.0 5.0 7.0 0.0 0.0 103308.0 51430.0 8120.0 15.0 19.0 6.0 14.0 63.0 0.0 0.0 0.0 0.0 0.0 0.0 0.0 0.0 0.0 0.0 0.0 0.0 0.0
5170.0 14938.0 1.0 43018.0 14539.0 5.0 9.0 0.0 0.0 123787.0 62315.5 10649.0 24.0 25.0 12.0 21.0 73.0 0.0 0.0 0.0 0.0 0.0 0.0 0.0 0.0 0.0 0.0 0.0 0.0 0.0
5157.0 14587.0 4.0 41395.0 13601.0 7.0 31.0 0.0 0.0 117515.0 58134.5 9344.0 47.0 85.0 68.0 23.0 87.0 0.0 0.0 0.0 0.0 0.0 0.0 0.0 0.0 0.0 0.0 0.0 0.0 0.0
4957.0 13504.0 2.0 36754.0 12396.0 9.0 17.0 0.0 0.0 100239.0 50767.5 8694.0 49.0 49.0 17.0 13.0 91.0 0.0 0.0 0.0 0.0 0.0 0.0 0.0 0.0 0.0 0.0 0.0 0.0 0.0
5043.0 13849.0 5.0 37983.0 12668.0 9.0 39.0 0.0 0.0 104112.0 52067.5 8829.0 97.0 118.0 38.0 15.0 99.0 0.0 0.0 0.0 0.0 2.0 0.0 0.0 0.0 0.0 0.0 0.0 0.0 0.0
5128.0 14277.0 6.0 39664.0 13096.0 10.0 46.0 0.0 0.0 110309.0 54544.0 8838.0 97.0 138.0 64.0 18.0 125.0 0.0 0.0 0.0 0.0 0.0 0.0 0.0 0.0 0.0 0.0 0.0 0.0 0.0
5063.0 13870.0 4.0 38184.0 12439.0 7.0 34.0 0.0 0.0 104790.0 51501.5 8138.0 87.0 98.0 55.0 18.0 79.0 0.0 0.0 0.0 0.0 0.0 0.0 0.0 0.0 0.0 0.0 0.0 0.0 0.0
5125.0 14475.0 6.0 40694.0 13708.0 7.0 55.0 0.0 0.0 114500.0 57623.0 9669.0 164.0 156.0 79.0 10.0 90.0 0.0 0.0 0.0 0.0 0.0 0.0 0.0 0.0 0.0 0.0 0.0 0.0 0.0
5185.0 14614.0 4.0 41038.0 13541.0 10.0 41.0 0.0 0.0 114915.0 56946.5 9172.0 136.0 107.0 71.0 19.0 115.0 0.0 0.0 0.0 0.0 0.0 0.0 0.0 0.0 0.0 0.0 0.0 0.0 0.0
5065.0 14210.0 1.0 39758.0 13447.0 6.0 8.0 0.0 0.0 111553.0 56358.0 9732.0 17.0 23.0 11.0 14.0 64.0 0.0 0.0 0.0 0.0 0.0 0.0 0.0 0.0 0.0 0.0 0.0 0.0 0.0
5228.0 15096.0 4.0 43593.0 14567.0 15.0 26.0 0.0 0.0 125442.0 63189.0 10570.0 54.0 75.0 31.0 22.0 170.0 0.0 0.0 0.0 0.0 0.0 0.0 0.0 0.0 0.0 0.0 0.0 0.0 0.0
5228.0 14964.0 5.0 43062.0 14335.0 9.0 63.0 0.0 0.0 124278.0 62212.5 10346.0 246.0 176.0 126.0 14.0 118.0 0.0 0.0 0.0 0.0 0.0 0.0 0.0 0.0 0.0 0.0 0.0 0.0 0.0
5018.0 13530.0 2.0 36361.0 11875.0 6.0 18.0 0.0 0.0 97586.0 47779.5 7687.0 44.0 49.0 28.0 17.0 57.0 0.0 0.0 0.0 0.0 0.0 0.0 0.0 0.0 0.0 0.0 0.0 0.0 0.0
4982.0 13811.0 7.0 38349.0 12755.0 5.0 64.0 0.0 0.0 106765.0 53473.5 8701.0 182.0 161.0 96.0 14.0 56.0 0.0 0.0 0.0 0.0 0.0 0.0 0.0 0.0 0.0 0.0 0.0 0.0 0.0
5095.0 14170.0 1.0 39356.0 13101.0 9.0 5.0 0.0 0.0 109065.0 54479.0 9035.0 7.0 19.0 3.0 15.0 90.0 0.0 0.0 0.0 0.0 0.0 0.0 0.0 0.0 0.0 0.0 0.0 0.0 0.0
5152.0 14764.0 4.0 41883.0 14072.0 19.0 29.0 0.0 0.0 118466.0 59214.5 9790.0 83.0 70.0 36.0 21.0 201.0 0.0 0.0 0.0 0.0 0.0 0.0 0.0 0.0 0.0 0.0 0.0 0.0 0.0
5134.0 14574.0 7.0 41524.0 13833.0 12.0 41.0 0.0 0.0 118435.0 59367.0 9842.0 80.0 111.0 42.0 12.0 132.0 0.0 0.0 0.0 0.0 0.0 0.0 0.0 0.0 0.0 0.0 0.0 0.0 0.0
5048.0 13888.0 6.0 38287.0 12718.0 6.0 54.0 0.0 0.0 105318.0 52656.0 8766.0 156.0 146.0 80.0 16.0 53.0 0.0 0.0 0.0 0.0 0.0 0.0 0.0 0.0 0.0 0.0 0.0 0.0 0.0
5133.0 14664.0 6.0 41824.0 14061.0 8.0 59.0 0.0 0.0 119546.0 59938.5 10217.0 179.0 162.0 96.0 23.0 77.0 0.0 0.0 0.0 0.0 0.0 0.0 0.0 0.0 0.0 0.0 0.0 0.0 0.0
5116.0 14507.0 5.0 41240.0 13678.0 8.0 43.0 0.0 0.0 116421.0 58438.0 9546.0 129.0 115.0 52.0 19.0 91.0 0.0 0.0 0.0 0.0 0.0 0.0 0.0 0.0 0.0 0.0 0.0 0.0 0.0
5119.0 14163.0 5.0 38894.0 12937.0 7.0 49.0 0.0 0.0 106066.0 53167.0 8749.0 176.0 147.0 82.0 14.0 81.0 0.0 0.0 0.0 0.0 0.0 0.0 0.0 0.0 0.0 0.0 0.0 0.0 0.0
5077.0 14067.0 3.0 38827.0 12915.0 10.0 26.0 0.0 0.0 106759.0 53222.0 8711.0 75.0 85.0 29.0 25.0 102.0 0.0 0.0 0.0 0.0 2.0 0.0 0.0 0.0 0.0 0.0 0.0 0.0 0.0
5175.0 14878.0 4.0 42593.0 14420.0 5.0 33.0 0.0 0.0 121496.0 61832.0 10486.0 109.0 80.0 48.0 21.0 40.0 0.0 0.0 0.0 0.0 0.0 0.0 0.0 0.0 0.0 0.0 0.0 0.0 0.0
5132.0 14444.0 3.0 40513.0 13622.0 6.0 21.0 0.0 0.0 114423.0 57407.0 9886.0 54.0 63.0 21.0 20.0 74.0 0.0 0.0 0.0 0.0 0.0 0.0 0.0 0.0 0.0 0.0 0.0 0.0 0.0
5070.0 14039.0 5.0 39170.0 12898.0 9.0 40.0 0.0 0.0 108927.0 54125.5 8735.0 110.0 115.0 49.0 19.0 107.0 0.0 0.0 0.0 0.0 0.0 0.0 0.0 0.0 0.0 0.0 0.0 0.0 0.0
5061.0 14208.0 8.0 39735.0 13620.0 11.0 79.0 0.0 0.0 111383.0 57053.5 10021.0 265.0 240.0 121.0 17.0 145.0 0.0 0.0 0.0 0.0 0.0 0.0 0.0 0.0 0.0 0.0 0.0 0.0 0.0
5213.0 14764.0 6.0 41503.0 13961.0 5.0 50.0 0.0 0.0 116283.0 58237.5 9985.0 131.0 131.0 72.0 22.0 55.0 0.0 0.0 0.0 0.0 0.0 0.0 0.0 0.0 0.0 0.0 0.0 0.0 0.0
5088.0 14287.0 2.0 40056.0 13517.0 6.0 18.0 0.0 0.0 112062.0 56663.5 9670.0 38.0 45.0 35.0 19.0 87.0 0.0 0.0 0.0 0.0 0.0 0.0 0.0 0.0 0.0 0.0 0.0 0.0 0.0
5106.0 14441.0 6.0 40900.0 13712.0 8.0 59.0 0.0 0.0 116229.0 58242.5 9745.0 174.0 175.0 92.0 11.0 88.0 0.0 0.0 0.0 0.0 0.0 0.0 0.0 0.0 0.0 0.0 0.0 0.0 0.0
5163.0 14715.0 2.0 42049.0 13916.0 2.0 15.0 0.0 0.0 120865.0 60010.0 9663.0 35.0 54.0 16.0 23.0 21.0 0.0 0.0 0.0 0.0 0.0 0.0 0.0 0.0 0.0 0.0 0.0 0.0 0.0
5153.0 14883.0 8.0 43058.0 14581.0 14.0 78.0 0.0 0.0 124754.0 63182.5 10943.0 256.0 235.0 114.0 25.0 156.0 0.0 0.0 0.0 0.0 0.0 0.0 0.0 0.0 0.0 0.0 0.0 0.0 0.0
5108.0 14465.0 3.0 40967.0 13641.0 9.0 28.0 0.0 0.0 115261.0 58118.0 9622.0 82.0 75.0 37.0 12.0 100.0 0.0 0.0 0.0 0.0 0.0 0.0 0.0 0.0 0.0 0.0 0.0 0.0 0.0
5134.0 14403.0 4.0 40517.0 13512.0 16.0 38.0 0.0 0.0 113775.0 57028.5 9622.0 118.0 113.0 54.0 10.0 200.0 0.0 0.0 0.0 0.0 0.0 0.0 0.0 0.0 0.0 0.0 0.0 0.0 0.0
5013.0 13802.0 4.0 38064.0 12798.0 6.0 35.0 0.0 0.0 104343.0 53062.5 9074.0 103.0 89.0 46.0 11.0 72.0 0.0 0.0 0.0 0.0 0.0 0.0 0.0 0.0 0.0 0.0 0.0 0.0 0.0
5031.0 13783.0 3.0 37816.0 12394.0 6.0 25.0 0.0 0.0 104106.0 51166.0 8177.0 77.0 52.0 35.0 21.0 71.0 0.0 0.0 0.0 0.0 0.0 0.0 0.0 0.0 0.0 0.0 0.0 0.0 0.0
5055.0 14066.0 6.0 38767.0 13211.0 7.0 56.0 0.0 0.0 105646.0 54218.5 9476.0 157.0 154.0 100.0 18.0 66.0 0.0 0.0 0.0 0.0 0.0 0.0 0.0 0.0 0.0 0.0 0.0 0.0 0.0
5216.0 14798.0 6.0 41867.0 13965.0 7.0 50.0 0.0 0.0 118401.0 59282.0 9939.0 129.0 125.0 70.0 13.0 76.0 0.0 0.0 0.0 0.0 0.0 0.0 0.0 0.0 0.0 0.0 0.0 0.0 0.0
5059.0 14199.0 2.0 39346.0 13580.0 6.0 16.0 0.0 0.0 108506.0 55566.5 10083.0 29.0 40.0 27.0 14.0 59.0 0.0 0.0 0.0 0.0 0.0 0.0 0.0 0.0 0.0 0.0 0.0 0.0 0.0
5118.0 14531.0 2.0 41232.0 13994.0 2.0 11.0 0.0 0.0 116904.0 59264.5 10415.0 19.0 25.0 6.0 21.0 18.0 0.0 0.0 0.0 0.0 0.0 0.0 0.0 0.0 0.0 0.0 0.0 0.0 0.0
5051.0 13866.0 3.0 38193.0 12508.0 4.0 21.0 0.0 0.0 104917.0 51806.5 8313.0 46.0 59.0 18.0 16.0 42.0 0.0 0.0 0.0 0.0 0.0 0.0 0.0 0.0 0.0 0.0 0.0 0.0 0.0
5071.0 14151.0 4.0 39259.0 13370.0 7.0 33.0 0.0 0.0 108768.0 55614.0 9781.0 84.0 99.0 47.0 18.0 79.0 0.0 0.0 0.0 0.0 0.0 0.0 0.0 0.0 0.0 0.0 0.0 0.0 0.0
5101.0 14447.0 2.0 41102.0 13820.0 4.0 23.0 0.0 0.0 116575.0 59469.0 10012.0 75.0 71.0 46.0 18.0 52.0 0.0 0.0 0.0 0.0 0.0 0.0 0.0 0.0 0.0 0.0 0.0 0.0 0.0
5185.0 14775.0 5.0 42129.0 13984.0 12.0 44.0 0.0 0.0 119239.0 60064.0 9725.0 128.0 151.0 52.0 20.0 129.0 0.0 0.0 0.0 0.0 0.0 0.0 0.0 0.0 0.0 0.0 0.0 0.0 0.0
5146.0 14643.0 4.0 41475.0 14022.0 12.0 26.0 0.0 0.0 117283.0 59031.0 10617.0 46.0 78.0 31.0 19.0 146.0 0.0 0.0 0.0 0.0 0.0 0.0 0.0 0.0 0.0 0.0 0.0 0.0 0.0
5156.0 14469.0 0.0 40338.0 13697.0 5.0 0.0 0.0 0.0 112402.0 56926.5 10128.0 0.0 0.0 0.0 21.0 64.0 0.0 0.0 0.0 0.0 0.0 0.0 0.0 0.0 0.0 0.0 0.0 0.0 0.0
5134.0 14332.0 5.0 40250.0 13309.0 5.0 45.0 0.0 0.0 112868.0 56453.5 9219.0 129.0 118.0 68.0 12.0 53.0 0.0 0.0 0.0 0.0 0.0 0.0 0.0 0.0 0.0 0.0 0.0 0.0 0.0
5059.0 14135.0 3.0 39449.0 13048.0 6.0 32.0 0.0 0.0 110153.0 54469.0 8745.0 116.0 67.0 51.0 15.0 62.0 0.0 0.0 0.0 0.0 0.0 0.0 0.0 0.0 0.0 0.0 0.0 0.0 0.0
4937.0 13339.0 3.0 36410.0 11755.0 6.0 25.0 0.0 0.0 99474.0 48724.5 7401.0 60.0 62.0 34.0 18.0 51.0 0.0 0.0 0.0 0.0 0.0 0.0 0.0 0.0 0.0 0.0 0.0 0.0 0.0
5074.0 13858.0 6.0 37710.0 12228.0 9.0 60.0 0.0 0.0 102091.0 49771.5 7820.0 188.0 151.0 85.0 15.0 85.0 0.0 0.0 0.0 0.0 0.0 0.0 0.0 0.0 0.0 0.0 0.0 0.0 0.0
5068.0 14068.0 5.0 38689.0 12869.0 5.0 33.0 0.0 0.0 106156.0 52420.5 8625.0 67.0 88.0 35.0 16.0 58.0 0.0 0.0 0.0 0.0 0.0 0.0 0.0 0.0 0.0 0.0 0.0 0.0 0.0
5145.0 14565.0 5.0 41301.0 13756.0 7.0 41.0 0.0 0.0 116801.0 58615.5 9796.0 111.0 123.0 60.0 23.0 84.0 0.0 0.0 0.0 0.0 0.0 0.0 0.0 0.0 0.0 0.0 0.0 0.0 0.0
4908.0 13193.0 6.0 35069.0 11833.0 11.0 45.0 0.0 0.0 92988.0 46626.0 7939.0 100.0 136.0 51.0 15.0 125.0 0.0 0.0 0.0 0.0 0.0 0.0 0.0 0.0 0.0 0.0 0.0 0.0 0.0
5079.0 14359.0 1.0 40488.0 13663.0 8.0 10.0 0.0 0.0 113731.0 57760.5 9773.0 29.0 25.0 16.0 18.0 93.0 0.0 0.0 0.0 0.0 0.0 0.0 0.0 0.0 0.0 0.0 0.0 0.0 0.0
5073.0 14195.0 5.0 39268.0 13538.0 5.0 43.0 0.0 0.0 108981.0 55565.5 10122.0 118.0 104.0 67.0 18.0 47.0 0.0 0.0 0.0 0.0 0.0 0.0 0.0 0.0 0.0 0.0 0.0 0.0 0.0
5084.0 14276.0 2.0 39923.0 13663.0 4.0 10.0 0.0 0.0 111819.0 56961.0 10308.0 17.0 27.0 4.0 16.0 52.0 0.0 0.0 0.0 0.0 0.0 0.0 0.0 0.0 0.0 0.0 0.0 0.0 0.0
5067.0 14204.0 1.0 39903.0 13441.0 5.0 7.0 0.0 0.0 112220.0 56671.5 9726.0 14.0 19.0 7.0 15.0 61.0 0.0 0.0 0.0 0.0 0.0 0.0 0.0 0.0 0.0 0.0 0.0 0.0 0.0
5057.0 13955.0 7.0 38534.0 12675.0 8.0 67.0 0.0 0.0 106451.0 52644.5 8460.0 200.0 191.0 101.0 15.0 78.0 0.0 0.0 0.0 0.0 0.0 0.0 0.0 0.0 0.0 0.0 0.0 0.0 0.0
4985.0 13481.0 2.0 36556.0 11962.0 9.0 17.0 0.0 0.0 98800.0 48867.0 7787.0 43.0 51.0 23.0 14.0 102.0 0.0 0.0 0.0 0.0 0.0 0.0 0.0 0.0 0.0 0.0 0.0 0.0 0.0
5156.0 14797.0 2.0 41964.0 14464.0 4.0 13.0 0.0 0.0 118853.0 60664.5 10733.0 26.0 29.0 10.0 20.0 51.0 0.0 0.0 0.0 0.0 0.0 0.0 0.0 0.0 0.0 0.0 0.0 0.0 0.0
5253.0 15162.0 7.0 44078.0 14875.0 8.0 62.0 0.0 0.0 128526.0 65574.5 11424.0 205.0 198.0 89.0 25.0 112.0 0.0 0.0 0.0 0.0 0.0 0.0 0.0 0.0 0.0 0.0 0.0 0.0 0.0
4942.0 13314.0 4.0 35720.0 11805.0 7.0 41.0 0.0 0.0 95986.0 47707.0 7650.0 135.0 108.0 64.0 14.0 73.0 0.0 0.0 0.0 0.0 0.0 0.0 0.0 0.0 0.0 0.0 0.0 0.0 0.0
5055.0 14011.0 3.0 38265.0 13127.0 12.0 14.0 0.0 0.0 104435.0 52768.0 9635.0 31.0 33.0 11.0 10.0 135.0 0.0 0.0 0.0 0.0 0.0 0.0 0.0 0.0 0.0 0.0 0.0 0.0 0.0
5153.0 14570.0 5.0 41115.0 13699.0 12.0 35.0 0.0 0.0 116112.0 57778.5 9609.0 68.0 96.0 46.0 24.0 129.0 0.0 0.0 0.0 0.0 0.0 0.0 0.0 0.0 0.0 0.0 0.0 0.0 0.0
4962.0 13604.0 2.0 37749.0 12310.0 7.0 20.0 0.0 0.0 105080.0 51740.0 8111.0 65.0 54.0 29.0 18.0 80.0 0.0 0.0 0.0 0.0 0.0 0.0 0.0 0.0 0.0 0.0 0.0 0.0 0.0
5204.0 14805.0 4.0 42235.0 13960.0 9.0 31.0 0.0 0.0 119935.0 59718.5 9810.0 87.0 93.0 37.0 24.0 108.0 0.0 0.0 0.0 0.0 0.0 0.0 0.0 0.0 0.0 0.0 0.0 0.0 0.0
4996.0 13691.0 5.0 37586.0 12518.0 5.0 31.0 0.0 0.0 103175.0 51611.5 8476.0 58.0 90.0 33.0 10.0 53.0 0.0 0.0 0.0 0.0 2.0 0.0 0.0 0.0 0.0 0.0 0.0 0.0 0.0
5063.0 13990.0 5.0 38553.0 12908.0 2.0 37.0 0.0 0.0 106133.0 53340.5 9052.0 92.0 102.0 42.0 17.0 23.0 0.0 0.0 0.0 0.0 0.0 0.0 0.0 0.0 0.0 0.0 0.0 0.0 0.0
5109.0 14337.0 4.0 39955.0 13621.0 7.0 38.0 0.0 0.0 110708.0 56687.0 9925.0 139.0 104.0 83.0 15.0 79.0 0.0 0.0 0.0 0.0 0.0 0.0 0.0 0.0 0.0 0.0 0.0 0.0 0.0
5067.0 13925.0 3.0 38174.0 12626.0 6.0 28.0 0.0 0.0 104326.0 51925.0 8822.0 94.0 85.0 35.0 11.0 64.0 0.0 0.0 0.0 0.0 0.0 0.0 0.0 0.0 0.0 0.0 0.0 0.0 0.0
5072.0 14464.0 6.0 41389.0 13981.0 8.0 48.0 0.0 0.0 117992.0 59939.0 10320.0 136.0 145.0 65.0 18.0 100.0 0.0 0.0 0.0 0.0 0.0 0.0 0.0 0.0 0.0 0.0 0.0 0.0 0.0
5143.0 14518.0 1.0 40851.0 13642.0 6.0 7.0 0.0 0.0 115027.0 57465.0 9453.0 10.0 15.0 11.0 15.0 63.0 0.0 0.0 0.0 0.0 0.0 0.0 0.0 0.0 0.0 0.0 0.0 0.0 0.0
5061.0 14074.0 1.0 39144.0 12953.0 11.0 12.0 0.0 0.0 108890.0 54213.0 8946.0 44.0 36.0 22.0 17.0 122.0 0.0 0.0 0.0 0.0 0.0 0.0 0.0 0.0 0.0 0.0 0.0 0.0 0.0
5019.0 13905.0 6.0 38520.0 13011.0 5.0 48.0 0.0 0.0 106517.0 53827.0 9296.0 122.0 118.0 61.0 12.0 50.0 0.0 0.0 0.0 0.0 2.0 0.0 0.0 0.0 0.0 0.0 0.0 0.0 0.0
5197.0 14934.0 4.0 42803.0 14641.0 9.0 26.0 0.0 0.0 122164.0 62820.5 11070.0 51.0 99.0 34.0 20.0 122.0 0.0 0.0 0.0 0.0 0.0 0.0 0.0 0.0 0.0 0.0 0.0 0.0 0.0
5122.0 14414.0 6.0 40392.0 13458.0 7.0 51.0 0.0 0.0 113198.0 56110.0 9314.0 147.0 155.0 62.0 16.0 85.0 0.0 0.0 0.0 0.0 0.0 0.0 0.0 0.0 0.0 0.0 0.0 0.0 0.0
5195.0 14615.0 5.0 41023.0 13433.0 10.0 38.0 0.0 0.0 115119.0 56577.5 8896.0 93.0 111.0 46.0 11.0 120.0 0.0 0.0 0.0 0.0 0.0 0.0 0.0 0.0 0.0 0.0 0.0 0.0 0.0
4959.0 13336.0 3.0 35770.0 11869.0 8.0 25.0 0.0 0.0 96307.0 47616.0 7766.0 51.0 55.0 43.0 9.0 79.0 0.0 0.0 0.0 0.0 0.0 0.0 0.0 0.0 0.0 0.0 0.0 0.0 0.0
5136.0 14240.0 5.0 39509.0 12846.0 3.0 42.0 0.0 0.0 109997.0 53591.5 8400.0 110.0 107.0 48.0 16.0 33.0 0.0 0.0 0.0 0.0 0.0 0.0 0.0 0.0 0.0 0.0 0.0 0.0 0.0
5025.0 13805.0 4.0 37890.0 12699.0 3.0 41.0 0.0 0.0 103411.0 52110.5 9026.0 139.0 105.0 75.0 14.0 37.0 0.0 0.0 0.0 0.0 0.0 0.0 0.0 0.0 0.0 0.0 0.0 0.0 0.0
5242.0 14925.0 5.0 42114.0 14010.0 8.0 39.0 0.0 0.0 118897.0 59017.0 9699.0 105.0 113.0 41.0 22.0 86.0 0.0 0.0 0.0 0.0 0.0 0.0 0.0 0.0 0.0 0.0 0.0 0.0 0.0
5164.0 14572.0 4.0 40530.0 13638.0 7.0 38.0 0.0 0.0 112996.0 56180.5 9351.0 108.0 114.0 58.0 17.0 84.0 0.0 0.0 0.0 0.0 0.0 0.0 0.0 0.0 0.0 0.0 0.0 0.0 0.0
4962.0 13296.0 4.0 35674.0 11794.0 6.0 26.0 0.0 0.0 95680.0 47734.0 7839.0 52.0 74.0 34.0 11.0 65.0 0.0 0.0 0.0 0.0 0.0 0.0 0.0 0.0 0.0 0.0 0.0 0.0 0.0
5137.0 14396.0 7.0 40246.0 13416.0 7.0 79.0 0.0 0.0 112396.0 55850.5 9390.0 279.0 211.0 147.0 18.0 79.0 0.0 0.0 0.0 0.0 2.0 0.0 0.0 0.0 0.0 0.0 0.0 0.0 0.0
5143.0 14462.0 7.0 40317.0 13626.0 14.0 67.0 0.0 0.0 112841.0 56500.5 9659.0 198.0 211.0 112.0 19.0 141.0 0.0 0.0 0.0 0.0 0.0 0.0 0.0 0.0 0.0 0.0 0.0 0.0 0.0
5079.0 14267.0 3.0 40005.0 13419.0 12.0 23.0 0.0 0.0 112078.0 56137.0 9424.0 58.0 70.0 20.0 18.0 141.0 0.0 0.0 0.0 0.0 0.0 0.0 0.0 0.0 0.0 0.0 0.0 0.0 0.0
5086.0 14276.0 5.0 40075.0 13414.0 9.0 41.0 0.0 0.0 112266.0 56424.5 9532.0 105.0 97.0 50.0 16.0 105.0 0.0 0.0 0.0 0.0 0.0 0.0 0.0 0.0 0.0 0.0 0.0 0.0 0.0
5085.0 14096.0 4.0 39113.0 13053.0 10.0 27.0 0.0 0.0 108778.0 54275.5 9063.0 69.0 71.0 30.0 20.0 115.0 0.0 0.0 0.0 0.0 0.0 0.0 0.0 0.0 0.0 0.0 0.0 0.0 0.0
5195.0 14858.0 1.0 42535.0 14159.0 6.0 10.0 0.0 0.0 121527.0 61073.0 10205.0 28.0 34.0 17.0 21.0 72.0 0.0 0.0 0.0 0.0 0.0 0.0 0.0 0.0 0.0 0.0 0.0 0.0 0.0
5070.0 13916.0 3.0 38199.0 12643.0 7.0 19.0 0.0 0.0 104719.0 52057.0 8584.0 35.0 61.0 18.0 11.0 72.0 0.0 0.0 0.0 0.0 0.0 0.0 0.0 0.0 0.0 0.0 0.0 0.0 0.0
5169.0 14576.0 3.0 40684.0 13507.0 8.0 22.0 0.0 0.0 113088.0 55794.5 9358.0 59.0 56.0 27.0 15.0 89.0 0.0 0.0 0.0 0.0 0.0 0.0 0.0 0.0 0.0 0.0 0.0 0.0 0.0
5070.0 14001.0 7.0 38398.0 12716.0 7.0 62.0 0.0 0.0 104675.0 51915.0 8476.0 186.0 172.0 110.0 16.0 72.0 0.0 0.0 0.0 0.0 0.0 0.0 0.0 0.0 0.0 0.0 0.0 0.0 0.0
5078.0 14217.0 5.0 39772.0 13448.0 10.0 46.0 0.0 0.0 111527.0 56393.5 9869.0 138.0 133.0 62.0 17.0 121.0 0.0 0.0 0.0 0.0 0.0 0.0 0.0 0.0 0.0 0.0 0.0 0.0 0.0
5051.0 13920.0 2.0 38163.0 12570.0 9.0 15.0 0.0 0.0 104192.0 51308.0 8368.0 43.0 36.0 18.0 11.0 85.0 0.0 0.0 0.0 0.0 0.0 0.0 0.0 0.0 0.0 0.0 0.0 0.0 0.0
5076.0 14125.0 4.0 39418.0 13057.0 9.0 47.0 0.0 0.0 109491.0 54586.0 8893.0 185.0 124.0 84.0 14.0 101.0 0.0 0.0 0.0 0.0 0.0 0.0 0.0 0.0 0.0 0.0 0.0 0.0 0.0
4991.0 13737.0 3.0 37550.0 13011.0 7.0 23.0 0.0 0.0 102578.0 52966.5 9884.0 58.0 49.0 29.0 14.0 86.0 0.0 0.0 0.0 0.0 0.0 0.0 0.0 0.0 0.0 0.0 0.0 0.0 0.0
5127.0 14477.0 3.0 40574.0 13505.0 8.0 22.0 0.0 0.0 113460.0 56081.0 9231.0 45.0 58.0 27.0 15.0 71.0 0.0 0.0 0.0 0.0 0.0 0.0 0.0 0.0 0.0 0.0 0.0 0.0 0.0
5116.0 14281.0 0.0 39749.0 13209.0 2.0 0.0 0.0 0.0 109518.0 54865.5 9020.0 0.0 0.0 0.0 17.0 23.0 0.0 0.0 0.0 0.0 0.0 0.0 0.0 0.0 0.0 0.0 0.0 0.0 0.0
4969.0 13432.0 6.0 36168.0 11888.0 1.0 42.0 0.0 0.0 97359.0 47812.5 7728.0 78.0 117.0 54.0 13.0 9.0 0.0 0.0 0.0 0.0 0.0 0.0 0.0 0.0 0.0 0.0 0.0 0.0 0.0
5033.0 13786.0 3.0 37867.0 12467.0 9.0 30.0 0.0 0.0 103548.0 51420.0 8513.0 89.0 56.0 53.0 19.0 106.0 0.0 0.0 0.0 0.0 0.0 0.0 0.0 0.0 0.0 0.0 0.0 0.0 0.0
5097.0 14245.0 5.0 39672.0 13177.0 8.0 38.0 0.0 0.0 110359.0 55143.5 8934.0 100.0 119.0 52.0 14.0 87.0 0.0 0.0 0.0 0.0 0.0 0.0 0.0 0.0 0.0 0.0 0.0 0.0 0.0
5033.0 14130.0 2.0 39499.0 13440.0 8.0 16.0 0.0 0.0 110768.0 56409.5 9755.0 41.0 49.0 16.0 17.0 105.0 0.0 0.0 0.0 0.0 0.0 0.0 0.0 0.0 0.0 0.0 0.0 0.0 0.0
4976.0 13536.0 4.0 36794.0 12158.0 3.0 28.0 0.0 0.0 99903.0 49475.0 7979.0 60.0 86.0 27.0 17.0 25.0 0.0 0.0 0.0 0.0 0.0 0.0 0.0 0.0 0.0 0.0 0.0 0.0 0.0
5091.0 14187.0 5.0 39386.0 13042.0 7.0 32.0 0.0 0.0 108979.0 53820.0 8788.0 76.0 95.0 37.0 15.0 68.0 0.0 0.0 0.0 0.0 0.0 0.0 0.0 0.0 0.0 0.0 0.0 0.0 0.0
5073.0 14229.0 1.0 39752.0 13374.0 6.0 3.0 0.0 0.0 110766.0 55668.0 9390.0 2.0 15.0 1.0 18.0 72.0 0.0 0.0 0.0 0.0 0.0 0.0 0.0 0.0 0.0 0.0 0.0 0.0 0.0
5047.0 13768.0 3.0 37186.0 12338.0 12.0 26.0 0.0 0.0 100268.0 49449.0 8130.0 74.0 71.0 32.0 9.0 135.0 0.0 0.0 0.0 0.0 0.0 0.0 0.0 0.0 0.0 0.0 0.0 0.0 0.0
4988.0 13486.0 6.0 36278.0 11992.0 5.0 48.0 0.0 0.0 97421.0 48253.0 7898.0 105.0 132.0 77.0 15.0 55.0 0.0 0.0 0.0 0.0 0.0 0.0 0.0 0.0 0.0 0.0 0.0 0.0 0.0
5038.0 13729.0 1.0 37229.0 12282.0 7.0 5.0 0.0 0.0 100770.0 49603.0 8123.0 6.0 14.0 4.0 21.0 72.0 0.0 0.0 0.0 0.0 0.0 0.0 0.0 0.0 0.0 0.0 0.0 0.0 0.0
5234.0 15106.0 4.0 43461.0 14630.0 5.0 31.0 0.0 0.0 124675.0 63047.5 10632.0 85.0 85.0 48.0 22.0 49.0 0.0 0.0 0.0 0.0 0.0 0.0 0.0 0.0 0.0 0.0 0.0 0.0 0.0
5019.0 13762.0 3.0 37661.0 12363.0 9.0 18.0 0.0 0.0 103011.0 50663.0 7970.0 31.0 47.0 15.0 24.0 107.0 0.0 0.0 0.0 0.0 0.0 0.0 0.0 0.0 0.0 0.0 0.0 0.0 0.0
4996.0 13617.0 3.0 37318.0 12213.0 11.0 25.0 0.0 0.0 101702.0 50528.5 8026.0 69.0 70.0 33.0 12.0 135.0 0.0 0.0 0.0 0.0 0.0 0.0 0.0 0.0 0.0 0.0 0.0 0.0 0.0
38349.0 228395.0 32.0 1360063.0 453026.0 166.0 578.0 0.0 0.0 8092033.0 4047023.0 672239.0 3455.0 3470.0 1693.0 771.0 3920.0 0.0 1.0 0.0 0.0 4.0 0.0 0.0 0.0 0.0 0.0 0.0 0.0 0.0
38448.0 229387.0 35.0 1369247.0 457057.0 157.0 619.0 0.0 0.0 8171444.0 4094815.5 684792.0 3645.0 3547.0 1840.0 747.0 3707.0 0.0 0.0 0.0 1.0 2.0 0.0 0.0 0.0 0.0 0.0 0.0 0.0 0.0
5065.0 13971.0 5.0 39156.0 12698.0 5.0 50.0 0.0 0.0 109645.0 54307.0 8474.0 177.0 139.0 71.0 18.0 52.0 0.0 0.0 0.0 0.0 0.0 0.0 0.0 0.0 0.0 0.0 0.0 0.0 0.0
5081.0 14082.0 5.0 39058.0 13019.0 7.0 46.0 0.0 0.0 108078.0 54262.5 8941.0 128.0 128.0 80.0 14.0 80.0 0.0 0.0 0.0 0.0 0.0 0.0 0.0 0.0 0.0 0.0 0.0 0.0 0.0
5218.0 14978.0 4.0 42675.0 14414.0 13.0 30.0 0.0 0.0 121305.0 61222.0 10446.0 70.0 87.0 38.0 17.0 136.0 0.0 0.0 0.0 0.0 0.0 0.0 0.0 0.0 0.0 0.0 0.0 0.0 0.0
37939.0 222685.0 34.0 1307337.0 434697.0 144.0 588.0 0.0 0.0 7675764.0 3826925.0 634315.0 3442.0 3429.0 1776.0 684.0 3350.0 0.0 0.0 0.0 0.0 0.0 0.0 0.0 0.0 0.0 0.0 0.0 0.0 0.0
5136.0 14138.0 5.0 38975.0 12590.0 6.0 40.0 0.0 0.0 107429.0 52284.0 8140.0 103.0 111.0 46.0 16.0 62.0 0.0 0.0 0.0 0.0 2.0 0.0 0.0 0.0 0.0 0.0 0.0 0.0 0.0
