2034.0 955.0 462.0 473.0 54.0 7.0 380.0 116.0 53.0 200.0 43.5 0.0 70.0 189.0 14.0 0.0 11.0 26.0 33.0 82.0 0.0 10.0 2.0 38.0 31.0 3.0 23.0 0.0 6.0 2.0
2020.0 848.0 436.0 394.0 28.0 1.0 264.0 94.0 50.0 176.0 17.0 0.0 49.0 128.0 6.0 0.0 1.0 11.0 14.0 51.0 0.0 2.0 0.0 19.0 7.0 0.0 20.0 0.0 7.0 3.0
2022.0 946.0 450.0 467.0 55.0 4.0 320.0 112.0 62.0 197.0 41.0 0.0 90.0 169.0 20.0 1.0 6.0 22.0 30.0 85.0 0.0 4.0 5.0 33.0 16.0 0.0 17.0 1.0 7.0 8.0
2050.0 965.0 452.0 480.0 36.0 3.0 346.0 118.0 63.0 202.0 27.0 0.0 97.0 164.0 9.0 1.0 3.0 8.0 23.0 78.0 0.0 6.0 2.0 42.0 27.0 0.0 23.0 0.0 10.0 4.0
2109.0 1131.0 478.0 645.0 67.0 6.0 496.0 177.0 52.0 391.0 48.5 0.0 138.0 315.0 19.0 2.0 7.0 42.0 45.0 162.0 0.0 12.0 4.0 64.0 60.0 0.0 39.0 3.0 13.0 3.0
2095.0 994.0 456.0 504.0 46.0 1.0 331.0 126.0 51.0 207.0 29.0 1.0 70.0 184.0 7.0 2.0 0.0 16.0 17.0 92.0 0.0 0.0 2.0 32.0 25.0 0.0 25.0 1.0 7.0 7.0
2060.0 992.0 467.0 512.0 66.0 6.0 358.0 125.0 63.0 262.0 37.0 0.0 73.0 196.0 21.0 2.0 3.0 23.0 21.0 102.0 0.0 12.0 4.0 44.0 25.0 0.0 22.0 0.0 14.0 6.0
2170.0 1145.0 525.0 674.0 75.0 7.0 487.0 162.0 78.0 403.0 62.0 0.0 159.0 286.0 28.0 1.0 10.0 50.0 40.0 133.0 0.0 12.0 3.0 58.0 47.0 1.0 42.0 1.0 19.0 8.0
2090.0 1013.0 487.0 510.0 67.0 4.0 383.0 164.0 70.0 248.0 53.0 0.0 84.0 178.0 19.0 0.0 4.0 32.0 24.0 125.0 0.0 4.0 7.0 38.0 47.0 0.0 59.0 0.0 20.0 4.0
2085.0 979.0 461.0 521.0 55.0 4.0 358.0 107.0 61.0 231.0 44.0 0.0 90.0 183.0 11.0 1.0 7.0 21.0 30.0 96.0 0.0 8.0 0.0 35.0 12.0 0.0 17.0 1.0 14.0 11.0
2108.0 1015.0 482.0 523.0 39.0 1.0 371.0 152.0 59.0 258.0 27.5 0.0 84.0 184.0 10.0 1.0 1.0 16.0 17.0 109.0 0.0 2.0 0.0 34.0 37.0 0.0 41.0 0.0 15.0 3.0
2102.0 1062.0 461.0 609.0 60.0 4.0 401.0 135.0 80.0 345.0 54.0 0.0 96.0 270.0 14.0 1.0 2.0 36.0 26.0 122.0 0.0 8.0 1.0 70.0 37.0 0.0 43.0 0.0 24.0 18.0
2013.0 918.0 421.0 442.0 49.0 2.0 310.0 99.0 59.0 213.0 34.0 0.0 61.0 147.0 14.0 0.0 5.0 21.0 21.0 72.0 0.0 0.0 2.0 21.0 20.0 0.0 30.0 0.0 4.0 5.0
2119.0 1072.0 506.0 597.0 58.0 5.0 400.0 166.0 93.0 343.0 44.5 0.0 100.0 261.0 18.0 2.0 7.0 26.0 23.0 156.0 0.0 10.0 4.0 64.0 40.0 1.0 42.0 1.0 33.0 12.0
2152.0 1003.0 526.0 498.0 56.0 2.0 409.0 128.0 77.0 248.0 33.0 0.0 79.0 186.0 26.0 1.0 2.0 25.0 39.0 96.0 0.0 2.0 0.0 49.0 38.0 0.0 29.0 1.0 14.0 4.0
2124.0 1063.0 514.0 592.0 51.0 2.0 416.0 175.0 74.0 381.0 34.0 0.0 112.0 285.0 16.0 0.0 0.0 31.0 28.0 129.0 0.0 2.0 10.0 49.0 36.0 0.0 38.0 0.0 31.0 5.0
2087.0 932.0 483.0 474.0 36.0 1.0 346.0 96.0 62.0 210.0 28.0 0.0 82.0 184.0 8.0 0.0 1.0 13.0 21.0 64.0 0.0 4.0 0.0 41.0 23.0 0.0 13.0 0.0 6.0 2.0
2025.0 990.0 454.0 588.0 61.0 5.0 386.0 128.0 58.0 309.0 54.5 1.0 101.0 244.0 27.0 1.0 5.0 30.0 29.0 135.0 0.0 20.0 1.0 40.0 28.0 2.0 28.0 1.0 11.0 4.0
2048.0 949.0 456.0 480.0 43.0 0.0 345.0 121.0 59.0 225.0 27.5 0.0 81.0 197.0 11.0 1.0 0.0 22.0 15.0 81.0 0.0 0.0 1.0 37.0 37.0 0.0 28.0 0.0 9.0 3.0
1999.0 913.0 414.0 463.0 39.0 7.0 337.0 92.0 43.0 210.0 26.0 0.0 97.0 188.0 9.0 0.0 5.0 19.0 22.0 55.0 0.0 6.0 1.0 33.0 29.0 0.0 16.0 1.0 4.0 2.0
2009.0 866.0 388.0 391.0 50.0 3.0 250.0 77.0 37.0 163.0 24.5 0.0 52.0 138.0 14.0 0.0 2.0 13.0 11.0 37.0 0.0 2.0 4.0 15.0 11.0 0.0 15.0 0.0 2.0 3.0
2078.0 993.0 449.0 487.0 67.0 3.0 317.0 123.0 59.0 256.0 59.0 2.0 56.0 174.0 18.0 0.0 7.0 28.0 16.0 75.0 0.0 4.0 6.0 37.0 25.0 0.0 18.0 2.0 13.0 8.0
2108.0 983.0 451.0 533.0 45.0 2.0 363.0 103.0 56.0 310.0 36.0 0.0 118.0 190.0 9.0 0.0 3.0 19.0 16.0 96.0 0.0 4.0 2.0 38.0 15.0 0.0 26.0 0.0 7.0 3.0
2048.0 822.0 456.0 383.0 31.0 3.0 272.0 86.0 56.0 184.0 22.5 0.0 59.0 140.0 6.0 1.0 6.0 10.0 4.0 60.0 0.0 0.0 1.0 42.0 13.0 1.0 16.0 0.0 5.0 5.0
2080.0 1041.0 488.0 585.0 65.0 7.0 450.0 166.0 67.0 302.0 50.5 0.0 118.0 291.0 32.0 3.0 5.0 39.0 32.0 143.0 0.0 18.0 4.0 60.0 85.0 2.0 55.0 2.0 19.0 5.0
2095.0 982.0 457.0 520.0 60.0 1.0 346.0 124.0 57.0 252.0 47.0 1.0 90.0 199.0 18.0 0.0 1.0 19.0 19.0 93.0 0.0 0.0 7.0 29.0 27.0 0.0 30.0 0.0 9.0 5.0
2117.0 1004.0 488.0 504.0 45.0 9.0 330.0 143.0 77.0 254.0 39.0 0.0 61.0 163.0 8.0 0.0 8.0 26.0 14.0 87.0 0.0 14.0 1.0 43.0 15.0 4.0 41.0 2.0 16.0 11.0
2077.0 977.0 478.0 504.0 50.0 2.0 397.0 127.0 72.0 272.0 36.5 0.0 103.0 203.0 16.0 0.0 4.0 27.0 32.0 84.0 0.0 4.0 1.0 58.0 39.0 0.0 38.0 1.0 11.0 6.0
2065.0 947.0 472.0 439.0 34.0 3.0 363.0 122.0 77.0 169.0 23.0 1.0 90.0 156.0 6.0 0.0 4.0 13.0 26.0 85.0 0.0 6.0 0.0 46.0 34.0 1.0 40.0 0.0 22.0 11.0
2109.0 1018.0 515.0 542.0 53.0 1.0 432.0 165.0 81.0 272.0 47.0 0.0 105.0 239.0 19.0 1.0 2.0 24.0 40.0 138.0 0.0 4.0 7.0 56.0 43.0 0.0 67.0 2.0 19.0 7.0
2049.0 974.0 426.0 492.0 62.0 5.0 331.0 103.0 46.0 230.0 43.0 0.0 68.0 214.0 18.0 0.0 10.0 17.0 16.0 80.0 0.0 4.0 1.0 35.0 19.0 2.0 20.0 0.0 2.0 4.0
1994.0 866.0 429.0 445.0 50.0 1.0 318.0 103.0 68.0 233.0 40.0 0.0 75.0 161.0 13.0 0.0 2.0 25.0 26.0 86.0 0.0 0.0 0.0 43.0 25.0 0.0 33.0 0.0 14.0 10.0
2153.0 1024.0 514.0 526.0 49.0 1.0 420.0 132.0 59.0 250.0 30.0 0.0 105.0 246.0 15.0 0.0 1.0 25.0 42.0 116.0 0.0 2.0 1.0 33.0 26.0 0.0 24.0 0.0 10.0 3.0
2077.0 926.0 469.0 452.0 46.0 1.0 311.0 101.0 64.0 203.0 29.0 0.0 65.0 162.0 10.0 0.0 0.0 15.0 15.0 99.0 0.0 0.0 2.0 27.0 12.0 0.0 23.0 0.0 4.0 4.0
2074.0 973.0 453.0 484.0 54.0 4.0 360.0 115.0 51.0 205.0 36.5 0.0 92.0 191.0 22.0 0.0 5.0 27.0 23.0 87.0 0.0 4.0 1.0 32.0 26.0 0.0 21.0 1.0 11.0 2.0
1980.0 899.0 418.0 492.0 47.0 6.0 347.0 104.0 48.0 325.0 40.5 1.0 107.0 208.0 14.0 1.0 11.0 37.0 28.0 96.0 0.0 16.0 2.0 39.0 34.0 1.0 22.0 2.0 12.0 1.0
1960.0 902.0 373.0 457.0 54.0 4.0 300.0 80.0 28.0 222.0 47.0 0.0 72.0 158.0 18.0 0.0 2.0 17.0 18.0 63.0 0.0 10.0 1.0 15.0 15.0 0.0 9.0 1.0 3.0 1.0
1989.0 895.0 426.0 438.0 37.0 2.0 275.0 94.0 64.0 216.0 28.0 0.0 43.0 131.0 7.0 0.0 1.0 8.0 11.0 58.0 0.0 2.0 1.0 23.0 14.0 0.0 19.0 0.0 9.0 9.0
1999.0 886.0 391.0 442.0 37.0 6.0 292.0 85.0 37.0 203.0 25.5 0.0 74.0 144.0 14.0 1.0 2.0 15.0 12.0 73.0 0.0 12.0 0.0 15.0 28.0 1.0 10.0 1.0 5.0 3.0
2085.0 978.0 504.0 541.0 53.0 4.0 388.0 122.0 93.0 267.0 45.0 1.0 86.0 246.0 11.0 1.0 6.0 21.0 31.0 91.0 0.0 4.0 2.0 69.0 30.0 0.0 29.0 1.0 11.0 15.0
2086.0 984.0 478.0 558.0 51.0 2.0 419.0 140.0 83.0 294.0 42.5 0.0 128.0 321.0 18.0 1.0 4.0 32.0 49.0 136.0 0.0 0.0 0.0 88.0 64.0 0.0 45.0 0.0 26.0 28.0
2150.0 1033.0 544.0 558.0 41.0 5.0 466.0 156.0 89.0 319.0 34.0 0.0 132.0 284.0 8.0 2.0 13.0 28.0 37.0 115.0 0.0 20.0 3.0 69.0 38.0 2.0 52.0 1.0 21.0 9.0
2131.0 1024.0 530.0 555.0 56.0 9.0 400.0 137.0 84.0 287.0 50.0 0.0 110.0 226.0 13.0 0.0 14.0 42.0 30.0 114.0 0.0 12.0 1.0 47.0 22.0 1.0 38.0 0.0 13.0 6.0
1995.0 868.0 413.0 420.0 52.0 3.0 300.0 94.0 55.0 159.0 35.5 0.0 74.0 130.0 14.0 0.0 1.0 29.0 20.0 74.0 0.0 4.0 4.0 42.0 14.0 1.0 35.0 0.0 5.0 4.0
2036.0 933.0 423.0 436.0 49.0 3.0 324.0 104.0 46.0 177.0 36.0 1.0 83.0 125.0 12.0 0.0 2.0 19.0 15.0 63.0 0.0 0.0 1.0 27.0 13.0 1.0 27.0 0.0 8.0 3.0
2061.0 980.0 485.0 525.0 69.0 1.0 421.0 127.0 89.0 235.0 64.5 0.0 113.0 255.0 31.0 3.0 0.0 24.0 39.0 128.0 0.0 4.0 6.0 79.0 15.0 0.0 44.0 0.0 3.0 13.0
2017.0 943.0 416.0 451.0 64.0 4.0 324.0 106.0 44.0 206.0 46.5 0.0 67.0 145.0 19.0 0.0 6.0 22.0 27.0 73.0 0.0 4.0 1.0 32.0 15.0 0.0 21.0 0.0 8.0 1.0
2032.0 945.0 432.0 486.0 49.0 3.0 327.0 113.0 42.0 239.0 31.5 0.0 76.0 171.0 15.0 0.0 3.0 16.0 22.0 91.0 0.0 2.0 1.0 33.0 34.0 0.0 17.0 2.0 2.0 2.0
2063.0 1008.0 495.0 583.0 70.0 3.0 395.0 144.0 83.0 296.0 67.5 0.0 115.0 271.0 26.0 0.0 3.0 29.0 24.0 111.0 0.0 6.0 6.0 61.0 37.0 0.0 36.0 1.0 9.0 10.0
2109.0 984.0 521.0 516.0 42.0 0.0 388.0 144.0 82.0 307.0 39.0 0.0 88.0 216.0 7.0 0.0 0.0 24.0 32.0 101.0 0.0 0.0 3.0 46.0 23.0 0.0 38.0 0.0 19.0 11.0
2075.0 976.0 435.0 481.0 54.0 4.0 366.0 126.0 53.0 215.0 45.0 1.0 95.0 160.0 9.0 0.0 6.0 37.0 31.0 66.0 0.0 8.0 3.0 41.0 41.0 0.0 30.0 2.0 17.0 1.0
2118.0 974.0 455.0 467.0 50.0 4.0 284.0 109.0 40.0 224.0 38.5 0.0 56.0 127.0 9.0 1.0 2.0 16.0 15.0 64.0 0.0 8.0 5.0 11.0 10.0 0.0 10.0 0.0 7.0 2.0
2046.0 881.0 452.0 398.0 28.0 2.0 281.0 101.0 60.0 157.0 20.5 0.0 50.0 139.0 2.0 0.0 0.0 12.0 17.0 61.0 0.0 2.0 0.0 25.0 17.0 0.0 10.0 2.0 13.0 3.0
2007.0 893.0 407.0 413.0 43.0 0.0 285.0 95.0 44.0 185.0 28.5 0.0 56.0 111.0 13.0 1.0 0.0 20.0 22.0 41.0 0.0 0.0 2.0 23.0 16.0 0.0 17.0 0.0 8.0 1.0
2017.0 919.0 389.0 451.0 52.0 4.0 310.0 95.0 31.0 226.0 43.0 0.0 62.0 168.0 16.0 1.0 4.0 26.0 18.0 69.0 0.0 4.0 1.0 26.0 15.0 1.0 16.0 0.0 4.0 1.0
2046.0 997.0 475.0 503.0 52.0 3.0 438.0 136.0 77.0 234.0 19.0 2.0 87.0 238.0 24.0 0.0 2.0 29.0 34.0 112.0 0.0 4.0 2.0 65.0 36.0 0.0 36.0 0.0 16.0 13.0
2046.0 905.0 448.0 483.0 45.0 3.0 270.0 103.0 67.0 242.0 40.5 0.0 56.0 173.0 11.0 5.0 3.0 11.0 9.0 76.0 0.0 6.0 0.0 21.0 16.0 0.0 22.0 0.0 10.0 6.0
2137.0 1090.0 506.0 634.0 80.0 9.0 437.0 122.0 78.0 348.0 77.5 0.0 126.0 265.0 20.0 0.0 15.0 45.0 39.0 125.0 0.0 10.0 1.0 55.0 32.0 2.0 33.0 1.0 6.0 7.0
2094.0 939.0 477.0 456.0 50.0 1.0 340.0 114.0 56.0 214.0 33.0 2.0 66.0 175.0 20.0 0.0 2.0 28.0 22.0 84.0 0.0 0.0 2.0 29.0 23.0 0.0 25.0 0.0 4.0 4.0
2075.0 922.0 482.0 434.0 35.0 5.0 317.0 114.0 81.0 170.0 22.5 0.0 67.0 163.0 9.0 0.0 4.0 12.0 20.0 75.0 0.0 12.0 0.0 28.0 27.0 0.0 22.0 2.0 16.0 10.0
2052.0 971.0 467.0 522.0 66.0 2.0 388.0 120.0 49.0 263.0 48.0 0.0 91.0 226.0 26.0 1.0 1.0 27.0 27.0 106.0 0.0 6.0 7.0 37.0 24.0 0.0 30.0 1.0 6.0 1.0
2116.0 1083.0 493.0 606.0 74.0 3.0 451.0 160.0 81.0 402.0 62.0 1.0 143.0 334.0 24.0 0.0 4.0 39.0 35.0 164.0 0.0 0.0 6.0 67.0 43.0 0.0 66.0 0.0 22.0 13.0
2020.0 911.0 425.0 452.0 39.0 9.0 301.0 118.0 47.0 190.0 23.0 0.0 88.0 155.0 14.0 0.0 9.0 11.0 18.0 80.0 0.0 22.0 2.0 18.0 17.0 0.0 28.0 0.0 18.0 5.0
2098.0 1017.0 510.0 550.0 64.0 1.0 407.0 141.0 70.0 305.0 45.5 0.0 95.0 231.0 27.0 2.0 0.0 30.0 18.0 121.0 0.0 2.0 0.0 53.0 34.0 0.0 29.0 0.0 10.0 5.0
2057.0 929.0 469.0 451.0 52.0 7.0 350.0 125.0 49.0 248.0 49.5 0.0 82.0 197.0 16.0 0.0 14.0 23.0 25.0 82.0 0.0 8.0 4.0 31.0 28.0 1.0 28.0 4.0 5.0 2.0
2057.0 995.0 474.0 524.0 57.0 1.0 403.0 143.0 82.0 231.0 43.0 0.0 90.0 186.0 20.0 0.0 0.0 29.0 25.0 121.0 0.0 2.0 0.0 65.0 37.0 0.0 43.0 0.0 22.0 12.0
2073.0 957.0 433.0 431.0 42.0 2.0 293.0 111.0 42.0 187.0 22.5 0.0 52.0 168.0 6.0 0.0 3.0 16.0 13.0 55.0 0.0 0.0 1.0 23.0 25.0 0.0 10.0 0.0 5.0 2.0
2078.0 982.0 411.0 484.0 60.0 5.0 295.0 98.0 40.0 214.0 47.0 0.0 70.0 147.0 8.0 0.0 6.0 20.0 10.0 59.0 0.0 6.0 0.0 23.0 16.0 0.0 13.0 0.0 7.0 2.0
2076.0 986.0 457.0 531.0 69.0 1.0 374.0 122.0 65.0 264.0 50.0 1.0 118.0 209.0 24.0 0.0 1.0 36.0 30.0 123.0 0.0 0.0 2.0 37.0 23.0 0.0 47.0 1.0 10.0 6.0
2089.0 987.0 472.0 562.0 48.0 4.0 395.0 133.0 60.0 308.0 45.0 0.0 127.0 217.0 13.0 2.0 6.0 48.0 23.0 122.0 0.0 12.0 2.0 45.0 49.0 0.0 42.0 1.0 16.0 3.0
2061.0 1010.0 457.0 513.0 49.0 4.0 369.0 141.0 58.0 272.0 32.5 0.0 94.0 188.0 11.0 0.0 3.0 18.0 35.0 103.0 0.0 12.0 1.0 43.0 29.0 0.0 39.0 0.0 14.0 4.0
2146.0 1039.0 505.0 517.0 66.0 2.0 401.0 143.0 77.0 275.0 45.5 0.0 81.0 195.0 22.0 1.0 4.0 24.0 31.0 93.0 0.0 0.0 3.0 48.0 34.0 0.0 44.0 2.0 16.0 8.0
2034.0 909.0 391.0 429.0 47.0 5.0 275.0 80.0 37.0 207.0 29.0 1.0 49.0 135.0 9.0 0.0 7.0 14.0 17.0 66.0 0.0 6.0 0.0 25.0 17.0 0.0 8.0 1.0 4.0 2.0
2150.0 990.0 489.0 483.0 57.0 7.0 353.0 113.0 68.0 176.0 56.0 0.0 80.0 184.0 19.0 1.0 2.0 14.0 30.0 71.0 0.0 10.0 1.0 29.0 21.0 1.0 20.0 1.0 13.0 9.0
2051.0 1026.0 418.0 549.0 67.0 2.0 348.0 115.0 29.0 271.0 45.5 0.0 82.0 179.0 20.0 0.0 2.0 30.0 19.0 98.0 0.0 2.0 4.0 17.0 23.0 0.0 18.0 0.0 2.0 0.0
1957.0 919.0 384.0 404.0 55.0 6.0 297.0 83.0 44.0 178.0 33.0 0.0 74.0 124.0 13.0 0.0 5.0 16.0 15.0 40.0 0.0 0.0 1.0 33.0 14.0 1.0 14.0 0.0 5.0 2.0
2075.0 972.0 482.0 483.0 50.0 0.0 330.0 143.0 68.0 234.0 31.0 1.0 53.0 170.0 13.0 0.0 0.0 24.0 17.0 81.0 0.0 0.0 2.0 29.0 27.0 0.0 32.0 0.0 16.0 4.0
2077.0 959.0 474.0 466.0 59.0 2.0 358.0 118.0 61.0 192.0 40.5 0.0 82.0 144.0 13.0 1.0 2.0 28.0 24.0 91.0 0.0 4.0 3.0 43.0 20.0 0.0 26.0 0.0 12.0 3.0
2070.0 911.0 490.0 401.0 40.0 3.0 331.0 131.0 62.0 158.0 23.5 0.0 59.0 134.0 8.0 0.0 1.0 20.0 30.0 77.0 0.0 8.0 2.0 32.0 20.0 1.0 31.0 1.0 9.0 3.0
2087.0 942.0 473.0 457.0 31.0 3.0 338.0 110.0 65.0 215.0 22.5 0.0 88.0 183.0 8.0 2.0 1.0 9.0 22.0 72.0 0.0 2.0 1.0 45.0 24.0 0.0 15.0 1.0 14.0 6.0
2012.0 955.0 413.0 524.0 56.0 5.0 340.0 104.0 50.0 237.0 47.0 2.0 77.0 200.0 11.0 2.0 8.0 22.0 22.0 85.0 0.0 12.0 2.0 39.0 26.0 1.0 23.0 0.0 7.0 5.0
2102.0 972.0 484.0 469.0 51.0 2.0 389.0 139.0 66.0 210.0 44.0 0.0 110.0 165.0 19.0 0.0 2.0 37.0 28.0 88.0 0.0 6.0 2.0 56.0 29.0 0.0 53.0 0.0 11.0 7.0
2039.0 942.0 478.0 487.0 56.0 1.0 338.0 135.0 73.0 224.0 47.0 1.0 74.0 177.0 16.0 2.0 1.0 32.0 29.0 109.0 0.0 0.0 2.0 38.0 30.0 0.0 35.0 0.0 12.0 6.0
2040.0 955.0 432.0 501.0 67.0 8.0 335.0 102.0 42.0 278.0 65.0 0.0 75.0 164.0 18.0 2.0 8.0 24.0 13.0 73.0 0.0 14.0 2.0 33.0 28.0 3.0 10.0 1.0 5.0 1.0
1979.0 822.0 405.0 385.0 36.0 5.0 257.0 106.0 51.0 179.0 25.0 0.0 65.0 120.0 3.0 1.0 4.0 13.0 13.0 82.0 0.0 10.0 6.0 22.0 10.0 0.0 25.0 0.0 9.0 5.0
2167.0 1098.0 531.0 607.0 71.0 9.0 448.0 167.0 83.0 287.0 57.5 0.0 104.0 266.0 26.0 0.0 14.0 30.0 24.0 139.0 0.0 10.0 2.0 63.0 54.0 1.0 46.0 3.0 31.0 9.0
2112.0 1015.0 473.0 561.0 57.0 3.0 367.0 125.0 50.0 308.0 57.0 1.0 96.0 203.0 13.0 0.0 8.0 22.0 29.0 103.0 0.0 2.0 2.0 37.0 23.0 1.0 19.0 0.0 9.0 3.0
2007.0 942.0 391.0 492.0 49.0 2.0 320.0 101.0 42.0 230.0 33.5 0.0 77.0 180.0 9.0 0.0 2.0 18.0 17.0 90.0 0.0 0.0 3.0 27.0 31.0 1.0 16.0 0.0 9.0 1.0
2136.0 1057.0 480.0 587.0 59.0 1.0 394.0 123.0 57.0 329.0 57.0 0.0 98.0 254.0 21.0 1.0 0.0 29.0 23.0 107.0 0.0 0.0 2.0 27.0 32.0 0.0 30.0 0.0 7.0 5.0
2022.0 948.0 394.0 462.0 48.0 2.0 299.0 92.0 37.0 224.0 27.5 0.0 65.0 154.0 11.0 0.0 3.0 10.0 21.0 62.0 0.0 0.0 3.0 25.0 16.0 0.0 14.0 0.0 4.0 1.0
2062.0 995.0 430.0 551.0 60.0 2.0 354.0 95.0 51.0 297.0 51.0 0.0 105.0 217.0 18.0 0.0 1.0 17.0 24.0 75.0 0.0 4.0 6.0 35.0 15.0 0.0 19.0 0.0 6.0 4.0
2123.0 1073.0 480.0 571.0 52.0 4.0 415.0 141.0 52.0 328.0 34.5 1.0 118.0 262.0 11.0 0.0 0.0 24.0 26.0 107.0 0.0 14.0 3.0 38.0 29.0 0.0 37.0 2.0 7.0 2.0
2057.0 943.0 411.0 495.0 44.0 4.0 318.0 93.0 37.0 268.0 31.5 1.0 77.0 211.0 13.0 0.0 1.0 13.0 18.0 100.0 0.0 4.0 0.0 23.0 15.0 0.0 16.0 0.0 6.0 2.0
2047.0 957.0 460.0 445.0 49.0 6.0 362.0 145.0 68.0 212.0 32.0 1.0 77.0 176.0 8.0 1.0 4.0 29.0 27.0 88.0 0.0 14.0 4.0 41.0 38.0 1.0 47.0 1.0 18.0 9.0
2156.0 1061.0 538.0 589.0 59.0 5.0 388.0 139.0 87.0 313.0 50.5 0.0 90.0 205.0 19.0 2.0 3.0 16.0 24.0 88.0 0.0 8.0 0.0 40.0 26.0 0.0 23.0 3.0 25.0 10.0
2070.0 976.0 471.0 506.0 56.0 6.0 360.0 109.0 65.0 242.0 51.5 2.0 72.0 182.0 23.0 1.0 24.0 24.0 33.0 75.0 0.0 12.0 5.0 51.0 13.0 3.0 37.0 0.0 6.0 9.0
2057.0 940.0 472.0 465.0 56.0 3.0 352.0 113.0 64.0 233.0 44.5 1.0 80.0 157.0 13.0 0.0 4.0 24.0 20.0 93.0 0.0 8.0 3.0 37.0 24.0 0.0 23.0 1.0 2.0 7.0
2069.0 970.0 472.0 497.0 54.0 4.0 316.0 131.0 71.0 231.0 33.0 0.0 34.0 170.0 13.0 0.0 4.0 20.0 15.0 97.0 0.0 6.0 6.0 36.0 29.0 1.0 23.0 1.0 12.0 8.0
2030.0 944.0 428.0 474.0 36.0 2.0 336.0 101.0 42.0 220.0 27.0 0.0 73.0 152.0 4.0 1.0 0.0 13.0 40.0 84.0 0.0 2.0 1.0 34.0 16.0 0.0 13.0 1.0 2.0 2.0
2022.0 951.0 442.0 519.0 59.0 2.0 316.0 116.0 65.0 317.0 54.5 0.0 73.0 186.0 15.0 0.0 4.0 28.0 6.0 85.0 0.0 2.0 1.0 38.0 21.0 0.0 25.0 0.0 13.0 6.0
2027.0 869.0 451.0 425.0 35.0 0.0 322.0 88.0 68.0 193.0 24.5 0.0 76.0 179.0 9.0 0.0 0.0 16.0 22.0 64.0 0.0 0.0 0.0 28.0 20.0 0.0 16.0 0.0 6.0 11.0
2067.0 952.0 456.0 458.0 54.0 2.0 359.0 94.0 57.0 194.0 35.0 0.0 67.0 209.0 19.0 0.0 3.0 25.0 22.0 58.0 0.0 8.0 1.0 42.0 17.0 0.0 22.0 1.0 2.0 7.0
2011.0 902.0 448.0 407.0 35.0 2.0 299.0 140.0 77.0 184.0 23.5 0.0 66.0 142.0 5.0 0.0 1.0 11.0 11.0 75.0 0.0 4.0 1.0 39.0 31.0 0.0 37.0 3.0 33.0 10.0
2061.0 939.0 455.0 499.0 50.0 9.0 297.0 107.0 56.0 280.0 34.0 0.0 61.0 166.0 14.0 0.0 15.0 11.0 20.0 97.0 0.0 8.0 2.0 22.0 15.0 2.0 17.0 0.0 10.0 3.0
2086.0 995.0 478.0 514.0 51.0 5.0 353.0 119.0 69.0 234.0 49.5 0.0 73.0 223.0 10.0 0.0 5.0 30.0 18.0 75.0 0.0 18.0 0.0 41.0 25.0 0.0 22.0 1.0 9.0 6.0
2129.0 1060.0 523.0 592.0 62.0 4.0 448.0 132.0 98.0 314.0 54.5 0.0 126.0 240.0 12.0 2.0 5.0 41.0 37.0 89.0 0.0 20.0 4.0 61.0 24.0 0.0 40.0 0.0 11.0 24.0
2069.0 911.0 467.0 481.0 45.0 3.0 331.0 94.0 73.0 268.0 37.0 0.0 81.0 227.0 12.0 0.0 2.0 18.0 25.0 92.0 0.0 4.0 1.0 68.0 28.0 0.0 14.0 2.0 9.0 9.0
2125.0 1083.0 486.0 649.0 74.0 4.0 399.0 141.0 65.0 370.0 76.5 3.0 111.0 280.0 29.0 1.0 6.0 35.0 26.0 148.0 0.0 4.0 4.0 34.0 39.0 0.0 42.0 1.0 8.0 5.0
2072.0 953.0 493.0 470.0 50.0 5.0 361.0 108.0 81.0 221.0 40.5 0.0 79.0 184.0 10.0 3.0 4.0 15.0 28.0 76.0 0.0 12.0 0.0 60.0 16.0 1.0 34.0 0.0 11.0 10.0
2071.0 938.0 454.0 465.0 40.0 6.0 333.0 105.0 62.0 213.0 34.5 0.0 69.0 191.0 13.0 0.0 4.0 13.0 22.0 66.0 0.0 16.0 0.0 36.0 20.0 3.0 25.0 3.0 8.0 5.0
2085.0 952.0 497.0 442.0 33.0 1.0 362.0 127.0 77.0 199.0 22.5 0.0 78.0 153.0 8.0 0.0 0.0 12.0 21.0 91.0 0.0 0.0 2.0 50.0 26.0 0.0 35.0 0.0 9.0 6.0
2021.0 880.0 441.0 400.0 43.0 4.0 315.0 104.0 54.0 150.0 24.0 0.0 67.0 142.0 11.0 1.0 3.0 27.0 25.0 69.0 0.0 12.0 2.0 39.0 15.0 0.0 16.0 1.0 12.0 7.0
2120.0 1024.0 500.0 526.0 68.0 4.0 419.0 128.0 65.0 279.0 50.0 0.0 93.0 211.0 23.0 1.0 4.0 34.0 35.0 107.0 0.0 2.0 3.0 48.0 27.0 1.0 26.0 2.0 12.0 3.0
2121.0 1080.0 479.0 635.0 70.0 5.0 429.0 142.0 63.0 369.0 52.0 2.0 131.0 268.0 24.0 1.0 12.0 32.0 22.0 145.0 0.0 8.0 1.0 48.0 52.0 0.0 31.0 2.0 14.0 4.0
2098.0 1031.0 481.0 546.0 60.0 1.0 379.0 151.0 74.0 237.0 38.5 0.0 100.0 201.0 14.0 2.0 2.0 34.0 29.0 113.0 0.0 4.0 6.0 46.0 36.0 0.0 62.0 0.0 27.0 11.0
2034.0 1002.0 440.0 533.0 42.0 5.0 351.0 117.0 61.0 266.0 30.0 1.0 86.0 187.0 9.0 1.0 2.0 19.0 29.0 89.0 0.0 4.0 2.0 44.0 25.0 1.0 15.0 2.0 13.0 6.0
2112.0 1038.0 484.0 567.0 59.0 2.0 405.0 129.0 62.0 301.0 43.5 1.0 91.0 251.0 16.0 1.0 5.0 29.0 28.0 108.0 0.0 4.0 2.0 39.0 29.0 0.0 34.0 1.0 9.0 3.0
2104.0 963.0 476.0 451.0 46.0 2.0 345.0 124.0 56.0 214.0 29.5 0.0 78.0 148.0 10.0 0.0 2.0 19.0 19.0 65.0 0.0 4.0 1.0 31.0 27.0 0.0 27.0 0.0 15.0 5.0
2050.0 936.0 447.0 455.0 35.0 3.0 356.0 97.0 46.0 199.0 21.5 0.0 83.0 179.0 10.0 3.0 1.0 24.0 29.0 58.0 0.0 10.0 0.0 31.0 16.0 1.0 23.0 0.0 6.0 1.0
1986.0 888.0 428.0 480.0 61.0 6.0 321.0 103.0 50.0 217.0 49.5 0.0 87.0 193.0 13.0 2.0 4.0 30.0 23.0 96.0 0.0 14.0 2.0 36.0 25.0 2.0 20.0 0.0 7.0 3.0
2111.0 998.0 519.0 505.0 61.0 9.0 384.0 161.0 92.0 281.0 54.0 0.0 93.0 196.0 28.0 2.0 9.0 31.0 30.0 115.0 0.0 20.0 4.0 47.0 38.0 1.0 30.0 3.0 24.0 15.0
2036.0 940.0 443.0 451.0 57.0 3.0 300.0 97.0 51.0 213.0 46.5 0.0 44.0 174.0 21.0 0.0 3.0 15.0 10.0 60.0 0.0 2.0 3.0 31.0 15.0 0.0 9.0 0.0 6.0 4.0
2106.0 991.0 470.0 500.0 39.0 2.0 332.0 132.0 62.0 244.0 27.0 0.0 61.0 177.0 9.0 2.0 1.0 13.0 17.0 87.0 0.0 12.0 0.0 22.0 41.0 0.0 27.0 1.0 11.0 5.0
2099.0 973.0 465.0 490.0 47.0 4.0 344.0 125.0 71.0 235.0 35.0 0.0 96.0 167.0 8.0 4.0 3.0 13.0 23.0 74.0 0.0 2.0 5.0 47.0 33.0 0.0 42.0 2.0 18.0 8.0
2057.0 930.0 435.0 510.0 43.0 1.0 340.0 110.0 47.0 255.0 34.5 0.0 72.0 225.0 9.0 0.0 0.0 17.0 26.0 115.0 0.0 2.0 1.0 34.0 24.0 0.0 20.0 0.0 10.0 1.0
2099.0 1005.0 479.0 549.0 56.0 4.0 403.0 111.0 56.0 312.0 42.5 0.0 97.0 261.0 19.0 0.0 8.0 27.0 34.0 90.0 0.0 6.0 2.0 39.0 22.0 0.0 32.0 1.0 2.0 3.0
2072.0 964.0 495.0 475.0 42.0 3.0 363.0 129.0 93.0 229.0 39.0 0.0 78.0 174.0 5.0 1.0 2.0 23.0 34.0 76.0 0.0 4.0 1.0 51.0 25.0 0.0 40.0 0.0 22.0 17.0
2068.0 1037.0 472.0 527.0 60.0 7.0 387.0 130.0 65.0 276.0 46.0 0.0 101.0 192.0 20.0 1.0 10.0 24.0 24.0 71.0 0.0 12.0 0.0 40.0 24.0 1.0 25.0 2.0 12.0 6.0
2084.0 994.0 478.0 503.0 47.0 4.0 411.0 139.0 74.0 212.0 37.0 0.0 87.0 232.0 13.0 0.0 4.0 31.0 37.0 96.0 0.0 12.0 4.0 70.0 47.0 0.0 36.0 2.0 18.0 13.0
2136.0 1077.0 472.0 527.0 65.0 9.0 400.0 121.0 48.0 230.0 41.5 0.0 100.0 197.0 20.0 0.0 10.0 35.0 24.0 76.0 0.0 14.0 0.0 39.0 26.0 1.0 25.0 0.0 5.0 1.0
2051.0 960.0 465.0 469.0 56.0 1.0 350.0 135.0 53.0 204.0 48.5 1.0 76.0 166.0 16.0 1.0 5.0 27.0 20.0 87.0 0.0 2.0 3.0 33.0 29.0 0.0 16.0 0.0 13.0 4.0
2087.0 986.0 475.0 577.0 60.0 6.0 369.0 113.0 62.0 397.0 68.5 1.0 119.0 226.0 18.0 3.0 11.0 24.0 21.0 110.0 0.0 8.0 2.0 43.0 34.0 1.0 33.0 2.0 9.0 5.0
2003.0 953.0 432.0 496.0 51.0 2.0 358.0 117.0 55.0 240.0 40.5 0.0 97.0 180.0 11.0 1.0 0.0 26.0 27.0 84.0 0.0 4.0 0.0 41.0 33.0 1.0 32.0 0.0 8.0 4.0
2107.0 1102.0 451.0 630.0 65.0 4.0 398.0 136.0 53.0 345.0 51.5 0.0 97.0 262.0 15.0 0.0 1.0 36.0 21.0 124.0 0.0 2.0 6.0 32.0 30.0 0.0 36.0 1.0 7.0 5.0
2027.0 878.0 425.0 387.0 36.0 4.0 244.0 96.0 53.0 153.0 22.5 2.0 47.0 94.0 4.0 0.0 4.0 10.0 7.0 59.0 0.0 2.0 1.0 14.0 7.0 0.0 22.0 1.0 5.0 3.0
2044.0 1017.0 433.0 554.0 53.0 5.0 385.0 117.0 62.0 303.0 44.0 0.0 120.0 213.0 17.0 1.0 4.0 24.0 31.0 76.0 0.0 12.0 1.0 43.0 27.0 0.0 43.0 1.0 13.0 5.0
2050.0 924.0 441.0 458.0 47.0 5.0 299.0 121.0 51.0 204.0 37.5 0.0 61.0 170.0 15.0 2.0 7.0 24.0 11.0 68.0 0.0 16.0 1.0 22.0 29.0 1.0 20.0 0.0 8.0 3.0
2082.0 994.0 439.0 486.0 61.0 5.0 337.0 88.0 59.0 222.0 33.5 0.0 85.0 165.0 20.0 0.0 6.0 19.0 16.0 75.0 0.0 6.0 3.0 35.0 14.0 1.0 14.0 0.0 4.0 4.0
2051.0 998.0 448.0 521.0 54.0 4.0 377.0 108.0 70.0 272.0 36.5 0.0 87.0 201.0 14.0 1.0 6.0 18.0 29.0 96.0 0.0 4.0 1.0 54.0 34.0 1.0 42.0 0.0 20.0 11.0
2043.0 938.0 460.0 473.0 59.0 4.0 303.0 136.0 63.0 232.0 39.5 0.0 72.0 164.0 22.0 2.0 3.0 12.0 12.0 78.0 0.0 6.0 1.0 35.0 20.0 1.0 34.0 4.0 18.0 4.0
2067.0 1071.0 486.0 574.0 64.0 6.0 432.0 168.0 74.0 286.0 47.0 1.0 97.0 222.0 15.0 0.0 4.0 34.0 28.0 124.0 0.0 16.0 1.0 48.0 46.0 2.0 61.0 4.0 18.0 5.0
2075.0 1016.0 486.0 545.0 72.0 1.0 362.0 141.0 95.0 258.0 65.5 2.0 70.0 183.0 20.0 2.0 1.0 22.0 17.0 112.0 0.0 8.0 3.0 46.0 28.0 0.0 44.0 0.0 27.0 24.0
2033.0 951.0 450.0 475.0 34.0 4.0 336.0 110.0 71.0 182.0 27.5 0.0 77.0 172.0 6.0 0.0 5.0 15.0 26.0 82.0 0.0 10.0 1.0 38.0 24.0 3.0 18.0 0.0 13.0 8.0
2044.0 943.0 444.0 468.0 46.0 4.0 347.0 114.0 51.0 181.0 29.5 1.0 91.0 175.0 12.0 3.0 1.0 23.0 18.0 78.0 0.0 10.0 0.0 41.0 22.0 0.0 37.0 0.0 3.0 2.0
2028.0 980.0 438.0 518.0 62.0 2.0 369.0 123.0 49.0 263.0 44.5 0.0 79.0 183.0 27.0 0.0 5.0 36.0 26.0 90.0 0.0 12.0 1.0 37.0 24.0 0.0 34.0 0.0 10.0 2.0
2106.0 1026.0 461.0 513.0 66.0 5.0 353.0 112.0 62.0 249.0 40.5 0.0 84.0 167.0 14.0 0.0 9.0 31.0 17.0 77.0 0.0 14.0 3.0 30.0 20.0 1.0 21.0 0.0 7.0 5.0
2089.0 956.0 481.0 498.0 59.0 4.0 345.0 125.0 86.0 246.0 47.0 0.0 77.0 208.0 13.0 2.0 5.0 36.0 20.0 111.0 0.0 8.0 2.0 48.0 32.0 0.0 35.0 0.0 17.0 14.0
2095.0 1015.0 462.0 565.0 47.0 8.0 348.0 126.0 50.0 290.0 49.5 0.0 112.0 209.0 13.0 1.0 10.0 24.0 24.0 98.0 0.0 12.0 0.0 24.0 31.0 1.0 25.0 1.0 6.0 2.0
2064.0 945.0 472.0 494.0 63.0 3.0 342.0 127.0 67.0 227.0 47.5 1.0 70.0 189.0 20.0 0.0 3.0 30.0 16.0 107.0 0.0 4.0 4.0 55.0 19.0 0.0 30.0 1.0 14.0 11.0
2101.0 983.0 489.0 455.0 52.0 3.0 347.0 132.0 68.0 181.0 41.0 1.0 64.0 151.0 17.0 0.0 7.0 24.0 13.0 84.0 0.0 4.0 3.0 46.0 23.0 0.0 24.0 1.0 12.0 5.0
2078.0 953.0 468.0 466.0 41.0 1.0 332.0 115.0 57.0 233.0 35.0 0.0 90.0 170.0 5.0 1.0 3.0 17.0 23.0 77.0 0.0 0.0 1.0 30.0 20.0 0.0 27.0 0.0 8.0 3.0
2044.0 952.0 447.0 476.0 55.0 5.0 327.0 127.0 74.0 227.0 41.0 0.0 74.0 155.0 9.0 0.0 6.0 23.0 18.0 77.0 0.0 6.0 2.0 58.0 32.0 0.0 26.0 2.0 21.0 15.0
1971.0 878.0 418.0 411.0 55.0 2.0 318.0 79.0 80.0 177.0 34.5 0.0 56.0 135.0 17.0 1.0 3.0 12.0 16.0 46.0 0.0 4.0 0.0 92.0 11.0 0.0 27.0 0.0 8.0 24.0
2147.0 1001.0 491.0 521.0 49.0 2.0 328.0 111.0 72.0 291.0 42.5 0.0 67.0 167.0 15.0 1.0 0.0 13.0 16.0 70.0 0.0 2.0 1.0 33.0 12.0 0.0 31.0 0.0 7.0 8.0
2071.0 959.0 444.0 503.0 75.0 0.0 328.0 108.0 56.0 277.0 57.0 1.0 74.0 199.0 35.0 2.0 0.0 27.0 32.0 85.0 0.0 0.0 6.0 41.0 18.0 0.0 24.0 0.0 7.0 3.0
2062.0 1004.0 443.0 555.0 49.0 1.0 379.0 118.0 57.0 296.0 36.5 0.0 93.0 238.0 15.0 6.0 0.0 29.0 21.0 89.0 0.0 4.0 1.0 46.0 31.0 0.0 34.0 1.0 5.0 8.0
2144.0 1035.0 497.0 532.0 51.0 5.0 356.0 126.0 68.0 276.0 37.0 0.0 83.0 195.0 15.0 0.0 2.0 25.0 17.0 78.0 0.0 10.0 0.0 34.0 21.0 0.0 17.0 2.0 14.0 4.0
2128.0 958.0 514.0 434.0 56.0 5.0 374.0 111.0 68.0 170.0 31.0 2.0 64.0 158.0 17.0 0.0 3.0 32.0 20.0 67.0 0.0 16.0 0.0 46.0 18.0 1.0 21.0 1.0 6.0 5.0
2040.0 966.0 410.0 520.0 57.0 6.0 333.0 86.0 48.0 292.0 42.0 0.0 90.0 209.0 12.0 1.0 4.0 12.0 29.0 57.0 0.0 8.0 3.0 30.0 13.0 0.0 16.0 2.0 2.0 7.0
2020.0 883.0 450.0 407.0 47.0 2.0 284.0 103.0 54.0 159.0 38.0 0.0 40.0 139.0 13.0 0.0 2.0 17.0 8.0 56.0 0.0 0.0 2.0 26.0 22.0 0.0 12.0 1.0 5.0 3.0
2071.0 972.0 532.0 522.0 60.0 2.0 395.0 160.0 102.0 285.0 45.0 2.0 99.0 190.0 15.0 1.0 2.0 41.0 21.0 122.0 0.0 6.0 7.0 53.0 35.0 0.0 55.0 0.0 21.0 18.0
2046.0 1027.0 444.0 574.0 70.0 8.0 402.0 116.0 45.0 300.0 49.5 0.0 128.0 244.0 37.0 1.0 13.0 15.0 42.0 101.0 0.0 28.0 1.0 30.0 32.0 7.0 24.0 0.0 5.0 2.0
2083.0 1018.0 474.0 544.0 61.0 6.0 411.0 117.0 61.0 269.0 52.5 0.0 80.0 232.0 18.0 4.0 8.0 40.0 44.0 102.0 0.0 26.0 1.0 45.0 24.0 1.0 19.0 0.0 10.0 4.0
2149.0 1003.0 519.0 488.0 58.0 3.0 387.0 118.0 78.0 258.0 37.5 0.0 85.0 201.0 10.0 2.0 3.0 24.0 33.0 66.0 0.0 8.0 3.0 36.0 17.0 0.0 32.0 0.0 12.0 4.0
2024.0 861.0 438.0 396.0 45.0 2.0 290.0 102.0 59.0 185.0 25.5 0.0 47.0 134.0 14.0 0.0 0.0 10.0 10.0 67.0 0.0 0.0 5.0 29.0 14.0 1.0 25.0 0.0 8.0 3.0
2024.0 912.0 422.0 441.0 48.0 3.0 303.0 103.0 39.0 175.0 36.5 1.0 79.0 165.0 6.0 0.0 4.0 27.0 18.0 75.0 0.0 6.0 4.0 14.0 24.0 0.0 20.0 1.0 4.0 1.0
2123.0 962.0 519.0 420.0 46.0 4.0 379.0 129.0 90.0 185.0 24.0 0.0 76.0 157.0 10.0 3.0 6.0 25.0 33.0 60.0 0.0 4.0 2.0 54.0 18.0 0.0 40.0 1.0 13.0 11.0
2083.0 969.0 494.0 509.0 55.0 5.0 331.0 101.0 64.0 264.0 40.0 0.0 76.0 185.0 17.0 0.0 5.0 16.0 15.0 64.0 0.0 6.0 1.0 29.0 23.0 1.0 17.0 0.0 4.0 4.0
2063.0 990.0 464.0 522.0 65.0 9.0 418.0 120.0 56.0 206.0 53.5 0.0 114.0 224.0 34.0 0.0 12.0 35.0 41.0 80.0 0.0 14.0 2.0 55.0 41.0 2.0 26.0 3.0 7.0 4.0
2107.0 1000.0 457.0 490.0 48.0 1.0 371.0 108.0 52.0 242.0 35.5 0.0 87.0 210.0 13.0 0.0 1.0 23.0 33.0 87.0 0.0 0.0 1.0 39.0 15.0 0.0 27.0 0.0 2.0 4.0
1997.0 866.0 415.0 429.0 33.0 0.0 287.0 102.0 47.0 192.0 31.0 0.0 60.0 152.0 3.0 4.0 0.0 21.0 4.0 63.0 0.0 0.0 1.0 38.0 15.0 0.0 16.0 0.0 6.0 2.0
2058.0 952.0 428.0 478.0 49.0 1.0 326.0 107.0 52.0 234.0 34.0 0.0 79.0 169.0 8.0 1.0 3.0 28.0 20.0 68.0 0.0 0.0 2.0 33.0 31.0 0.0 21.0 0.0 10.0 4.0
2094.0 954.0 505.0 490.0 45.0 2.0 310.0 128.0 88.0 258.0 34.5 1.0 59.0 170.0 10.0 2.0 1.0 15.0 14.0 78.0 0.0 10.0 0.0 21.0 19.0 0.0 32.0 0.0 20.0 14.0
2128.0 988.0 511.0 474.0 32.0 5.0 358.0 129.0 94.0 208.0 22.0 0.0 70.0 168.0 4.0 0.0 2.0 7.0 30.0 75.0 0.0 6.0 0.0 36.0 18.0 1.0 36.0 3.0 28.0 20.0
2077.0 982.0 463.0 499.0 69.0 5.0 350.0 99.0 66.0 224.0 46.5 1.0 87.0 180.0 27.0 1.0 8.0 20.0 26.0 68.0 0.0 10.0 0.0 43.0 8.0 0.0 24.0 0.0 10.0 5.0
1951.0 840.0 370.0 403.0 45.0 2.0 265.0 75.0 31.0 177.0 42.0 2.0 48.0 128.0 10.0 1.0 2.0 14.0 16.0 58.0 0.0 4.0 0.0 24.0 9.0 0.0 5.0 0.0 5.0 1.0
2100.0 1062.0 472.0 596.0 60.0 5.0 386.0 144.0 69.0 356.0 62.5 0.0 90.0 224.0 19.0 0.0 8.0 26.0 19.0 147.0 0.0 8.0 7.0 43.0 37.0 0.0 46.0 0.0 11.0 9.0
2038.0 893.0 435.0 441.0 44.0 5.0 283.0 103.0 54.0 212.0 32.5 0.0 54.0 161.0 7.0 0.0 2.0 12.0 26.0 56.0 0.0 2.0 1.0 27.0 19.0 2.0 21.0 3.0 7.0 3.0
2142.0 1023.0 499.0 537.0 67.0 4.0 379.0 106.0 76.0 263.0 45.5 3.0 89.0 229.0 18.0 2.0 7.0 29.0 19.0 74.0 0.0 8.0 0.0 44.0 19.0 1.0 28.0 0.0 10.0 6.0
2109.0 978.0 521.0 506.0 34.0 3.0 374.0 163.0 90.0 275.0 28.0 1.0 89.0 219.0 5.0 0.0 2.0 7.0 24.0 107.0 0.0 4.0 2.0 50.0 40.0 1.0 48.0 1.0 24.0 11.0
2031.0 918.0 392.0 430.0 53.0 1.0 304.0 75.0 37.0 210.0 30.0 0.0 87.0 143.0 12.0 2.0 1.0 22.0 23.0 47.0 0.0 0.0 1.0 16.0 11.0 0.0 13.0 1.0 2.0 2.0
2036.0 935.0 417.0 452.0 48.0 5.0 323.0 91.0 50.0 214.0 38.5 0.0 84.0 172.0 16.0 1.0 5.0 16.0 18.0 58.0 0.0 6.0 0.0 23.0 13.0 1.0 19.0 1.0 8.0 4.0
2083.0 1008.0 442.0 560.0 54.0 4.0 365.0 113.0 47.0 255.0 42.5 0.0 106.0 223.0 11.0 0.0 6.0 21.0 25.0 114.0 0.0 2.0 1.0 25.0 34.0 1.0 22.0 1.0 8.0 1.0
2091.0 917.0 467.0 446.0 41.0 5.0 296.0 101.0 52.0 213.0 29.0 0.0 63.0 146.0 10.0 0.0 4.0 14.0 17.0 59.0 0.0 6.0 2.0 25.0 14.0 1.0 16.0 0.0 5.0 4.0
2082.0 922.0 474.0 447.0 40.0 3.0 341.0 116.0 55.0 201.0 26.5 0.0 59.0 182.0 12.0 0.0 1.0 20.0 17.0 97.0 0.0 2.0 3.0 30.0 20.0 0.0 23.0 0.0 9.0 3.0
1965.0 890.0 363.0 435.0 53.0 4.0 239.0 83.0 31.0 219.0 38.5 2.0 58.0 122.0 10.0 0.0 6.0 14.0 6.0 60.0 0.0 4.0 6.0 9.0 10.0 0.0 17.0 0.0 3.0 0.0
2096.0 941.0 477.0 463.0 53.0 1.0 350.0 106.0 59.0 225.0 33.0 0.0 73.0 163.0 18.0 1.0 3.0 22.0 27.0 72.0 0.0 0.0 4.0 29.0 14.0 0.0 20.0 1.0 7.0 3.0
2050.0 953.0 458.0 519.0 60.0 5.0 339.0 131.0 57.0 289.0 71.5 0.0 76.0 239.0 29.0 0.0 8.0 21.0 22.0 112.0 0.0 8.0 4.0 36.0 23.0 1.0 29.0 1.0 14.0 4.0
2044.0 958.0 472.0 490.0 50.0 7.0 357.0 141.0 74.0 223.0 36.0 0.0 110.0 200.0 11.0 1.0 6.0 27.0 15.0 102.0 0.0 14.0 2.0 50.0 25.0 2.0 42.0 2.0 18.0 10.0
2074.0 934.0 453.0 462.0 52.0 3.0 323.0 93.0 53.0 221.0 42.5 0.0 69.0 170.0 10.0 0.0 4.0 17.0 23.0 56.0 0.0 2.0 2.0 22.0 14.0 0.0 23.0 0.0 6.0 2.0
2072.0 932.0 482.0 441.0 34.0 4.0 350.0 107.0 88.0 199.0 24.5 0.0 79.0 163.0 8.0 2.0 0.0 9.0 27.0 66.0 0.0 16.0 1.0 36.0 12.0 3.0 27.0 0.0 29.0 20.0
2080.0 1033.0 444.0 580.0 75.0 3.0 420.0 116.0 57.0 344.0 66.5 0.0 138.0 252.0 32.0 0.0 6.0 49.0 45.0 106.0 0.0 12.0 4.0 40.0 37.0 0.0 29.0 2.0 11.0 8.0
1995.0 891.0 397.0 465.0 55.0 2.0 272.0 83.0 50.0 215.0 39.0 2.0 52.0 179.0 16.0 1.0 2.0 10.0 12.0 58.0 0.0 0.0 0.0 26.0 17.0 0.0 14.0 1.0 10.0 6.0
2022.0 936.0 450.0 451.0 61.0 3.0 348.0 124.0 84.0 229.0 36.0 1.0 88.0 174.0 17.0 0.0 3.0 30.0 28.0 98.0 0.0 4.0 1.0 60.0 31.0 0.0 39.0 2.0 26.0 13.0
2104.0 963.0 466.0 478.0 37.0 2.0 330.0 109.0 65.0 255.0 28.0 0.0 72.0 173.0 9.0 0.0 2.0 17.0 19.0 78.0 0.0 2.0 2.0 41.0 10.0 0.0 27.0 2.0 4.0 7.0
2119.0 971.0 479.0 487.0 38.0 2.0 342.0 110.0 70.0 222.0 25.0 0.0 57.0 181.0 10.0 0.0 1.0 11.0 21.0 76.0 0.0 4.0 0.0 39.0 25.0 0.0 20.0 1.0 9.0 6.0
2053.0 913.0 472.0 436.0 48.0 1.0 353.0 125.0 57.0 174.0 35.0 0.0 75.0 184.0 11.0 1.0 0.0 29.0 31.0 64.0 0.0 4.0 2.0 38.0 29.0 0.0 23.0 1.0 10.0 3.0
2105.0 934.0 490.0 479.0 48.0 4.0 319.0 115.0 66.0 253.0 40.5 0.0 63.0 178.0 10.0 2.0 5.0 21.0 17.0 73.0 0.0 2.0 3.0 29.0 20.0 0.0 26.0 3.0 6.0 3.0
1994.0 866.0 417.0 387.0 35.0 4.0 275.0 88.0 54.0 162.0 22.0 0.0 67.0 114.0 7.0 0.0 2.0 16.0 13.0 49.0 0.0 8.0 1.0 31.0 13.0 0.0 14.0 2.0 7.0 5.0
2000.0 914.0 375.0 475.0 40.0 2.0 295.0 78.0 29.0 244.0 37.5 0.0 71.0 158.0 9.0 1.0 6.0 12.0 18.0 57.0 0.0 4.0 0.0 22.0 18.0 0.0 9.0 0.0 6.0 0.0
2030.0 910.0 425.0 484.0 45.0 0.0 327.0 103.0 50.0 252.0 40.5 0.0 79.0 200.0 13.0 2.0 0.0 23.0 27.0 84.0 0.0 0.0 1.0 38.0 29.0 0.0 24.0 0.0 6.0 7.0
1999.0 933.0 420.0 474.0 50.0 3.0 301.0 111.0 58.0 249.0 46.5 0.0 58.0 153.0 18.0 2.0 2.0 10.0 20.0 67.0 0.0 4.0 2.0 25.0 19.0 0.0 27.0 1.0 9.0 9.0
2077.0 940.0 510.0 504.0 46.0 3.0 371.0 131.0 91.0 279.0 39.5 1.0 106.0 228.0 10.0 1.0 3.0 25.0 18.0 104.0 0.0 4.0 0.0 42.0 37.0 0.0 26.0 2.0 15.0 12.0
2129.0 1014.0 488.0 537.0 63.0 3.0 362.0 142.0 71.0 263.0 53.5 0.0 74.0 218.0 22.0 4.0 0.0 24.0 20.0 126.0 0.0 0.0 4.0 42.0 33.0 1.0 38.0 1.0 13.0 7.0
2109.0 1035.0 506.0 541.0 60.0 7.0 474.0 155.0 70.0 260.0 46.5 0.0 156.0 242.0 17.0 1.0 5.0 29.0 50.0 139.0 0.0 6.0 5.0 71.0 63.0 4.0 42.0 0.0 21.0 3.0
1999.0 942.0 408.0 443.0 55.0 5.0 303.0 105.0 48.0 184.0 28.0 1.0 72.0 153.0 16.0 0.0 9.0 15.0 26.0 71.0 0.0 2.0 0.0 31.0 28.0 0.0 32.0 0.0 10.0 4.0
2043.0 991.0 434.0 494.0 65.0 4.0 335.0 130.0 54.0 231.0 44.5 0.0 85.0 167.0 14.0 1.0 3.0 22.0 21.0 81.0 0.0 6.0 2.0 26.0 24.0 1.0 33.0 2.0 14.0 3.0
2029.0 962.0 445.0 465.0 60.0 2.0 354.0 120.0 56.0 173.0 39.0 0.0 90.0 156.0 25.0 0.0 1.0 19.0 26.0 69.0 0.0 6.0 1.0 41.0 28.0 0.0 32.0 0.0 12.0 3.0
2025.0 946.0 383.0 495.0 58.0 4.0 296.0 87.0 34.0 228.0 52.0 1.0 90.0 153.0 13.0 3.0 3.0 25.0 16.0 62.0 0.0 16.0 0.0 20.0 20.0 0.0 14.0 1.0 5.0 1.0
2102.0 977.0 486.0 435.0 42.0 1.0 335.0 129.0 72.0 184.0 26.5 0.0 67.0 134.0 10.0 1.0 2.0 19.0 13.0 73.0 0.0 2.0 0.0 42.0 19.0 0.0 37.0 0.0 16.0 4.0
2142.0 1066.0 543.0 558.0 63.0 6.0 400.0 128.0 99.0 274.0 42.0 2.0 82.0 225.0 20.0 1.0 4.0 28.0 20.0 91.0 0.0 6.0 2.0 46.0 21.0 1.0 31.0 2.0 8.0 15.0
2053.0 974.0 521.0 512.0 56.0 5.0 423.0 184.0 123.0 287.0 46.0 0.0 84.0 342.0 30.0 0.0 7.0 54.0 75.0 192.0 0.0 10.0 5.0 117.0 51.0 0.0 61.0 4.0 53.0 41.0
2111.0 1039.0 511.0 498.0 55.0 6.0 402.0 166.0 74.0 260.0 40.5 0.0 94.0 164.0 16.0 0.0 5.0 25.0 28.0 111.0 0.0 2.0 4.0 42.0 29.0 2.0 42.0 6.0 19.0 6.0
2055.0 971.0 464.0 462.0 43.0 5.0 350.0 119.0 61.0 213.0 26.5 2.0 78.0 128.0 7.0 0.0 8.0 22.0 22.0 79.0 0.0 6.0 0.0 45.0 27.0 0.0 23.0 2.0 8.0 5.0
2046.0 938.0 416.0 471.0 49.0 4.0 325.0 92.0 45.0 252.0 42.0 0.0 73.0 201.0 9.0 1.0 7.0 28.0 18.0 74.0 0.0 10.0 0.0 47.0 17.0 0.0 14.0 0.0 6.0 2.0
2075.0 1075.0 479.0 601.0 79.0 1.0 497.0 166.0 82.0 270.0 66.5 2.0 170.0 274.0 37.0 2.0 1.0 74.0 96.0 170.0 0.0 2.0 5.0 123.0 43.0 0.0 81.0 0.0 30.0 16.0
2073.0 1027.0 469.0 624.0 70.0 3.0 426.0 146.0 56.0 370.0 63.0 1.0 136.0 284.0 25.0 0.0 3.0 48.0 47.0 165.0 0.0 0.0 5.0 57.0 32.0 0.0 34.0 2.0 8.0 3.0
2079.0 1008.0 451.0 528.0 52.0 1.0 388.0 109.0 54.0 252.0 47.0 0.0 89.0 209.0 14.0 8.0 2.0 21.0 26.0 102.0 0.0 0.0 0.0 44.0 19.0 0.0 25.0 0.0 7.0 4.0
2131.0 971.0 507.0 460.0 40.0 4.0 353.0 124.0 92.0 213.0 23.0 0.0 76.0 164.0 2.0 2.0 2.0 25.0 18.0 67.0 0.0 6.0 2.0 41.0 28.0 0.0 33.0 1.0 24.0 13.0
2124.0 980.0 501.0 507.0 45.0 2.0 405.0 115.0 94.0 261.0 31.5 1.0 104.0 224.0 18.0 1.0 0.0 22.0 21.0 81.0 0.0 0.0 0.0 79.0 27.0 1.0 39.0 0.0 16.0 16.0
2084.0 980.0 478.0 519.0 62.0 5.0 419.0 150.0 67.0 266.0 50.0 0.0 129.0 226.0 25.0 2.0 4.0 48.0 26.0 131.0 0.0 18.0 4.0 58.0 58.0 1.0 39.0 4.0 12.0 9.0
2103.0 992.0 479.0 438.0 62.0 4.0 395.0 108.0 72.0 208.0 35.0 0.0 92.0 139.0 28.0 1.0 5.0 27.0 33.0 61.0 0.0 14.0 0.0 53.0 15.0 0.0 38.0 1.0 4.0 10.0
2022.0 967.0 442.0 482.0 57.0 3.0 322.0 135.0 80.0 240.0 36.0 0.0 68.0 144.0 25.0 0.0 1.0 22.0 25.0 88.0 0.0 2.0 2.0 31.0 16.0 0.0 42.0 0.0 22.0 14.0
2103.0 1043.0 479.0 564.0 75.0 2.0 407.0 136.0 68.0 273.0 60.5 0.0 92.0 211.0 31.0 1.0 1.0 38.0 26.0 118.0 0.0 6.0 3.0 55.0 39.0 0.0 39.0 2.0 13.0 6.0
2058.0 957.0 460.0 450.0 42.0 10.0 355.0 105.0 60.0 195.0 29.0 0.0 81.0 164.0 12.0 1.0 8.0 21.0 35.0 72.0 0.0 12.0 0.0 35.0 20.0 2.0 21.0 2.0 6.0 7.0
2111.0 1027.0 508.0 549.0 63.0 4.0 434.0 155.0 71.0 238.0 45.0 1.0 116.0 250.0 21.0 0.0 5.0 52.0 34.0 109.0 0.0 4.0 4.0 52.0 51.0 0.0 46.0 3.0 15.0 5.0
2071.0 957.0 478.0 464.0 68.0 6.0 362.0 135.0 72.0 210.0 43.5 6.0 73.0 228.0 27.0 0.0 8.0 31.0 32.0 82.0 0.0 18.0 7.0 43.0 27.0 0.0 46.0 2.0 14.0 10.0
2078.0 1082.0 503.0 664.0 74.0 3.0 450.0 178.0 73.0 439.0 69.5 3.0 137.0 330.0 24.0 0.0 8.0 49.0 34.0 195.0 0.0 6.0 6.0 53.0 40.0 0.0 59.0 2.0 20.0 4.0
2004.0 869.0 396.0 406.0 38.0 5.0 290.0 93.0 37.0 157.0 22.0 0.0 61.0 149.0 6.0 1.0 7.0 18.0 15.0 67.0 0.0 12.0 3.0 25.0 18.0 1.0 14.0 0.0 6.0 2.0
2167.0 1062.0 571.0 583.0 56.0 5.0 464.0 191.0 96.0 243.0 45.0 0.0 97.0 280.0 12.0 1.0 7.0 39.0 33.0 147.0 0.0 12.0 6.0 75.0 55.0 0.0 67.0 1.0 30.0 10.0
2079.0 1006.0 455.0 506.0 64.0 5.0 345.0 131.0 42.0 272.0 50.5 1.0 85.0 172.0 14.0 0.0 3.0 32.0 16.0 80.0 0.0 4.0 2.0 25.0 20.0 1.0 24.0 2.0 7.0 1.0
2051.0 893.0 413.0 477.0 39.0 1.0 258.0 71.0 41.0 226.0 39.0 0.0 47.0 192.0 8.0 0.0 2.0 10.0 5.0 52.0 0.0 0.0 1.0 21.0 6.0 0.0 7.0 1.0 4.0 1.0
2100.0 1035.0 483.0 570.0 58.0 3.0 407.0 139.0 68.0 318.0 45.0 0.0 113.0 223.0 17.0 0.0 6.0 47.0 28.0 102.0 0.0 8.0 1.0 56.0 41.0 0.0 26.0 1.0 15.0 4.0
2047.0 947.0 408.0 517.0 47.0 3.0 279.0 89.0 44.0 267.0 45.0 0.0 79.0 169.0 7.0 0.0 2.0 15.0 10.0 71.0 0.0 6.0 0.0 20.0 22.0 0.0 13.0 0.0 2.0 3.0
2057.0 988.0 464.0 534.0 57.0 2.0 353.0 123.0 70.0 265.0 43.5 0.0 100.0 183.0 16.0 2.0 2.0 19.0 16.0 120.0 0.0 0.0 3.0 30.0 25.0 0.0 26.0 0.0 11.0 7.0
2022.0 957.0 420.0 487.0 54.0 1.0 326.0 109.0 38.0 227.0 33.0 2.0 72.0 182.0 12.0 0.0 2.0 16.0 22.0 84.0 0.0 0.0 2.0 34.0 24.0 0.0 8.0 1.0 9.0 2.0
2075.0 955.0 479.0 513.0 44.0 4.0 340.0 122.0 71.0 237.0 30.5 0.0 90.0 223.0 13.0 5.0 5.0 13.0 11.0 92.0 0.0 4.0 0.0 47.0 29.0 0.0 23.0 0.0 13.0 6.0
2021.0 915.0 428.0 477.0 56.0 3.0 329.0 85.0 61.0 293.0 48.0 1.0 82.0 178.0 22.0 0.0 2.0 21.0 21.0 81.0 0.0 6.0 1.0 41.0 18.0 0.0 22.0 0.0 6.0 10.0
2049.0 930.0 423.0 420.0 34.0 2.0 331.0 83.0 40.0 169.0 19.5 0.0 71.0 162.0 3.0 0.0 3.0 19.0 31.0 43.0 0.0 2.0 2.0 29.0 15.0 0.0 15.0 1.0 5.0 2.0
2068.0 985.0 435.0 488.0 47.0 5.0 336.0 122.0 42.0 237.0 33.5 0.0 72.0 189.0 12.0 2.0 5.0 20.0 29.0 93.0 0.0 16.0 8.0 27.0 27.0 1.0 33.0 0.0 6.0 2.0
2057.0 940.0 453.0 458.0 41.0 3.0 341.0 116.0 70.0 227.0 28.0 0.0 70.0 177.0 15.0 1.0 4.0 21.0 15.0 81.0 0.0 6.0 0.0 51.0 16.0 0.0 30.0 0.0 13.0 10.0
2109.0 991.0 491.0 493.0 55.0 2.0 357.0 131.0 70.0 226.0 43.5 0.0 88.0 181.0 15.0 0.0 1.0 25.0 18.0 88.0 0.0 4.0 2.0 36.0 25.0 0.0 34.0 0.0 11.0 6.0
2149.0 1121.0 533.0 636.0 67.0 7.0 541.0 194.0 79.0 369.0 45.0 0.0 174.0 334.0 18.0 1.0 5.0 53.0 54.0 175.0 0.0 12.0 4.0 92.0 66.0 1.0 71.0 1.0 14.0 8.0
2163.0 1081.0 525.0 582.0 53.0 6.0 444.0 181.0 73.0 302.0 41.5 0.0 112.0 257.0 11.0 0.0 9.0 37.0 35.0 117.0 0.0 6.0 2.0 52.0 59.0 1.0 47.0 4.0 20.0 5.0
2058.0 1003.0 442.0 530.0 73.0 3.0 389.0 129.0 56.0 222.0 60.5 0.0 92.0 185.0 26.0 3.0 5.0 34.0 41.0 110.0 0.0 10.0 2.0 41.0 43.0 1.0 40.0 0.0 11.0 2.0
2078.0 966.0 458.0 535.0 52.0 2.0 350.0 96.0 66.0 270.0 40.5 2.0 84.0 219.0 13.0 1.0 4.0 23.0 10.0 80.0 0.0 2.0 3.0 40.0 13.0 0.0 28.0 0.0 8.0 5.0
2091.0 1052.0 467.0 638.0 60.0 2.0 428.0 139.0 70.0 389.0 64.5 0.0 119.0 311.0 26.0 0.0 1.0 23.0 39.0 167.0 0.0 6.0 7.0 64.0 41.0 0.0 68.0 1.0 20.0 8.0
2093.0 990.0 427.0 544.0 55.0 5.0 316.0 103.0 50.0 255.0 40.5 0.0 60.0 221.0 10.0 1.0 6.0 16.0 20.0 88.0 0.0 12.0 1.0 26.0 18.0 1.0 22.0 1.0 4.0 7.0
2106.0 936.0 465.0 421.0 50.0 3.0 337.0 95.0 50.0 189.0 25.5 0.0 61.0 160.0 19.0 0.0 4.0 10.0 26.0 67.0 0.0 0.0 0.0 32.0 25.0 0.0 19.0 1.0 6.0 2.0
2136.0 1033.0 501.0 516.0 53.0 3.0 358.0 139.0 65.0 258.0 40.5 3.0 83.0 192.0 9.0 0.0 1.0 12.0 20.0 90.0 0.0 8.0 6.0 37.0 27.0 0.0 32.0 0.0 11.0 5.0
2149.0 1008.0 509.0 499.0 52.0 2.0 363.0 118.0 67.0 243.0 32.0 0.0 79.0 188.0 19.0 0.0 1.0 17.0 20.0 69.0 0.0 6.0 0.0 39.0 21.0 0.0 26.0 1.0 11.0 3.0
2065.0 924.0 455.0 472.0 50.0 4.0 355.0 114.0 60.0 233.0 44.0 0.0 90.0 205.0 25.0 0.0 10.0 30.0 31.0 130.0 0.0 4.0 2.0 48.0 28.0 1.0 28.0 2.0 10.0 4.0
2036.0 952.0 474.0 444.0 54.0 5.0 346.0 128.0 62.0 186.0 30.5 1.0 80.0 148.0 10.0 1.0 5.0 27.0 23.0 86.0 0.0 6.0 1.0 35.0 21.0 0.0 35.0 1.0 12.0 3.0
2046.0 948.0 465.0 495.0 40.0 4.0 308.0 110.0 64.0 231.0 27.0 0.0 54.0 175.0 6.0 0.0 5.0 15.0 12.0 90.0 0.0 4.0 2.0 33.0 12.0 0.0 21.0 3.0 7.0 5.0
2099.0 958.0 485.0 485.0 56.0 0.0 372.0 118.0 72.0 239.0 46.0 0.0 85.0 214.0 13.0 0.0 0.0 22.0 31.0 96.0 0.0 0.0 2.0 47.0 16.0 0.0 38.0 0.0 12.0 5.0
2068.0 983.0 459.0 550.0 45.0 5.0 334.0 127.0 53.0 289.0 39.5 0.0 72.0 202.0 7.0 1.0 8.0 16.0 20.0 93.0 0.0 8.0 1.0 27.0 26.0 2.0 21.0 2.0 8.0 1.0
2015.0 889.0 438.0 414.0 55.0 2.0 299.0 93.0 61.0 179.0 34.5 2.0 67.0 125.0 28.0 0.0 1.0 20.0 21.0 71.0 0.0 2.0 0.0 24.0 13.0 0.0 25.0 0.0 6.0 5.0
2073.0 1021.0 492.0 556.0 55.0 1.0 438.0 169.0 79.0 285.0 36.5 0.0 91.0 215.0 19.0 0.0 2.0 42.0 40.0 141.0 0.0 0.0 2.0 57.0 58.0 0.0 59.0 0.0 28.0 7.0
2045.0 967.0 455.0 487.0 64.0 4.0 382.0 114.0 65.0 242.0 41.0 2.0 77.0 200.0 33.0 0.0 9.0 31.0 32.0 104.0 0.0 4.0 0.0 57.0 29.0 0.0 18.0 2.0 9.0 6.0
2219.0 1169.0 560.0 679.0 75.0 4.0 487.0 198.0 91.0 365.0 65.0 0.0 125.0 289.0 23.0 1.0 10.0 53.0 23.0 154.0 0.0 6.0 4.0 67.0 66.0 0.0 60.0 1.0 31.0 8.0
2077.0 995.0 484.0 494.0 60.0 9.0 377.0 142.0 53.0 199.0 43.5 0.0 100.0 176.0 26.0 0.0 11.0 25.0 23.0 81.0 0.0 16.0 2.0 30.0 39.0 2.0 27.0 4.0 9.0 2.0
2123.0 997.0 489.0 539.0 62.0 5.0 368.0 122.0 54.0 275.0 50.5 0.0 86.0 245.0 21.0 1.0 6.0 29.0 15.0 73.0 0.0 10.0 2.0 30.0 33.0 2.0 24.0 1.0 8.0 1.0
2026.0 920.0 423.0 476.0 53.0 5.0 325.0 113.0 42.0 229.0 39.0 0.0 65.0 189.0 14.0 1.0 7.0 22.0 14.0 68.0 0.0 6.0 2.0 29.0 36.0 1.0 24.0 0.0 3.0 1.0
2073.0 981.0 460.0 520.0 36.0 2.0 345.0 128.0 57.0 289.0 25.5 0.0 71.0 191.0 6.0 2.0 2.0 15.0 21.0 98.0 0.0 2.0 2.0 35.0 26.0 0.0 25.0 3.0 13.0 2.0
2075.0 978.0 502.0 536.0 58.0 4.0 381.0 150.0 79.0 320.0 54.5 0.0 119.0 223.0 19.0 0.0 6.0 36.0 31.0 120.0 0.0 14.0 3.0 58.0 38.0 0.0 41.0 0.0 16.0 8.0
2088.0 957.0 480.0 475.0 49.0 3.0 343.0 98.0 70.0 232.0 42.0 1.0 66.0 170.0 11.0 2.0 4.0 19.0 22.0 57.0 0.0 6.0 1.0 39.0 14.0 0.0 20.0 0.0 9.0 7.0
2112.0 1018.0 476.0 558.0 56.0 2.0 371.0 104.0 65.0 332.0 42.5 0.0 82.0 217.0 17.0 0.0 0.0 33.0 27.0 63.0 0.0 0.0 1.0 35.0 25.0 0.0 15.0 1.0 6.0 9.0
2087.0 972.0 515.0 457.0 46.0 3.0 380.0 125.0 86.0 226.0 29.0 0.0 83.0 173.0 12.0 0.0 4.0 14.0 33.0 67.0 0.0 6.0 1.0 53.0 25.0 0.0 32.0 0.0 13.0 10.0
2052.0 994.0 411.0 550.0 57.0 3.0 350.0 107.0 36.0 290.0 48.0 1.0 85.0 194.0 16.0 1.0 7.0 21.0 19.0 98.0 0.0 4.0 1.0 34.0 20.0 0.0 25.0 0.0 5.0 0.0
2152.0 1016.0 523.0 531.0 58.0 3.0 374.0 143.0 92.0 240.0 43.5 0.0 84.0 190.0 12.0 2.0 1.0 33.0 26.0 107.0 0.0 10.0 2.0 45.0 30.0 0.0 44.0 1.0 17.0 15.0
2075.0 917.0 461.0 472.0 47.0 3.0 323.0 98.0 60.0 209.0 34.0 0.0 51.0 185.0 21.0 0.0 7.0 12.0 12.0 100.0 0.0 0.0 4.0 40.0 23.0 1.0 12.0 3.0 5.0 5.0
2110.0 1019.0 518.0 521.0 57.0 7.0 404.0 98.0 117.0 261.0 41.5 0.0 99.0 242.0 14.0 0.0 7.0 23.0 40.0 58.0 0.0 12.0 0.0 82.0 15.0 3.0 14.0 0.0 18.0 34.0
2083.0 943.0 480.0 451.0 50.0 5.0 333.0 133.0 68.0 196.0 38.0 0.0 69.0 167.0 14.0 0.0 3.0 10.0 23.0 86.0 0.0 8.0 3.0 32.0 17.0 0.0 40.0 4.0 15.0 5.0
2131.0 1007.0 519.0 476.0 54.0 5.0 384.0 134.0 86.0 195.0 39.0 0.0 80.0 136.0 14.0 0.0 5.0 27.0 26.0 84.0 0.0 12.0 2.0 54.0 25.0 0.0 29.0 1.0 15.0 14.0
2075.0 934.0 461.0 466.0 63.0 3.0 324.0 89.0 58.0 193.0 41.5 1.0 83.0 159.0 27.0 0.0 6.0 18.0 20.0 71.0 0.0 4.0 0.0 23.0 17.0 0.0 17.0 0.0 7.0 3.0
2102.0 969.0 516.0 555.0 46.0 1.0 369.0 130.0 95.0 355.0 52.0 0.0 107.0 208.0 12.0 1.0 3.0 31.0 23.0 129.0 0.0 0.0 2.0 64.0 30.0 0.0 43.0 1.0 13.0 17.0
2009.0 941.0 435.0 460.0 71.0 5.0 345.0 110.0 47.0 188.0 48.0 1.0 72.0 170.0 28.0 2.0 6.0 32.0 18.0 77.0 0.0 8.0 5.0 39.0 18.0 0.0 20.0 1.0 6.0 2.0
2008.0 864.0 417.0 411.0 49.0 3.0 265.0 100.0 53.0 185.0 31.0 1.0 46.0 120.0 12.0 0.0 5.0 20.0 12.0 56.0 0.0 6.0 2.0 22.0 14.0 0.0 20.0 0.0 11.0 3.0
2046.0 956.0 448.0 489.0 50.0 4.0 355.0 111.0 56.0 237.0 39.0 1.0 84.0 207.0 10.0 3.0 3.0 35.0 22.0 69.0 0.0 4.0 0.0 40.0 24.0 0.0 29.0 1.0 6.0 3.0
2034.0 905.0 471.0 412.0 38.0 1.0 328.0 115.0 68.0 167.0 28.0 0.0 49.0 152.0 9.0 0.0 0.0 10.0 12.0 75.0 0.0 0.0 2.0 42.0 24.0 0.0 22.0 0.0 12.0 6.0
2036.0 969.0 412.0 471.0 55.0 4.0 312.0 110.0 39.0 219.0 37.5 0.0 64.0 178.0 11.0 0.0 4.0 23.0 11.0 74.0 0.0 4.0 1.0 26.0 23.0 1.0 18.0 2.0 10.0 1.0
2054.0 1010.0 439.0 550.0 53.0 5.0 355.0 117.0 59.0 309.0 40.5 0.0 92.0 182.0 7.0 3.0 4.0 28.0 19.0 77.0 0.0 18.0 4.0 32.0 22.0 1.0 27.0 0.0 15.0 6.0
2120.0 1062.0 479.0 602.0 56.0 11.0 423.0 124.0 60.0 322.0 53.5 0.0 100.0 266.0 21.0 2.0 7.0 27.0 32.0 89.0 0.0 24.0 0.0 51.0 27.0 3.0 36.0 2.0 7.0 3.0
2146.0 1042.0 529.0 582.0 59.0 4.0 416.0 165.0 81.0 309.0 61.5 0.0 82.0 276.0 17.0 1.0 8.0 34.0 28.0 126.0 0.0 4.0 6.0 44.0 43.0 2.0 40.0 2.0 22.0 6.0
2031.0 970.0 402.0 477.0 52.0 4.0 318.0 94.0 35.0 208.0 39.5 1.0 82.0 147.0 11.0 1.0 3.0 21.0 20.0 66.0 0.0 2.0 3.0 21.0 17.0 1.0 12.0 1.0 4.0 0.0
2102.0 974.0 480.0 549.0 52.0 4.0 362.0 117.0 64.0 281.0 41.5 0.0 79.0 255.0 20.0 0.0 2.0 23.0 16.0 103.0 0.0 2.0 1.0 46.0 34.0 0.0 23.0 2.0 9.0 4.0
2109.0 1098.0 519.0 616.0 69.0 4.0 450.0 212.0 76.0 347.0 51.5 0.0 139.0 290.0 17.0 1.0 2.0 35.0 44.0 179.0 0.0 10.0 3.0 66.0 74.0 0.0 70.0 3.0 30.0 5.0
2054.0 870.0 456.0 447.0 53.0 1.0 268.0 82.0 69.0 189.0 40.0 0.0 54.0 175.0 14.0 0.0 2.0 15.0 6.0 63.0 0.0 0.0 3.0 38.0 5.0 0.0 16.0 0.0 2.0 13.0
2014.0 946.0 410.0 471.0 52.0 7.0 287.0 106.0 45.0 232.0 33.0 1.0 74.0 143.0 11.0 2.0 10.0 16.0 15.0 67.0 0.0 4.0 4.0 14.0 21.0 1.0 27.0 4.0 4.0 3.0
2108.0 1012.0 531.0 498.0 56.0 3.0 450.0 141.0 83.0 194.0 40.5 0.0 121.0 195.0 9.0 0.0 4.0 34.0 35.0 107.0 0.0 4.0 5.0 73.0 30.0 0.0 39.0 1.0 13.0 6.0
2052.0 893.0 465.0 458.0 36.0 0.0 310.0 111.0 72.0 264.0 29.0 0.0 74.0 212.0 5.0 1.0 0.0 17.0 17.0 65.0 0.0 0.0 1.0 36.0 20.0 0.0 33.0 0.0 16.0 7.0
2080.0 947.0 474.0 464.0 34.0 0.0 364.0 101.0 57.0 236.0 26.0 0.0 82.0 176.0 8.0 0.0 0.0 26.0 24.0 72.0 0.0 0.0 0.0 35.0 19.0 0.0 16.0 0.0 4.0 4.0
2072.0 979.0 454.0 489.0 50.0 3.0 338.0 106.0 61.0 237.0 29.5 0.0 81.0 139.0 9.0 0.0 4.0 26.0 23.0 87.0 0.0 2.0 1.0 37.0 14.0 0.0 21.0 1.0 5.0 4.0
2118.0 1078.0 481.0 563.0 60.0 2.0 416.0 129.0 56.0 277.0 45.0 0.0 92.0 216.0 19.0 0.0 2.0 21.0 34.0 101.0 0.0 6.0 3.0 41.0 29.0 0.0 23.0 0.0 7.0 3.0
2117.0 992.0 507.0 459.0 72.0 4.0 404.0 142.0 73.0 205.0 45.0 0.0 76.0 180.0 36.0 0.0 5.0 43.0 40.0 62.0 0.0 10.0 3.0 52.0 32.0 0.0 48.0 1.0 13.0 4.0
2119.0 951.0 497.0 457.0 51.0 4.0 320.0 117.0 83.0 180.0 34.5 0.0 55.0 156.0 22.0 1.0 7.0 15.0 6.0 72.0 0.0 2.0 1.0 48.0 21.0 0.0 24.0 0.0 11.0 13.0
2085.0 982.0 434.0 473.0 43.0 6.0 340.0 106.0 42.0 203.0 33.5 0.0 83.0 171.0 6.0 0.0 12.0 21.0 24.0 75.0 0.0 8.0 1.0 22.0 12.0 1.0 17.0 2.0 6.0 1.0
2016.0 881.0 409.0 386.0 47.0 1.0 296.0 100.0 45.0 156.0 30.0 0.0 61.0 128.0 19.0 0.0 3.0 18.0 12.0 47.0 0.0 0.0 0.0 28.0 25.0 0.0 17.0 0.0 12.0 3.0
2021.0 927.0 433.0 456.0 52.0 3.0 325.0 104.0 45.0 213.0 30.5 0.0 67.0 162.0 18.0 0.0 3.0 28.0 19.0 74.0 0.0 8.0 0.0 22.0 19.0 0.0 21.0 0.0 4.0 1.0
2107.0 952.0 505.0 518.0 53.0 4.0 350.0 107.0 78.0 287.0 40.0 0.0 89.0 234.0 15.0 1.0 5.0 14.0 22.0 89.0 0.0 4.0 2.0 56.0 13.0 0.0 21.0 0.0 7.0 6.0
2117.0 1019.0 549.0 492.0 58.0 3.0 389.0 178.0 96.0 210.0 40.0 0.0 69.0 171.0 10.0 0.0 2.0 26.0 19.0 122.0 0.0 2.0 4.0 59.0 27.0 0.0 58.0 0.0 25.0 9.0
2149.0 1052.0 487.0 507.0 84.0 2.0 381.0 141.0 57.0 216.0 56.5 3.0 81.0 170.0 41.0 2.0 3.0 33.0 31.0 89.0 0.0 2.0 3.0 38.0 30.0 0.0 29.0 0.0 13.0 2.0
2058.0 981.0 451.0 531.0 53.0 0.0 414.0 125.0 76.0 249.0 49.5 0.0 135.0 269.0 32.0 0.0 0.0 27.0 59.0 113.0 0.0 0.0 5.0 97.0 38.0 0.0 49.0 0.0 18.0 11.0
2112.0 967.0 490.0 448.0 49.0 4.0 308.0 110.0 93.0 186.0 28.0 0.0 54.0 160.0 12.0 0.0 3.0 22.0 9.0 68.0 0.0 6.0 1.0 41.0 14.0 0.0 33.0 0.0 14.0 11.0
2064.0 940.0 464.0 473.0 30.0 3.0 341.0 112.0 75.0 216.0 25.5 0.0 65.0 174.0 5.0 0.0 2.0 19.0 20.0 84.0 0.0 4.0 1.0 57.0 17.0 0.0 21.0 2.0 14.0 15.0
2078.0 1002.0 480.0 540.0 59.0 3.0 410.0 126.0 60.0 293.0 59.5 1.0 137.0 250.0 20.0 2.0 3.0 25.0 29.0 90.0 0.0 10.0 1.0 47.0 36.0 0.0 33.0 1.0 10.0 4.0
2077.0 1017.0 479.0 561.0 55.0 5.0 448.0 148.0 61.0 299.0 48.5 1.0 136.0 232.0 10.0 1.0 9.0 25.0 64.0 125.0 0.0 10.0 5.0 63.0 45.0 1.0 42.0 4.0 11.0 3.0
2111.0 937.0 496.0 481.0 43.0 4.0 346.0 123.0 67.0 248.0 28.5 1.0 73.0 217.0 9.0 0.0 5.0 24.0 26.0 113.0 0.0 6.0 1.0 28.0 38.0 0.0 39.0 1.0 12.0 5.0
2102.0 1038.0 467.0 529.0 73.0 2.0 366.0 117.0 56.0 284.0 54.5 2.0 98.0 194.0 21.0 1.0 0.0 19.0 24.0 88.0 0.0 6.0 1.0 41.0 15.0 0.0 18.0 0.0 8.0 3.0
2024.0 937.0 432.0 472.0 59.0 3.0 311.0 92.0 52.0 255.0 37.0 0.0 66.0 147.0 15.0 0.0 5.0 24.0 16.0 50.0 0.0 8.0 1.0 26.0 16.0 0.0 16.0 1.0 8.0 4.0
2116.0 1008.0 479.0 588.0 65.0 3.0 349.0 114.0 71.0 344.0 66.5 0.0 89.0 242.0 16.0 1.0 2.0 22.0 20.0 89.0 0.0 6.0 2.0 39.0 26.0 1.0 14.0 0.0 10.0 6.0
2055.0 950.0 453.0 468.0 50.0 3.0 293.0 114.0 79.0 240.0 44.5 0.0 58.0 165.0 12.0 1.0 4.0 8.0 8.0 65.0 0.0 2.0 2.0 31.0 21.0 0.0 24.0 1.0 15.0 12.0
2094.0 1044.0 504.0 571.0 80.0 1.0 409.0 160.0 80.0 300.0 63.0 1.0 98.0 254.0 39.0 0.0 1.0 41.0 25.0 131.0 0.0 0.0 12.0 47.0 29.0 0.0 48.0 0.0 18.0 12.0
2090.0 931.0 477.0 446.0 50.0 4.0 315.0 127.0 63.0 241.0 37.5 0.0 70.0 166.0 12.0 0.0 6.0 26.0 17.0 60.0 0.0 6.0 3.0 25.0 26.0 0.0 33.0 2.0 14.0 4.0
2080.0 959.0 410.0 491.0 50.0 2.0 311.0 91.0 37.0 265.0 48.0 0.0 73.0 182.0 17.0 0.0 1.0 23.0 20.0 61.0 0.0 2.0 1.0 16.0 19.0 0.0 11.0 2.0 7.0 1.0
2021.0 830.0 437.0 399.0 30.0 1.0 282.0 75.0 55.0 188.0 23.5 0.0 48.0 149.0 5.0 1.0 0.0 6.0 12.0 57.0 0.0 0.0 0.0 38.0 15.0 0.0 7.0 0.0 7.0 4.0
2054.0 913.0 495.0 415.0 50.0 3.0 314.0 121.0 81.0 166.0 29.5 0.0 72.0 130.0 15.0 1.0 1.0 23.0 14.0 72.0 0.0 6.0 1.0 28.0 20.0 0.0 34.0 0.0 7.0 12.0
2027.0 829.0 476.0 366.0 24.0 0.0 307.0 102.0 82.0 145.0 11.0 0.0 52.0 139.0 5.0 0.0 0.0 12.0 17.0 53.0 0.0 0.0 0.0 51.0 19.0 0.0 24.0 0.0 13.0 8.0
2144.0 969.0 531.0 461.0 57.0 4.0 402.0 131.0 87.0 169.0 37.0 0.0 77.0 194.0 16.0 0.0 1.0 19.0 41.0 100.0 0.0 6.0 2.0 75.0 39.0 1.0 32.0 2.0 15.0 11.0
1974.0 885.0 373.0 433.0 48.0 4.0 295.0 97.0 30.0 165.0 34.0 0.0 59.0 147.0 9.0 2.0 4.0 25.0 16.0 78.0 0.0 8.0 1.0 17.0 27.0 0.0 17.0 2.0 4.0 2.0
2058.0 973.0 456.0 562.0 67.0 2.0 338.0 130.0 60.0 290.0 66.5 0.0 94.0 212.0 28.0 5.0 3.0 17.0 13.0 123.0 0.0 2.0 11.0 39.0 22.0 1.0 27.0 2.0 15.0 4.0
2125.0 1032.0 469.0 560.0 57.0 7.0 367.0 124.0 46.0 292.0 52.0 0.0 73.0 234.0 14.0 2.0 7.0 34.0 21.0 102.0 0.0 12.0 3.0 31.0 25.0 1.0 18.0 1.0 8.0 0.0
1997.0 923.0 456.0 448.0 50.0 10.0 357.0 131.0 64.0 180.0 32.5 0.0 78.0 179.0 14.0 0.0 6.0 34.0 36.0 93.0 0.0 12.0 1.0 43.0 31.0 2.0 35.0 5.0 9.0 7.0
2068.0 974.0 438.0 483.0 57.0 2.0 317.0 100.0 51.0 230.0 40.0 0.0 74.0 144.0 20.0 2.0 5.0 16.0 14.0 66.0 0.0 2.0 1.0 34.0 19.0 0.0 12.0 0.0 10.0 1.0
2074.0 961.0 465.0 430.0 58.0 3.0 322.0 129.0 56.0 152.0 41.0 0.0 63.0 120.0 20.0 1.0 3.0 18.0 15.0 68.0 0.0 6.0 5.0 30.0 18.0 0.0 24.0 0.0 13.0 4.0
2040.0 939.0 442.0 470.0 39.0 2.0 342.0 107.0 51.0 198.0 30.0 0.0 74.0 172.0 9.0 0.0 2.0 16.0 16.0 85.0 0.0 2.0 0.0 39.0 24.0 0.0 27.0 1.0 6.0 2.0
2014.0 921.0 406.0 485.0 38.0 2.0 310.0 94.0 35.0 228.0 34.0 0.0 77.0 203.0 6.0 0.0 1.0 20.0 22.0 68.0 0.0 8.0 1.0 23.0 24.0 0.0 10.0 1.0 3.0 0.0
2105.0 1012.0 459.0 507.0 52.0 4.0 335.0 122.0 51.0 228.0 41.0 0.0 72.0 167.0 10.0 1.0 1.0 27.0 25.0 79.0 0.0 12.0 2.0 14.0 22.0 0.0 18.0 0.0 12.0 4.0
2039.0 926.0 437.0 468.0 43.0 5.0 321.0 101.0 63.0 225.0 28.5 0.0 82.0 195.0 11.0 1.0 4.0 19.0 16.0 60.0 0.0 10.0 1.0 62.0 28.0 0.0 14.0 0.0 8.0 7.0
2117.0 988.0 477.0 441.0 54.0 4.0 355.0 146.0 57.0 188.0 29.0 0.0 60.0 136.0 15.0 2.0 3.0 28.0 23.0 71.0 0.0 6.0 2.0 40.0 41.0 1.0 25.0 2.0 17.0 2.0
2036.0 912.0 409.0 464.0 60.0 1.0 303.0 99.0 45.0 200.0 54.0 0.0 81.0 145.0 23.0 0.0 1.0 34.0 25.0 71.0 0.0 2.0 1.0 29.0 31.0 0.0 17.0 0.0 6.0 3.0
2111.0 1078.0 490.0 622.0 72.0 2.0 434.0 157.0 83.0 308.0 77.5 4.0 106.0 273.0 34.0 3.0 1.0 42.0 35.0 159.0 0.0 2.0 5.0 58.0 46.0 0.0 51.0 2.0 21.0 24.0
1982.0 857.0 416.0 421.0 31.0 2.0 292.0 102.0 55.0 200.0 20.5 0.0 51.0 150.0 8.0 0.0 2.0 12.0 12.0 86.0 0.0 6.0 0.0 30.0 24.0 0.0 31.0 1.0 9.0 4.0
2103.0 924.0 457.0 492.0 56.0 1.0 308.0 100.0 47.0 228.0 48.5 1.0 50.0 212.0 18.0 0.0 0.0 19.0 20.0 83.0 0.0 4.0 2.0 27.0 20.0 0.0 13.0 1.0 5.0 2.0
2038.0 956.0 480.0 480.0 54.0 3.0 388.0 153.0 83.0 193.0 38.0 2.0 72.0 241.0 20.0 1.0 4.0 27.0 31.0 120.0 0.0 6.0 3.0 62.0 41.0 0.0 58.0 1.0 16.0 14.0
2086.0 986.0 465.0 499.0 56.0 4.0 383.0 113.0 60.0 228.0 36.5 1.0 78.0 177.0 7.0 2.0 3.0 15.0 31.0 92.0 0.0 2.0 1.0 49.0 17.0 1.0 43.0 0.0 7.0 5.0
2078.0 971.0 461.0 501.0 61.0 2.0 337.0 121.0 56.0 293.0 53.0 2.0 77.0 184.0 18.0 1.0 6.0 29.0 23.0 91.0 0.0 4.0 1.0 30.0 25.0 0.0 25.0 1.0 10.0 3.0
1985.0 884.0 401.0 419.0 49.0 8.0 277.0 99.0 41.0 221.0 27.0 2.0 56.0 152.0 13.0 0.0 6.0 14.0 19.0 65.0 0.0 8.0 0.0 30.0 12.0 1.0 13.0 3.0 11.0 2.0
2097.0 1015.0 498.0 478.0 54.0 5.0 361.0 129.0 88.0 216.0 34.0 0.0 75.0 159.0 16.0 1.0 6.0 22.0 25.0 70.0 0.0 6.0 2.0 39.0 28.0 1.0 40.0 1.0 6.0 13.0
2120.0 940.0 510.0 443.0 37.0 0.0 344.0 125.0 73.0 196.0 26.5 0.0 89.0 173.0 5.0 1.0 0.0 11.0 30.0 61.0 0.0 0.0 3.0 50.0 18.0 0.0 21.0 0.0 15.0 5.0
2012.0 885.0 443.0 409.0 44.0 6.0 293.0 113.0 62.0 171.0 29.5 0.0 74.0 148.0 10.0 1.0 7.0 15.0 16.0 55.0 0.0 4.0 1.0 26.0 23.0 2.0 18.0 2.0 15.0 5.0
2078.0 882.0 484.0 379.0 30.0 4.0 312.0 115.0 74.0 144.0 16.5 0.0 52.0 127.0 6.0 1.0 2.0 16.0 12.0 71.0 0.0 2.0 1.0 35.0 18.0 1.0 28.0 0.0 16.0 11.0
2148.0 1128.0 513.0 607.0 69.0 10.0 474.0 152.0 70.0 355.0 63.5 0.0 133.0 229.0 25.0 3.0 19.0 31.0 48.0 129.0 0.0 18.0 6.0 64.0 39.0 2.0 35.0 1.0 8.0 7.0
2165.0 1097.0 595.0 717.0 58.0 7.0 608.0 233.0 132.0 391.0 60.0 0.0 198.0 527.0 24.0 2.0 17.0 71.0 88.0 291.0 0.0 42.0 7.0 151.0 128.0 4.0 140.0 9.0 56.0 30.0
2101.0 1041.0 465.0 571.0 53.0 5.0 421.0 114.0 52.0 327.0 43.0 1.0 112.0 237.0 10.0 0.0 2.0 28.0 44.0 96.0 0.0 24.0 2.0 41.0 24.0 2.0 32.0 0.0 6.0 1.0
1979.0 933.0 396.0 507.0 41.0 3.0 331.0 101.0 45.0 276.0 29.5 0.0 81.0 191.0 8.0 1.0 5.0 15.0 25.0 73.0 0.0 2.0 2.0 42.0 24.0 1.0 20.0 0.0 10.0 1.0
2096.0 949.0 499.0 463.0 52.0 6.0 364.0 130.0 79.0 229.0 30.0 2.0 81.0 191.0 29.0 2.0 14.0 38.0 28.0 98.0 0.0 14.0 1.0 43.0 22.0 1.0 45.0 2.0 11.0 11.0
2100.0 982.0 503.0 515.0 57.0 3.0 346.0 118.0 95.0 219.0 45.5 0.0 65.0 238.0 10.0 4.0 7.0 20.0 18.0 65.0 0.0 4.0 0.0 41.0 28.0 0.0 34.0 0.0 16.0 18.0
2107.0 1012.0 540.0 510.0 39.0 5.0 407.0 168.0 132.0 249.0 35.0 0.0 94.0 239.0 10.0 0.0 7.0 12.0 24.0 118.0 0.0 8.0 0.0 66.0 23.0 0.0 90.0 3.0 41.0 38.0
2067.0 954.0 489.0 463.0 40.0 1.0 337.0 122.0 83.0 192.0 32.0 0.0 76.0 154.0 9.0 0.0 1.0 14.0 21.0 73.0 0.0 2.0 2.0 33.0 21.0 0.0 27.0 0.0 13.0 13.0
2066.0 935.0 434.0 486.0 50.0 2.0 320.0 109.0 45.0 242.0 38.5 0.0 73.0 158.0 15.0 0.0 5.0 17.0 17.0 75.0 0.0 2.0 2.0 35.0 24.0 0.0 14.0 0.0 6.0 2.0
2068.0 1042.0 478.0 562.0 52.0 9.0 406.0 141.0 58.0 294.0 34.5 0.0 102.0 227.0 16.0 2.0 7.0 25.0 35.0 110.0 0.0 16.0 1.0 50.0 41.0 1.0 22.0 2.0 15.0 3.0
2085.0 992.0 463.0 500.0 59.0 3.0 353.0 125.0 70.0 227.0 39.5 0.0 86.0 176.0 14.0 0.0 5.0 23.0 24.0 96.0 0.0 8.0 2.0 41.0 30.0 0.0 44.0 1.0 6.0 10.0
2107.0 986.0 510.0 506.0 56.0 4.0 384.0 127.0 97.0 232.0 45.0 0.0 72.0 199.0 18.0 2.0 3.0 24.0 19.0 78.0 0.0 10.0 2.0 86.0 29.0 1.0 38.0 1.0 11.0 17.0
2046.0 987.0 438.0 579.0 76.0 5.0 343.0 117.0 68.0 294.0 66.5 2.0 93.0 223.0 25.0 0.0 12.0 31.0 25.0 109.0 0.0 12.0 7.0 36.0 26.0 1.0 35.0 2.0 14.0 6.0
1994.0 876.0 398.0 410.0 39.0 4.0 302.0 79.0 43.0 212.0 32.5 1.0 78.0 189.0 15.0 0.0 7.0 11.0 21.0 54.0 0.0 6.0 0.0 29.0 20.0 0.0 11.0 1.0 4.0 3.0
2024.0 972.0 419.0 469.0 46.0 9.0 335.0 131.0 44.0 195.0 26.0 0.0 85.0 164.0 6.0 1.0 7.0 29.0 22.0 91.0 0.0 22.0 4.0 29.0 32.0 2.0 25.0 4.0 7.0 2.0
2057.0 941.0 503.0 456.0 41.0 0.0 379.0 121.0 90.0 216.0 24.5 0.0 85.0 208.0 17.0 1.0 0.0 8.0 27.0 85.0 0.0 0.0 0.0 59.0 25.0 0.0 42.0 0.0 21.0 16.0
2043.0 945.0 434.0 424.0 53.0 1.0 309.0 123.0 44.0 160.0 33.5 1.0 62.0 145.0 13.0 1.0 1.0 24.0 9.0 72.0 0.0 0.0 3.0 24.0 30.0 0.0 17.0 0.0 11.0 1.0
2054.0 953.0 510.0 511.0 48.0 3.0 368.0 163.0 105.0 239.0 37.5 0.0 80.0 197.0 10.0 2.0 6.0 30.0 17.0 113.0 0.0 12.0 4.0 55.0 38.0 1.0 43.0 0.0 34.0 19.0
2057.0 940.0 437.0 440.0 55.0 3.0 287.0 126.0 60.0 220.0 39.0 0.0 52.0 129.0 13.0 0.0 3.0 21.0 15.0 54.0 0.0 4.0 6.0 15.0 21.0 0.0 23.0 3.0 28.0 5.0
2034.0 987.0 428.0 484.0 68.0 8.0 318.0 103.0 45.0 246.0 54.0 2.0 55.0 175.0 16.0 2.0 5.0 17.0 13.0 66.0 0.0 20.0 1.0 34.0 14.0 2.0 15.0 0.0 5.0 2.0
2090.0 957.0 461.0 526.0 36.0 2.0 333.0 109.0 47.0 292.0 24.0 0.0 84.0 213.0 3.0 0.0 0.0 19.0 18.0 89.0 0.0 4.0 2.0 26.0 18.0 0.0 16.0 1.0 7.0 2.0
2047.0 906.0 468.0 406.0 48.0 4.0 321.0 144.0 59.0 157.0 34.5 0.0 65.0 125.0 13.0 2.0 0.0 26.0 25.0 87.0 0.0 2.0 2.0 35.0 25.0 2.0 29.0 3.0 16.0 3.0
2111.0 1008.0 506.0 538.0 52.0 6.0 371.0 149.0 72.0 278.0 44.5 0.0 62.0 210.0 10.0 0.0 8.0 20.0 20.0 109.0 0.0 8.0 1.0 42.0 29.0 1.0 52.0 3.0 16.0 10.0
2075.0 1001.0 462.0 525.0 59.0 2.0 346.0 108.0 67.0 275.0 52.0 0.0 86.0 213.0 9.0 1.0 3.0 21.0 29.0 74.0 0.0 10.0 5.0 48.0 19.0 0.0 15.0 0.0 8.0 6.0
2058.0 947.0 510.0 484.0 59.0 1.0 391.0 140.0 93.0 257.0 58.0 0.0 117.0 218.0 28.0 4.0 0.0 32.0 40.0 133.0 0.0 2.0 6.0 60.0 40.0 0.0 30.0 0.0 19.0 16.0
2101.0 947.0 479.0 524.0 51.0 7.0 358.0 120.0 63.0 323.0 39.0 2.0 90.0 247.0 15.0 0.0 8.0 21.0 20.0 92.0 0.0 10.0 1.0 39.0 25.0 2.0 26.0 0.0 12.0 4.0
2092.0 984.0 500.0 485.0 55.0 2.0 373.0 146.0 60.0 207.0 42.0 1.0 98.0 180.0 14.0 3.0 2.0 37.0 19.0 98.0 0.0 6.0 1.0 44.0 30.0 0.0 40.0 1.0 10.0 1.0
1988.0 913.0 419.0 468.0 56.0 4.0 327.0 83.0 53.0 238.0 38.0 0.0 75.0 165.0 18.0 0.0 4.0 20.0 18.0 74.0 0.0 2.0 2.0 37.0 9.0 0.0 19.0 0.0 4.0 4.0
2112.0 1020.0 531.0 576.0 58.0 4.0 435.0 143.0 96.0 314.0 61.0 1.0 103.0 331.0 16.0 1.0 6.0 34.0 34.0 120.0 0.0 12.0 8.0 63.0 19.0 0.0 55.0 1.0 14.0 12.0
2067.0 931.0 509.0 430.0 44.0 7.0 359.0 135.0 73.0 184.0 29.5 0.0 86.0 160.0 14.0 0.0 7.0 23.0 27.0 79.0 0.0 8.0 3.0 39.0 22.0 1.0 37.0 1.0 11.0 5.0
1973.0 900.0 397.0 422.0 54.0 2.0 287.0 103.0 33.0 186.0 40.5 0.0 55.0 134.0 14.0 0.0 1.0 12.0 11.0 66.0 0.0 2.0 3.0 19.0 20.0 0.0 19.0 0.0 1.0 1.0
2074.0 980.0 484.0 490.0 47.0 3.0 400.0 112.0 71.0 259.0 39.5 0.0 99.0 205.0 14.0 0.0 2.0 26.0 36.0 89.0 0.0 4.0 2.0 32.0 14.0 0.0 35.0 2.0 4.0 9.0
2095.0 994.0 471.0 508.0 45.0 4.0 355.0 122.0 60.0 236.0 36.0 0.0 90.0 187.0 21.0 1.0 4.0 15.0 27.0 89.0 0.0 10.0 0.0 22.0 25.0 0.0 20.0 1.0 11.0 5.0
2059.0 970.0 449.0 478.0 59.0 3.0 359.0 95.0 58.0 188.0 36.5 1.0 77.0 195.0 21.0 3.0 3.0 23.0 18.0 62.0 0.0 4.0 0.0 51.0 15.0 0.0 20.0 0.0 7.0 7.0
2079.0 961.0 461.0 471.0 44.0 2.0 352.0 104.0 51.0 235.0 20.5 0.0 86.0 178.0 10.0 0.0 1.0 16.0 18.0 86.0 0.0 4.0 0.0 43.0 15.0 0.0 20.0 0.0 4.0 2.0
2069.0 1018.0 455.0 578.0 69.0 5.0 367.0 119.0 50.0 277.0 57.5 1.0 103.0 214.0 21.0 4.0 9.0 37.0 16.0 108.0 0.0 10.0 1.0 36.0 21.0 0.0 22.0 1.0 9.0 0.0
2154.0 1048.0 485.0 561.0 55.0 3.0 395.0 121.0 56.0 308.0 41.0 1.0 93.0 225.0 10.0 3.0 4.0 20.0 30.0 78.0 0.0 6.0 0.0 45.0 25.0 0.0 39.0 0.0 8.0 3.0
2058.0 970.0 484.0 457.0 52.0 4.0 346.0 137.0 77.0 206.0 37.0 0.0 48.0 196.0 11.0 1.0 1.0 28.0 33.0 80.0 0.0 10.0 2.0 50.0 29.0 1.0 41.0 1.0 13.0 6.0
2047.0 957.0 444.0 500.0 63.0 5.0 324.0 134.0 47.0 232.0 50.5 0.0 92.0 187.0 19.0 1.0 6.0 35.0 18.0 110.0 0.0 2.0 5.0 28.0 26.0 1.0 27.0 1.0 10.0 0.0
2016.0 906.0 429.0 449.0 63.0 3.0 302.0 83.0 54.0 229.0 47.5 0.0 69.0 159.0 18.0 1.0 3.0 18.0 17.0 51.0 0.0 6.0 1.0 32.0 13.0 0.0 18.0 1.0 6.0 6.0
2124.0 1055.0 507.0 595.0 62.0 1.0 438.0 146.0 75.0 314.0 49.5 0.0 122.0 309.0 25.0 0.0 0.0 21.0 30.0 151.0 0.0 2.0 7.0 59.0 30.0 0.0 47.0 0.0 13.0 5.0
2120.0 997.0 482.0 538.0 57.0 2.0 338.0 127.0 64.0 263.0 52.0 0.0 60.0 228.0 18.0 2.0 0.0 25.0 17.0 97.0 0.0 0.0 3.0 51.0 15.0 0.0 30.0 0.0 12.0 4.0
2062.0 872.0 501.0 392.0 49.0 2.0 324.0 119.0 82.0 193.0 36.0 0.0 47.0 149.0 18.0 0.0 2.0 19.0 21.0 65.0 0.0 0.0 5.0 40.0 20.0 1.0 32.0 0.0 11.0 6.0
2086.0 979.0 485.0 468.0 48.0 2.0 387.0 121.0 73.0 236.0 30.5 1.0 86.0 196.0 20.0 1.0 2.0 23.0 30.0 87.0 0.0 0.0 0.0 59.0 27.0 0.0 36.0 0.0 13.0 6.0
2007.0 890.0 402.0 409.0 44.0 3.0 269.0 94.0 41.0 175.0 32.5 0.0 45.0 129.0 11.0 0.0 1.0 18.0 10.0 48.0 0.0 2.0 0.0 19.0 16.0 1.0 18.0 0.0 5.0 1.0
2091.0 997.0 536.0 565.0 51.0 4.0 438.0 189.0 100.0 250.0 44.0 0.0 91.0 306.0 25.0 2.0 6.0 39.0 43.0 169.0 0.0 8.0 6.0 64.0 53.0 1.0 60.0 5.0 31.0 10.0
2161.0 1189.0 503.0 688.0 94.0 6.0 500.0 170.0 69.0 386.0 72.0 0.0 132.0 288.0 41.0 4.0 6.0 56.0 42.0 167.0 0.0 6.0 3.0 66.0 39.0 0.0 42.0 3.0 22.0 5.0
2051.0 938.0 459.0 413.0 44.0 1.0 328.0 112.0 70.0 170.0 22.5 0.0 55.0 128.0 11.0 1.0 0.0 15.0 31.0 62.0 0.0 0.0 1.0 31.0 26.0 0.0 19.0 0.0 12.0 6.0
2043.0 873.0 466.0 395.0 41.0 3.0 271.0 116.0 65.0 167.0 30.0 1.0 69.0 149.0 11.0 1.0 1.0 20.0 16.0 66.0 0.0 0.0 2.0 20.0 10.0 0.0 17.0 1.0 12.0 6.0
2042.0 937.0 445.0 457.0 53.0 3.0 341.0 105.0 57.0 216.0 29.5 0.0 75.0 186.0 10.0 0.0 2.0 24.0 23.0 72.0 0.0 2.0 1.0 39.0 19.0 0.0 22.0 2.0 10.0 5.0
2026.0 885.0 411.0 390.0 42.0 5.0 302.0 81.0 48.0 173.0 27.5 0.0 76.0 115.0 7.0 0.0 4.0 11.0 43.0 35.0 0.0 0.0 2.0 58.0 7.0 0.0 13.0 2.0 4.0 7.0
2086.0 969.0 464.0 480.0 55.0 4.0 345.0 130.0 60.0 214.0 46.5 2.0 66.0 191.0 21.0 0.0 2.0 23.0 20.0 97.0 0.0 2.0 1.0 45.0 19.0 1.0 30.0 4.0 16.0 4.0
2143.0 1046.0 521.0 605.0 57.0 5.0 407.0 149.0 92.0 320.0 50.0 0.0 105.0 290.0 13.0 1.0 4.0 36.0 21.0 119.0 0.0 6.0 1.0 66.0 39.0 1.0 57.0 1.0 28.0 16.0
2126.0 943.0 462.0 419.0 40.0 4.0 294.0 107.0 54.0 190.0 20.5 0.0 52.0 147.0 9.0 0.0 4.0 11.0 12.0 65.0 0.0 4.0 0.0 25.0 15.0 0.0 21.0 0.0 7.0 4.0
2131.0 1038.0 511.0 556.0 51.0 5.0 452.0 166.0 67.0 268.0 35.0 2.0 125.0 241.0 19.0 0.0 2.0 36.0 31.0 152.0 0.0 6.0 0.0 60.0 63.0 1.0 36.0 1.0 18.0 4.0
2152.0 1123.0 541.0 713.0 95.0 3.0 528.0 178.0 111.0 477.0 88.5 7.0 160.0 353.0 57.0 4.0 6.0 62.0 53.0 223.0 0.0 8.0 3.0 132.0 61.0 0.0 66.0 0.0 58.0 27.0
2004.0 882.0 382.0 398.0 57.0 1.0 249.0 70.0 29.0 173.0 37.0 0.0 37.0 104.0 23.0 0.0 2.0 7.0 13.0 48.0 0.0 0.0 1.0 12.0 11.0 0.0 9.0 0.0 0.0 1.0
2056.0 968.0 456.0 533.0 47.0 0.0 376.0 134.0 60.0 268.0 45.5 0.0 107.0 214.0 10.0 3.0 0.0 29.0 24.0 124.0 0.0 0.0 2.0 45.0 38.0 0.0 34.0 0.0 12.0 5.0
2080.0 1077.0 516.0 606.0 93.0 4.0 516.0 202.0 108.0 316.0 78.0 1.0 150.0 300.0 51.0 1.0 8.0 92.0 47.0 151.0 0.0 10.0 11.0 115.0 88.0 1.0 99.0 3.0 57.0 19.0
2086.0 956.0 488.0 484.0 51.0 5.0 363.0 112.0 69.0 232.0 37.0 1.0 72.0 182.0 12.0 0.0 5.0 23.0 28.0 78.0 0.0 20.0 4.0 57.0 15.0 1.0 27.0 0.0 6.0 7.0
2056.0 954.0 455.0 518.0 56.0 3.0 383.0 110.0 64.0 307.0 40.5 0.0 103.0 323.0 17.0 1.0 5.0 15.0 43.0 112.0 0.0 0.0 0.0 61.0 24.0 1.0 33.0 0.0 11.0 4.0
2095.0 965.0 502.0 507.0 61.0 5.0 384.0 146.0 74.0 256.0 52.5 0.0 112.0 219.0 18.0 0.0 6.0 37.0 35.0 117.0 0.0 10.0 1.0 58.0 51.0 3.0 37.0 2.0 20.0 6.0
2156.0 1101.0 513.0 593.0 92.0 1.0 431.0 151.0 83.0 303.0 65.0 2.0 96.0 230.0 40.0 1.0 2.0 46.0 29.0 113.0 0.0 4.0 3.0 52.0 42.0 0.0 41.0 0.0 12.0 11.0
2158.0 965.0 546.0 475.0 58.0 4.0 398.0 136.0 81.0 220.0 47.5 0.0 84.0 195.0 22.0 0.0 8.0 25.0 30.0 102.0 0.0 6.0 6.0 40.0 32.0 1.0 34.0 0.0 12.0 8.0
2099.0 1007.0 471.0 504.0 54.0 2.0 359.0 117.0 72.0 274.0 40.0 0.0 100.0 189.0 13.0 0.0 2.0 22.0 20.0 76.0 0.0 10.0 2.0 32.0 24.0 0.0 33.0 0.0 15.0 6.0
2033.0 923.0 427.0 475.0 56.0 4.0 307.0 130.0 53.0 254.0 30.5 1.0 74.0 203.0 13.0 1.0 4.0 28.0 21.0 98.0 0.0 4.0 2.0 29.0 39.0 0.0 33.0 2.0 18.0 3.0
2005.0 929.0 447.0 466.0 59.0 7.0 348.0 134.0 51.0 211.0 38.0 0.0 67.0 180.0 24.0 0.0 9.0 23.0 35.0 111.0 0.0 16.0 3.0 42.0 43.0 1.0 30.0 4.0 15.0 3.0
2085.0 959.0 473.0 527.0 37.0 2.0 356.0 136.0 59.0 268.0 28.5 0.0 76.0 220.0 9.0 0.0 4.0 18.0 19.0 100.0 0.0 0.0 1.0 35.0 41.0 0.0 31.0 0.0 14.0 4.0
2072.0 1021.0 420.0 538.0 51.0 3.0 403.0 116.0 35.0 272.0 41.0 0.0 103.0 197.0 16.0 1.0 1.0 26.0 45.0 105.0 0.0 4.0 3.0 36.0 26.0 0.0 28.0 1.0 7.0 0.0
2002.0 880.0 428.0 407.0 49.0 5.0 287.0 91.0 45.0 175.0 31.0 0.0 57.0 130.0 16.0 2.0 5.0 17.0 15.0 47.0 0.0 16.0 1.0 30.0 20.0 4.0 10.0 1.0 5.0 1.0
2048.0 989.0 446.0 525.0 55.0 6.0 333.0 109.0 58.0 270.0 45.5 1.0 88.0 190.0 9.0 1.0 5.0 14.0 19.0 96.0 0.0 2.0 1.0 24.0 17.0 0.0 38.0 0.0 10.0 6.0
2094.0 1023.0 489.0 535.0 56.0 4.0 407.0 143.0 78.0 273.0 42.5 0.0 113.0 236.0 28.0 4.0 1.0 28.0 24.0 129.0 0.0 4.0 3.0 64.0 42.0 0.0 43.0 1.0 10.0 12.0
2042.0 972.0 454.0 479.0 83.0 5.0 397.0 143.0 58.0 214.0 58.5 0.0 109.0 198.0 42.0 1.0 6.0 40.0 40.0 90.0 0.0 14.0 8.0 55.0 40.0 0.0 45.0 2.0 13.0 4.0
2077.0 1021.0 445.0 590.0 64.0 5.0 378.0 120.0 58.0 318.0 65.5 0.0 106.0 259.0 18.0 0.0 8.0 42.0 34.0 111.0 0.0 4.0 1.0 41.0 28.0 0.0 24.0 1.0 9.0 2.0
2038.0 903.0 428.0 426.0 57.0 4.0 289.0 105.0 49.0 206.0 30.0 0.0 70.0 147.0 20.0 0.0 7.0 13.0 19.0 51.0 0.0 8.0 9.0 26.0 24.0 0.0 16.0 0.0 11.0 2.0
2096.0 980.0 482.0 498.0 46.0 2.0 370.0 123.0 67.0 238.0 43.5 0.0 83.0 192.0 14.0 0.0 5.0 21.0 27.0 93.0 0.0 4.0 3.0 40.0 23.0 0.0 26.0 1.0 10.0 4.0
2144.0 1045.0 495.0 539.0 50.0 0.0 405.0 131.0 54.0 277.0 33.5 0.0 104.0 212.0 12.0 1.0 0.0 22.0 26.0 96.0 0.0 0.0 2.0 36.0 30.0 0.0 21.0 0.0 9.0 2.0
1999.0 861.0 429.0 419.0 42.0 2.0 265.0 89.0 55.0 222.0 35.5 0.0 40.0 153.0 4.0 0.0 4.0 13.0 9.0 47.0 0.0 4.0 1.0 27.0 15.0 0.0 14.0 0.0 11.0 4.0
2204.0 1132.0 594.0 662.0 71.0 8.0 499.0 199.0 106.0 349.0 62.5 1.0 117.0 320.0 33.0 0.0 12.0 39.0 39.0 162.0 0.0 22.0 5.0 76.0 48.0 1.0 57.0 1.0 31.0 11.0
2045.0 998.0 451.0 591.0 56.0 5.0 361.0 114.0 63.0 305.0 47.5 0.0 97.0 232.0 16.0 4.0 6.0 12.0 24.0 118.0 0.0 20.0 2.0 39.0 30.0 1.0 29.0 1.0 6.0 8.0
2073.0 984.0 446.0 479.0 54.0 4.0 361.0 129.0 51.0 246.0 34.0 0.0 83.0 196.0 14.0 0.0 8.0 22.0 33.0 93.0 0.0 4.0 3.0 35.0 19.0 0.0 36.0 0.0 8.0 3.0
1992.0 891.0 415.0 464.0 52.0 0.0 289.0 94.0 51.0 247.0 36.5 0.0 66.0 155.0 16.0 2.0 0.0 15.0 9.0 86.0 0.0 0.0 1.0 30.0 22.0 0.0 11.0 0.0 8.0 2.0
2081.0 913.0 510.0 484.0 45.0 2.0 342.0 157.0 88.0 255.0 44.5 0.0 82.0 170.0 15.0 0.0 3.0 26.0 25.0 134.0 0.0 2.0 1.0 42.0 41.0 0.0 54.0 0.0 26.0 8.0
1962.0 972.0 369.0 529.0 51.0 4.0 305.0 95.0 43.0 281.0 43.5 0.0 87.0 158.0 14.0 1.0 5.0 26.0 14.0 62.0 0.0 8.0 1.0 29.0 17.0 0.0 16.0 2.0 7.0 4.0
2062.0 1017.0 456.0 544.0 60.0 1.0 399.0 121.0 55.0 271.0 48.0 0.0 99.0 248.0 15.0 1.0 3.0 30.0 24.0 91.0 0.0 0.0 0.0 40.0 32.0 0.0 36.0 0.0 10.0 5.0
2087.0 1082.0 459.0 612.0 60.0 3.0 402.0 127.0 66.0 358.0 65.0 0.0 108.0 252.0 16.0 1.0 3.0 28.0 26.0 97.0 0.0 6.0 0.0 46.0 37.0 0.0 29.0 1.0 8.0 6.0
2031.0 988.0 479.0 501.0 58.0 3.0 394.0 143.0 61.0 252.0 36.5 1.0 86.0 191.0 19.0 2.0 0.0 35.0 27.0 118.0 0.0 4.0 3.0 44.0 26.0 1.0 31.0 1.0 15.0 5.0
2065.0 967.0 421.0 507.0 51.0 3.0 336.0 105.0 39.0 263.0 40.5 2.0 70.0 193.0 13.0 0.0 9.0 15.0 22.0 95.0 0.0 2.0 2.0 27.0 17.0 1.0 16.0 1.0 4.0 2.0
2066.0 931.0 459.0 499.0 60.0 3.0 314.0 112.0 59.0 264.0 45.5 0.0 80.0 197.0 8.0 1.0 3.0 33.0 18.0 86.0 0.0 2.0 1.0 34.0 28.0 0.0 16.0 0.0 9.0 3.0
2036.0 945.0 437.0 418.0 48.0 5.0 317.0 127.0 54.0 199.0 28.5 0.0 75.0 139.0 15.0 0.0 4.0 21.0 18.0 83.0 0.0 0.0 2.0 32.0 17.0 4.0 35.0 4.0 13.0 4.0
2033.0 915.0 437.0 490.0 50.0 1.0 311.0 96.0 42.0 228.0 37.5 0.0 67.0 211.0 11.0 2.0 0.0 17.0 15.0 72.0 0.0 2.0 0.0 24.0 20.0 0.0 14.0 0.0 7.0 0.0
2053.0 951.0 451.0 458.0 51.0 3.0 341.0 121.0 42.0 202.0 39.0 0.0 69.0 164.0 22.0 2.0 2.0 19.0 19.0 81.0 0.0 6.0 0.0 37.0 19.0 0.0 25.0 2.0 4.0 1.0
2125.0 1106.0 512.0 692.0 60.0 1.0 495.0 167.0 64.0 447.0 76.5 0.0 139.0 382.0 21.0 0.0 1.0 43.0 38.0 177.0 0.0 2.0 2.0 52.0 37.0 0.0 60.0 1.0 9.0 3.0
2031.0 937.0 461.0 485.0 42.0 3.0 367.0 123.0 67.0 231.0 40.5 0.0 91.0 198.0 14.0 1.0 7.0 20.0 30.0 97.0 0.0 12.0 0.0 45.0 30.0 0.0 42.0 1.0 9.0 5.0
2008.0 921.0 449.0 467.0 53.0 2.0 336.0 126.0 49.0 230.0 42.0 0.0 57.0 191.0 12.0 1.0 3.0 26.0 20.0 93.0 0.0 6.0 4.0 30.0 24.0 0.0 23.0 1.0 13.0 2.0
2112.0 1047.0 510.0 594.0 69.0 5.0 399.0 155.0 85.0 305.0 68.0 2.0 104.0 241.0 22.0 4.0 17.0 47.0 20.0 130.0 0.0 8.0 4.0 56.0 29.0 1.0 51.0 2.0 21.0 11.0
2091.0 1015.0 437.0 556.0 46.0 0.0 373.0 95.0 48.0 295.0 37.0 0.0 87.0 218.0 13.0 1.0 0.0 22.0 32.0 77.0 0.0 0.0 0.0 32.0 18.0 0.0 19.0 0.0 5.0 3.0
2119.0 971.0 490.0 459.0 58.0 1.0 361.0 130.0 65.0 257.0 48.5 0.0 88.0 173.0 30.0 5.0 0.0 22.0 31.0 81.0 0.0 0.0 1.0 45.0 25.0 0.0 31.0 0.0 8.0 5.0
2077.0 996.0 474.0 511.0 61.0 5.0 374.0 144.0 64.0 264.0 48.5 0.0 62.0 183.0 14.0 5.0 9.0 31.0 22.0 103.0 0.0 2.0 6.0 48.0 30.0 1.0 39.0 2.0 14.0 6.0
2097.0 968.0 519.0 495.0 67.0 3.0 386.0 120.0 85.0 220.0 54.5 0.0 99.0 218.0 23.0 2.0 5.0 37.0 16.0 70.0 0.0 6.0 1.0 57.0 20.0 0.0 31.0 1.0 20.0 8.0
2135.0 1062.0 476.0 572.0 55.0 3.0 375.0 128.0 49.0 280.0 52.0 0.0 80.0 219.0 11.0 2.0 4.0 20.0 23.0 98.0 0.0 2.0 0.0 32.0 26.0 1.0 25.0 0.0 6.0 1.0
2086.0 890.0 468.0 412.0 42.0 1.0 314.0 86.0 74.0 168.0 31.5 0.0 57.0 181.0 8.0 1.0 1.0 18.0 21.0 49.0 0.0 6.0 1.0 44.0 11.0 0.0 24.0 0.0 4.0 9.0
2108.0 1098.0 516.0 675.0 73.0 1.0 465.0 197.0 86.0 424.0 72.5 0.0 123.0 326.0 33.0 0.0 2.0 52.0 35.0 182.0 0.0 0.0 4.0 54.0 66.0 0.0 72.0 1.0 29.0 8.0
2012.0 983.0 393.0 544.0 57.0 5.0 326.0 104.0 44.0 315.0 48.0 0.0 100.0 174.0 14.0 1.0 6.0 22.0 22.0 77.0 0.0 8.0 1.0 31.0 28.0 0.0 16.0 1.0 12.0 2.0
2096.0 937.0 464.0 427.0 51.0 4.0 320.0 111.0 58.0 163.0 27.0 0.0 65.0 154.0 16.0 0.0 4.0 18.0 13.0 64.0 0.0 4.0 1.0 26.0 18.0 1.0 26.0 2.0 9.0 3.0
2070.0 958.0 423.0 446.0 45.0 2.0 304.0 107.0 44.0 222.0 25.5 0.0 47.0 133.0 9.0 0.0 4.0 17.0 13.0 66.0 0.0 0.0 3.0 29.0 23.0 0.0 18.0 0.0 8.0 1.0
2039.0 926.0 455.0 479.0 43.0 4.0 358.0 95.0 63.0 194.0 32.0 0.0 81.0 188.0 17.0 1.0 4.0 18.0 38.0 86.0 0.0 4.0 2.0 34.0 16.0 0.0 17.0 1.0 12.0 4.0
2059.0 982.0 450.0 514.0 48.0 2.0 375.0 121.0 58.0 279.0 35.5 0.0 87.0 230.0 15.0 1.0 1.0 28.0 30.0 110.0 0.0 2.0 2.0 53.0 33.0 0.0 29.0 0.0 10.0 4.0
2003.0 967.0 397.0 493.0 45.0 5.0 380.0 115.0 36.0 264.0 39.0 0.0 107.0 181.0 11.0 0.0 3.0 32.0 33.0 86.0 0.0 8.0 2.0 33.0 34.0 2.0 31.0 0.0 7.0 2.0
2111.0 970.0 532.0 494.0 50.0 4.0 340.0 145.0 95.0 233.0 45.5 0.0 70.0 153.0 6.0 0.0 10.0 18.0 19.0 98.0 0.0 4.0 2.0 30.0 18.0 0.0 38.0 0.0 20.0 12.0
2100.0 1080.0 449.0 616.0 89.0 4.0 420.0 121.0 56.0 342.0 77.5 0.0 107.0 218.0 53.0 1.0 7.0 38.0 50.0 109.0 0.0 10.0 10.0 42.0 29.0 0.0 43.0 0.0 11.0 3.0
2134.0 1101.0 441.0 653.0 64.0 3.0 376.0 120.0 41.0 419.0 62.5 0.0 100.0 246.0 24.0 0.0 2.0 27.0 29.0 110.0 0.0 10.0 1.0 34.0 22.0 0.0 18.0 0.0 5.0 0.0
2038.0 981.0 438.0 474.0 69.0 9.0 337.0 127.0 41.0 222.0 49.0 0.0 62.0 175.0 29.0 1.0 12.0 22.0 25.0 74.0 0.0 14.0 3.0 26.0 25.0 1.0 19.0 3.0 5.0 2.0
2015.0 887.0 400.0 427.0 46.0 1.0 282.0 89.0 46.0 194.0 27.0 0.0 60.0 135.0 8.0 2.0 1.0 19.0 17.0 53.0 0.0 2.0 3.0 32.0 8.0 0.0 19.0 0.0 7.0 4.0
2035.0 944.0 446.0 538.0 46.0 4.0 364.0 103.0 53.0 331.0 41.0 1.0 82.0 232.0 8.0 1.0 6.0 19.0 27.0 110.0 0.0 4.0 1.0 41.0 14.0 0.0 26.0 0.0 3.0 5.0
2001.0 925.0 439.0 495.0 52.0 1.0 360.0 109.0 65.0 229.0 46.0 0.0 89.0 216.0 15.0 0.0 1.0 27.0 34.0 102.0 0.0 6.0 0.0 51.0 25.0 0.0 39.0 0.0 6.0 9.0
2108.0 975.0 508.0 461.0 46.0 6.0 329.0 140.0 76.0 182.0 31.5 0.0 57.0 154.0 7.0 0.0 4.0 22.0 12.0 87.0 0.0 0.0 4.0 24.0 20.0 1.0 27.0 3.0 20.0 8.0
2043.0 933.0 441.0 478.0 40.0 5.0 342.0 123.0 45.0 223.0 28.0 0.0 72.0 201.0 10.0 0.0 6.0 29.0 21.0 93.0 0.0 8.0 0.0 35.0 26.0 0.0 27.0 2.0 12.0 1.0
2117.0 937.0 506.0 450.0 31.0 3.0 350.0 111.0 87.0 214.0 22.0 0.0 61.0 192.0 7.0 0.0 0.0 8.0 37.0 112.0 0.0 2.0 0.0 61.0 15.0 1.0 16.0 1.0 16.0 15.0
2163.0 1027.0 557.0 553.0 37.0 6.0 444.0 180.0 117.0 294.0 23.0 0.0 105.0 291.0 5.0 0.0 11.0 22.0 58.0 180.0 0.0 6.0 1.0 111.0 51.0 0.0 67.0 1.0 47.0 32.0
2035.0 951.0 416.0 497.0 48.0 4.0 332.0 126.0 42.0 231.0 36.0 0.0 61.0 170.0 17.0 0.0 1.0 19.0 19.0 110.0 0.0 8.0 1.0 24.0 27.0 1.0 39.0 2.0 10.0 3.0
2087.0 841.0 468.0 383.0 30.0 1.0 259.0 83.0 52.0 166.0 23.5 0.0 55.0 139.0 5.0 0.0 0.0 7.0 12.0 37.0 0.0 6.0 0.0 19.0 12.0 0.0 8.0 0.0 8.0 3.0
2028.0 889.0 425.0 412.0 45.0 1.0 316.0 107.0 42.0 185.0 32.5 1.0 65.0 138.0 10.0 0.0 0.0 21.0 25.0 86.0 0.0 0.0 1.0 28.0 21.0 0.0 21.0 0.0 4.0 1.0
2086.0 949.0 446.0 430.0 54.0 4.0 339.0 96.0 53.0 195.0 30.5 0.0 67.0 160.0 17.0 0.0 5.0 25.0 25.0 59.0 0.0 4.0 3.0 38.0 18.0 0.0 15.0 0.0 6.0 5.0
2066.0 930.0 467.0 458.0 52.0 0.0 340.0 110.0 54.0 193.0 39.5 0.0 70.0 187.0 17.0 0.0 0.0 20.0 26.0 78.0 0.0 0.0 3.0 32.0 20.0 0.0 25.0 0.0 7.0 3.0
2067.0 916.0 432.0 462.0 46.0 4.0 293.0 104.0 56.0 259.0 28.5 0.0 64.0 148.0 8.0 0.0 5.0 18.0 17.0 91.0 0.0 2.0 0.0 28.0 22.0 0.0 26.0 0.0 3.0 7.0
2048.0 994.0 432.0 511.0 47.0 2.0 337.0 100.0 56.0 250.0 33.5 0.0 79.0 189.0 6.0 1.0 1.0 15.0 12.0 83.0 0.0 6.0 1.0 36.0 22.0 0.0 19.0 0.0 5.0 8.0
2116.0 961.0 489.0 460.0 55.0 1.0 326.0 124.0 68.0 230.0 39.5 0.0 86.0 142.0 16.0 1.0 2.0 22.0 15.0 61.0 0.0 0.0 1.0 36.0 18.0 0.0 33.0 0.0 13.0 4.0
2116.0 1063.0 487.0 622.0 71.0 8.0 438.0 150.0 58.0 340.0 63.5 0.0 108.0 262.0 30.0 0.0 14.0 36.0 34.0 135.0 0.0 16.0 4.0 52.0 32.0 2.0 47.0 3.0 10.0 3.0
2062.0 986.0 481.0 491.0 57.0 7.0 363.0 142.0 70.0 237.0 43.0 2.0 80.0 178.0 12.0 0.0 11.0 36.0 24.0 102.0 0.0 14.0 0.0 42.0 28.0 1.0 31.0 1.0 21.0 8.0
2114.0 1026.0 505.0 574.0 57.0 1.0 392.0 139.0 81.0 327.0 49.0 1.0 100.0 217.0 16.0 0.0 1.0 21.0 27.0 105.0 0.0 0.0 0.0 54.0 19.0 0.0 41.0 1.0 17.0 8.0
2066.0 930.0 467.0 498.0 38.0 11.0 367.0 112.0 61.0 253.0 36.0 0.0 92.0 209.0 17.0 5.0 15.0 14.0 32.0 95.0 0.0 20.0 0.0 43.0 24.0 2.0 25.0 2.0 7.0 6.0
2033.0 926.0 401.0 500.0 57.0 8.0 343.0 100.0 36.0 299.0 47.5 0.0 102.0 216.0 12.0 0.0 19.0 29.0 29.0 112.0 0.0 20.0 3.0 40.0 37.0 1.0 23.0 4.0 7.0 1.0
2008.0 894.0 430.0 403.0 38.0 5.0 284.0 108.0 66.0 174.0 21.0 0.0 56.0 115.0 6.0 2.0 3.0 17.0 9.0 58.0 0.0 4.0 0.0 30.0 26.0 1.0 21.0 1.0 15.0 7.0
2067.0 944.0 430.0 443.0 68.0 3.0 319.0 112.0 54.0 185.0 37.5 1.0 54.0 168.0 19.0 0.0 6.0 20.0 21.0 97.0 0.0 2.0 4.0 24.0 25.0 1.0 28.0 0.0 10.0 2.0
2065.0 948.0 480.0 462.0 56.0 6.0 356.0 125.0 73.0 233.0 38.0 0.0 58.0 177.0 24.0 0.0 15.0 19.0 20.0 92.0 0.0 4.0 3.0 40.0 23.0 2.0 30.0 0.0 11.0 5.0
2069.0 972.0 421.0 455.0 71.0 3.0 326.0 102.0 38.0 217.0 45.0 2.0 66.0 146.0 20.0 1.0 1.0 27.0 24.0 84.0 0.0 2.0 6.0 26.0 17.0 0.0 18.0 0.0 4.0 1.0
2062.0 922.0 456.0 428.0 45.0 2.0 305.0 120.0 63.0 171.0 40.0 0.0 57.0 159.0 11.0 0.0 2.0 16.0 22.0 72.0 0.0 6.0 0.0 29.0 20.0 0.0 26.0 1.0 13.0 3.0
2078.0 979.0 463.0 472.0 50.0 3.0 346.0 114.0 63.0 226.0 31.5 0.0 70.0 163.0 13.0 1.0 0.0 25.0 24.0 97.0 0.0 2.0 2.0 34.0 19.0 0.0 18.0 0.0 12.0 6.0
2038.0 962.0 443.0 548.0 40.0 4.0 392.0 101.0 51.0 284.0 37.0 0.0 114.0 237.0 7.0 0.0 6.0 18.0 34.0 106.0 0.0 14.0 0.0 41.0 23.0 0.0 22.0 1.0 5.0 4.0
2046.0 989.0 462.0 489.0 60.0 2.0 394.0 141.0 59.0 204.0 45.5 1.0 119.0 176.0 21.0 0.0 2.0 41.0 26.0 94.0 0.0 6.0 0.0 50.0 48.0 0.0 35.0 1.0 11.0 4.0
2151.0 1067.0 474.0 603.0 59.0 6.0 420.0 123.0 50.0 343.0 40.5 0.0 118.0 255.0 12.0 0.0 16.0 21.0 32.0 110.0 0.0 2.0 3.0 38.0 40.0 1.0 18.0 3.0 8.0 2.0
2028.0 933.0 420.0 473.0 56.0 2.0 324.0 104.0 47.0 216.0 35.0 0.0 78.0 175.0 17.0 0.0 2.0 24.0 15.0 93.0 0.0 2.0 3.0 26.0 22.0 0.0 25.0 0.0 5.0 3.0
2082.0 1024.0 489.0 585.0 74.0 6.0 403.0 121.0 94.0 283.0 65.5 1.0 116.0 230.0 27.0 3.0 9.0 36.0 29.0 93.0 0.0 14.0 2.0 44.0 34.0 2.0 25.0 0.0 25.0 28.0
2023.0 974.0 424.0 475.0 59.0 6.0 339.0 103.0 43.0 172.0 40.5 0.0 95.0 171.0 13.0 0.0 5.0 17.0 26.0 70.0 0.0 16.0 1.0 26.0 23.0 1.0 22.0 0.0 1.0 2.0
2079.0 984.0 463.0 533.0 64.0 2.0 374.0 112.0 60.0 286.0 55.5 0.0 84.0 216.0 31.0 1.0 2.0 17.0 24.0 117.0 0.0 4.0 3.0 47.0 31.0 0.0 20.0 0.0 10.0 3.0
2022.0 907.0 436.0 489.0 56.0 0.0 320.0 93.0 53.0 263.0 51.5 0.0 88.0 185.0 13.0 3.0 0.0 21.0 32.0 84.0 0.0 0.0 3.0 38.0 31.0 0.0 17.0 0.0 5.0 2.0
2070.0 929.0 429.0 439.0 48.0 5.0 341.0 105.0 33.0 172.0 30.5 0.0 63.0 159.0 21.0 0.0 3.0 30.0 30.0 74.0 0.0 14.0 2.0 21.0 26.0 2.0 18.0 3.0 5.0 0.0
2033.0 936.0 417.0 464.0 44.0 4.0 323.0 111.0 44.0 235.0 24.0 0.0 66.0 162.0 9.0 0.0 3.0 22.0 14.0 94.0 0.0 4.0 0.0 32.0 28.0 0.0 28.0 0.0 8.0 3.0
2058.0 957.0 445.0 476.0 49.0 2.0 350.0 114.0 40.0 212.0 28.0 0.0 74.0 179.0 17.0 2.0 2.0 20.0 29.0 95.0 0.0 0.0 1.0 25.0 26.0 1.0 24.0 2.0 5.0 0.0
2155.0 1053.0 511.0 596.0 65.0 4.0 449.0 117.0 57.0 343.0 70.0 1.0 128.0 279.0 33.0 2.0 12.0 29.0 33.0 109.0 0.0 14.0 1.0 44.0 25.0 1.0 29.0 1.0 4.0 1.0
2098.0 990.0 471.0 528.0 47.0 4.0 350.0 119.0 81.0 279.0 33.0 0.0 78.0 199.0 11.0 0.0 5.0 22.0 18.0 90.0 0.0 8.0 0.0 54.0 17.0 0.0 36.0 1.0 17.0 17.0
2113.0 1005.0 487.0 486.0 56.0 2.0 385.0 138.0 68.0 245.0 38.5 1.0 110.0 182.0 15.0 0.0 4.0 34.0 27.0 75.0 0.0 2.0 0.0 51.0 32.0 0.0 33.0 0.0 13.0 4.0
2054.0 933.0 459.0 458.0 48.0 3.0 314.0 108.0 79.0 225.0 35.0 0.0 61.0 164.0 13.0 0.0 2.0 22.0 12.0 67.0 0.0 6.0 3.0 38.0 21.0 0.0 26.0 0.0 20.0 13.0
2110.0 953.0 498.0 499.0 55.0 3.0 341.0 126.0 82.0 255.0 40.5 0.0 76.0 199.0 25.0 2.0 10.0 22.0 19.0 97.0 0.0 2.0 4.0 50.0 28.0 1.0 25.0 0.0 15.0 9.0
2093.0 953.0 459.0 427.0 58.0 4.0 316.0 118.0 55.0 175.0 43.5 0.0 70.0 141.0 12.0 0.0 6.0 27.0 23.0 70.0 0.0 6.0 2.0 25.0 15.0 0.0 18.0 2.0 11.0 3.0
2115.0 970.0 482.0 486.0 57.0 8.0 363.0 128.0 59.0 248.0 48.5 0.0 87.0 182.0 21.0 0.0 7.0 29.0 25.0 74.0 0.0 12.0 3.0 27.0 27.0 1.0 40.0 0.0 11.0 6.0
2006.0 917.0 400.0 420.0 46.0 0.0 310.0 104.0 42.0 178.0 21.5 0.0 63.0 128.0 9.0 0.0 0.0 15.0 22.0 78.0 0.0 0.0 2.0 35.0 32.0 0.0 22.0 0.0 9.0 3.0
