7937.0 80954.0 3107.0 778992.0 3233914.0 4.0 212039.0 12788.0 1792.0 3486184.0 35788923.0 157497087.0 4151987.0 1497297.0 13465775.0 5.0 399.0 969267.0 111942.0 372487.0 0.0 12.0 104182.0 173992.0 30462.0 1.0 28633.0 11.0 3580.0 860.0
9064.0 214329.0 5442.0 2539634.0 18285337.0 12.0 887833.0 44604.0 5163.0 12315792.0 185497110.0 1686996930.0 29554358.0 5932607.0 113771263.0 3.0 1463.0 9957096.0 653309.0 1808934.0 0.0 100.0 1024363.0 1384211.0 203530.0 3.0 167309.0 38.0 14997.0 4746.0
9183.0 325620.0 5868.0 3112979.0 45491923.0 14.0 1298684.0 104412.0 5482.0 12129544.0 332940429.0 6050559254.0 30763273.0 6897053.0 260147022.0 6.0 3047.0 27030233.0 907975.0 2385940.0 0.0 94.0 8170975.0 1714728.0 315153.0 4.0 383975.0 40.0 21991.0 4648.0
7825.0 76418.0 2895.0 821505.0 2142501.0 6.0 214999.0 11002.0 1727.0 4044044.0 29082824.5 62859481.0 5834308.0 1535892.0 9484156.0 7.0 647.0 1027275.0 107420.0 424347.0 0.0 44.0 42788.0 233733.0 37465.0 2.0 25929.0 10.0 3790.0 915.0
8336.0 102703.0 3937.0 1200184.0 3543777.0 15.0 341001.0 19022.0 2833.0 6319475.0 49762551.5 133751961.0 9355601.0 2741881.0 18635279.0 15.0 1617.0 1909467.0 211985.0 708956.0 0.0 128.0 99693.0 396371.0 71381.0 7.0 49441.0 21.0 7037.0 1621.0
7698.0 53393.0 2585.0 430650.0 1100598.0 5.0 129237.0 8792.0 1416.0 1824087.0 11553816.5 30868505.0 2316725.0 709378.0 4529315.0 2.0 778.0 666808.0 50789.0 209281.0 0.0 26.0 44285.0 130734.0 25189.0 3.0 20839.0 4.0 3197.0 822.0
7562.0 42396.0 2411.0 306983.0 546761.0 10.0 83235.0 6316.0 1149.0 1354857.0 6112940.0 9161402.0 977983.0 509936.0 1842285.0 1.0 899.0 232365.0 32480.0 106167.0 0.0 52.0 18363.0 57049.0 11391.0 1.0 9751.0 9.0 1537.0 415.0
7618.0 56409.0 2547.0 509924.0 1124293.0 11.0 126859.0 8020.0 1281.0 2443591.0 14164866.0 26785111.0 2492495.0 877030.0 4070130.0 0.0 1455.0 478805.0 53398.0 213017.0 0.0 58.0 30762.0 105246.0 18160.0 5.0 13901.0 21.0 1889.0 594.0
7780.0 71788.0 2922.0 711852.0 2119807.0 15.0 187164.0 14610.0 1561.0 3317167.0 25896724.5 74398693.0 4142069.0 1366810.0 9000813.0 3.0 2410.0 1037868.0 90829.0 362426.0 0.0 130.0 181866.0 156835.0 33374.0 13.0 32281.0 25.0 3344.0 613.0
9193.0 362469.0 5376.0 3079728.0 66107814.0 22.0 1385222.0 48914.0 4301.0 11235772.0 410271557.0 11300446923.0 33212664.0 6563761.0 379551574.0 11.0 3521.0 18648183.0 1027936.0 1747747.0 0.0 202.0 1119205.0 1611713.0 253541.0 8.0 162182.0 49.0 12787.0 2932.0
7503.0 50841.0 2370.0 426112.0 1073295.0 6.0 108849.0 5223.0 1249.0 1954138.0 12101744.5 30742121.0 1774921.0 718497.0 3746417.0 2.0 562.0 253590.0 49119.0 131312.0 0.0 40.0 9862.0 82658.0 11244.0 1.0 9670.0 18.0 1629.0 580.0
9477.0 1188014.0 5684.0 5342824.0 550957911.0 11.0 3614678.0 42299.0 4608.0 11232999.0 1707962591.5 203196426117.0 54561593.0 8625924.0 2466515513.0 2.0 2692.0 40176429.0 2375488.0 1815488.0 0.0 72.0 510382.0 3725669.0 284457.0 3.0 136097.0 45.0 13700.0 3180.0
10032.0 1831205.0 6799.0 7033222.0 1081152494.0 20.0 5709703.0 68772.0 6375.0 14022980.0 2786881419.5 500743723002.0 66842772.0 11622715.0 4925803230.0 15.0 6139.0 84555910.0 3719717.0 2191634.0 0.0 184.0 1058266.0 6217847.0 572503.0 12.0 253904.0 74.0 27626.0 5454.0
10631.0 2122682.0 8522.0 8364597.0 1337418847.0 22.0 7226904.0 100512.0 11205.0 18511106.0 3386533066.0 664730354712.0 92416841.0 14907635.0 6554173292.0 8.0 5437.0 133000975.0 4788747.0 3424881.0 0.0 284.0 1773929.0 9735804.0 975908.0 25.0 496185.0 136.0 51467.0 18070.0
8003.0 85319.0 3366.0 914080.0 2966737.0 16.0 257161.0 14943.0 2547.0 4440884.0 36747803.5 126196460.0 6741062.0 1795361.0 14087932.0 7.0 1604.0 1239551.0 140714.0 553278.0 0.0 114.0 90174.0 330215.0 42997.0 8.0 43025.0 21.0 5657.0 2122.0
7355.0 31544.0 2100.0 156548.0 229884.0 8.0 51474.0 5024.0 889.0 449235.0 1646783.5 1936049.0 385336.0 201361.0 613562.0 2.0 246.0 119434.0 15944.0 58238.0 0.0 16.0 16588.0 28760.0 8346.0 2.0 7927.0 7.0 1202.0 299.0
8187.0 107927.0 3599.0 1234243.0 4456355.0 8.0 362634.0 15608.0 2631.0 5774709.0 56016876.5 195769723.0 11477059.0 2527757.0 23531161.0 0.0 1148.0 2175115.0 220467.0 662805.0 0.0 42.0 79811.0 487593.0 66075.0 2.0 45538.0 18.0 6297.0 1792.0
7955.0 73198.0 3025.0 715832.0 1833494.0 8.0 205736.0 12340.0 1744.0 3437184.0 23044528.5 49732051.0 4592455.0 1382802.0 8582864.0 7.0 1028.0 1138249.0 114340.0 360437.0 0.0 60.0 122857.0 200442.0 34994.0 1.0 32123.0 14.0 3013.0 883.0
8570.0 156355.0 4788.0 1798209.0 8826014.0 21.0 651451.0 41685.0 4643.0 8302094.0 100053071.5 503013160.0 20632131.0 4105206.0 55418685.0 6.0 2850.0 7991853.0 408287.0 1415727.0 0.0 148.0 639649.0 991098.0 214473.0 10.0 176381.0 76.0 21964.0 4164.0
8435.0 189917.0 4207.0 2048181.0 17810727.0 5.0 699068.0 24229.0 3660.0 8827527.0 155786187.5 1794231958.0 23268763.0 4139821.0 97181248.0 10.0 663.0 5757400.0 457093.0 1197869.0 0.0 10.0 163767.0 1011059.0 127031.0 0.0 88739.0 12.0 10829.0 3243.0
8144.0 108312.0 3648.0 1359265.0 3870811.0 6.0 366262.0 20121.0 3006.0 7081263.0 55678059.0 142885913.0 13242214.0 2606372.0 19329569.0 2.0 880.0 2418133.0 191853.0 907871.0 0.0 38.0 170458.0 577951.0 72657.0 2.0 63517.0 17.0 8245.0 2725.0
9455.0 1095273.0 5785.0 5462569.0 459650040.0 8.0 3558980.0 76391.0 4828.0 12989496.0 1499285020.5 158259538124.0 61953659.0 9115104.0 2162372452.0 0.0 3946.0 77263960.0 2143793.0 2241764.0 0.0 62.0 2275187.0 3680388.0 582333.0 1.0 259680.0 23.0 21084.0 3616.0
8359.0 108967.0 4033.0 1311243.0 4360347.0 19.0 394081.0 19844.0 3224.0 7032558.0 57090217.5 207664795.0 11479381.0 2986210.0 25365407.0 7.0 3412.0 2393436.0 262418.0 819194.0 0.0 254.0 132086.0 546511.0 79939.0 14.0 61579.0 80.0 7750.0 2409.0
8768.0 382959.0 4638.0 3227018.0 56771543.0 10.0 1316088.0 89562.0 3525.0 10178379.0 389701483.5 7094649926.0 51562601.0 5759171.0 275902139.0 1.0 1986.0 28247579.0 753512.0 2071904.0 0.0 42.0 6415448.0 1432522.0 277314.0 8.0 291632.0 32.0 17178.0 2215.0
8465.0 161668.0 4789.0 1522249.0 14177850.0 9.0 666577.0 40161.0 4827.0 6372512.0 108483212.5 1374517632.0 13533197.0 3661915.0 89559557.0 10.0 1538.0 8378754.0 435404.0 1093782.0 0.0 102.0 487183.0 1006950.0 200340.0 3.0 155591.0 39.0 24217.0 4664.0
10828.0 3373334.0 7203.0 11109169.0 2346390352.0 11.0 9581703.0 315500.0 5195.0 14806563.0 5381244649.5 1.30311328821e+12 458959114.0 15383101.0 9275877917.0 0.0 15191.0 598061103.0 4997710.0 3129155.0 0.0 46.0 65841216.0 7936838.0 1208703.0 3.0 1001766.0 21.0 20383.0 2998.0
8668.0 430985.0 4233.0 3153324.0 92856735.0 13.0 1368636.0 33531.0 2899.0 9444381.0 489025329.5 17602721424.0 42282157.0 5365448.0 429065977.0 0.0 1938.0 18724270.0 846479.0 1443454.0 0.0 64.0 802080.0 1388697.0 167322.0 16.0 106812.0 53.0 8350.0 1643.0
8594.0 218051.0 4480.0 2112190.0 25317608.0 10.0 761807.0 25597.0 3849.0 8548295.0 191677188.0 3000981468.0 22042669.0 4303537.0 129739775.0 7.0 1855.0 6386631.0 497030.0 1198850.0 0.0 70.0 199987.0 994624.0 130309.0 1.0 84710.0 30.0 10469.0 3201.0
8265.0 97943.0 3948.0 1024537.0 3980302.0 9.0 328605.0 18980.0 3105.0 4786496.0 45973390.0 194632569.0 7992833.0 2254271.0 21034463.0 10.0 1865.0 2214444.0 197627.0 613841.0 0.0 108.0 124871.0 424976.0 76828.0 10.0 55713.0 17.0 7457.0 2279.0
10857.0 1719492.0 9388.0 9424316.0 705211041.0 8.0 7022785.0 268036.0 10990.0 21023540.0 2623985535.0 244829723562.0 395891121.0 17747736.0 3885274587.0 1.0 3181.0 309076658.0 4545731.0 5740873.0 0.0 56.0 22931619.0 10103533.0 1583596.0 1.0 1346367.0 36.0 101021.0 11444.0
9339.0 510863.0 6316.0 4178446.0 109691056.0 27.0 2072984.0 64336.0 7615.0 14319366.0 607088926.0 21633350681.0 73309141.0 8363723.0 627264868.0 20.0 5187.0 33049667.0 1386213.0 2783898.0 0.0 232.0 1058105.0 3431700.0 444891.0 19.0 307313.0 115.0 37454.0 9532.0
9595.0 681651.0 7195.0 5332818.0 163783447.0 7.0 2869897.0 118962.0 9603.0 16674116.0 851376416.5 36388638182.0 108629300.0 10497961.0 951963112.0 0.0 1756.0 73938526.0 1776987.0 3989897.0 0.0 24.0 4622135.0 4886419.0 782625.0 6.0 573257.0 31.0 55725.0 13876.0
9017.0 220554.0 6374.0 2987656.0 14215767.0 28.0 1088444.0 66943.0 8854.0 14468593.0 181264116.5 950946266.0 45583077.0 7070432.0 101317565.0 2.0 4614.0 13459801.0 721535.0 3068365.0 0.0 278.0 962694.0 2398224.0 392505.0 24.0 335379.0 140.0 44861.0 12669.0
12362.0 2046657.0 15435.0 14657556.0 588838921.0 24.0 10501476.0 1152991.0 24777.0 35784427.0 3248453138.5 133749928860.0 910627507.0 29063552.0 3819279420.0 2.0 3882.0 749658545.0 6121613.0 18307100.0 0.0 192.0 188286977.0 19983345.0 3882422.0 24.0 6094052.0 163.0 626674.0 34597.0
7478.0 49595.0 2241.0 375386.0 1349324.0 8.0 106933.0 4922.0 922.0 1476775.0 12834668.0 52154369.0 1470345.0 614623.0 5458568.0 2.0 781.0 313382.0 52046.0 111629.0 0.0 38.0 8882.0 72586.0 9886.0 3.0 6967.0 13.0 1040.0 269.0
7833.0 82237.0 2759.0 866697.0 2927982.0 6.0 215581.0 10663.0 1382.0 4192559.0 35838396.5 123714862.0 5593073.0 1554980.0 12784156.0 2.0 1033.0 1035610.0 110467.0 369362.0 0.0 42.0 50676.0 185838.0 33721.0 4.0 20966.0 17.0 2341.0 528.0
7764.0 67515.0 2721.0 637404.0 1849605.0 13.0 172855.0 9200.0 1360.0 2927536.0 22113667.5 59327926.0 3406320.0 1208107.0 8355629.0 2.0 1485.0 770705.0 96140.0 246435.0 0.0 98.0 55539.0 144250.0 26355.0 4.0 17439.0 35.0 1957.0 517.0
8414.0 220761.0 3832.0 2071894.0 25342510.0 10.0 720547.0 21701.0 2470.0 7712613.0 194228415.0 2852987290.0 21961233.0 3860450.0 124832062.0 3.0 3292.0 6540472.0 453396.0 983441.0 0.0 92.0 223676.0 756824.0 109934.0 3.0 60582.0 12.0 5514.0 1331.0
7661.0 49224.0 2403.0 406260.0 767298.0 2.0 104002.0 6990.0 1138.0 1821492.0 9462652.5 14422151.0 1786638.0 666328.0 2698083.0 0.0 104.0 322420.0 42978.0 156824.0 0.0 4.0 25391.0 76164.0 13531.0 0.0 12646.0 2.0 1737.0 436.0
8789.0 211187.0 5256.0 2588914.0 13723158.0 7.0 881839.0 57906.0 5870.0 10962501.0 163832796.5 832541543.0 40480397.0 5032309.0 78263234.0 1.0 1100.0 11614249.0 479028.0 2423601.0 0.0 32.0 1161466.0 1671874.0 238856.0 1.0 248259.0 11.0 33896.0 6857.0
9099.0 518203.0 5633.0 3830446.0 114428124.0 13.0 2002606.0 80259.0 5187.0 11867556.0 578344366.0 22940370504.0 56053506.0 7572435.0 631835265.0 1.0 2385.0 46689571.0 1301195.0 2255595.0 0.0 66.0 3503470.0 2496065.0 470592.0 8.0 310931.0 41.0 20553.0 4236.0
10513.0 2166440.0 7604.0 8259224.0 1366856593.0 7.0 7029733.0 105596.0 7422.0 16311581.0 3396561453.5 682657543710.0 97692756.0 13930774.0 6417163787.0 5.0 1238.0 154815529.0 4464562.0 2692174.0 0.0 74.0 3311748.0 7783993.0 944424.0 1.0 432133.0 32.0 35320.0 6878.0
9537.0 241260.0 7170.0 3591082.0 13941085.0 11.0 1204741.0 75092.0 9624.0 18385355.0 215309399.5 763381446.0 57683170.0 8714861.0 97618498.0 10.0 1887.0 13811697.0 825216.0 3900460.0 0.0 46.0 1162296.0 2731374.0 388552.0 1.0 373378.0 49.0 51642.0 13369.0
7900.0 89622.0 3153.0 1006840.0 3000255.0 16.0 281246.0 13849.0 2107.0 5061068.0 39844771.5 105742047.0 7940101.0 2029798.0 15053555.0 11.0 2939.0 1591617.0 158201.0 538162.0 0.0 114.0 65298.0 323587.0 57199.0 18.0 35930.0 54.0 4660.0 1220.0
8900.0 396254.0 4852.0 3396228.0 64021278.0 8.0 1396267.0 75332.0 4144.0 11126862.0 413103966.5 9470122737.0 53983905.0 5981664.0 309048320.0 0.0 2254.0 33595259.0 756899.0 2169996.0 0.0 32.0 4276205.0 1743969.0 280223.0 6.0 279121.0 18.0 21030.0 3588.0
7842.0 97687.0 2951.0 938519.0 4878526.0 5.0 278335.0 12006.0 1589.0 3947688.0 48068438.5 263523563.0 7094469.0 1736707.0 22359779.0 3.0 489.0 1743232.0 151755.0 423057.0 0.0 46.0 71500.0 249744.0 45333.0 4.0 26849.0 19.0 2950.0 623.0
8843.0 135800.0 5741.0 1923760.0 4763646.0 30.0 598469.0 58312.0 6420.0 11813148.0 77353819.5 178777758.0 20056776.0 4910519.0 30763103.0 25.0 4145.0 5474758.0 399038.0 2132561.0 0.0 266.0 1395456.0 1089069.0 182379.0 20.0 252359.0 107.0 29537.0 6683.0
12412.0 4265572.0 12130.0 14578373.0 3383192968.0 9.0 15403955.0 675652.0 14473.0 26239075.0 7137413833.5 2.18328495903e+12 225927452.0 26611454.0 16823119230.0 7.0 1431.0 1166855921.0 9080152.0 6374894.0 0.0 72.0 164969907.0 19307554.0 3489383.0 2.0 2826796.0 50.0 110376.0 16457.0
9278.0 260879.0 6508.0 3259647.0 22356818.0 11.0 1271329.0 58021.0 8376.0 15421923.0 241316842.0 1942467652.0 51657290.0 7806088.0 160436699.0 5.0 1914.0 15317107.0 954421.0 2900593.0 0.0 58.0 627311.0 2586701.0 366408.0 4.0 283049.0 49.0 36234.0 11253.0
8647.0 144324.0 4960.0 1981761.0 5962432.0 24.0 612513.0 37559.0 5402.0 10804376.0 89953577.5 254138702.0 23627427.0 4419609.0 37394167.0 7.0 4340.0 5103203.0 382049.0 1768790.0 0.0 320.0 380825.0 1188512.0 159834.0 11.0 149097.0 96.0 22908.0 6047.0
8940.0 281045.0 5730.0 2999116.0 28982187.0 11.0 1244174.0 60406.0 6008.0 12048789.0 257693570.0 2822355170.0 46920571.0 6736266.0 185347774.0 6.0 2562.0 19640427.0 833649.0 2294586.0 0.0 78.0 1108634.0 2002271.0 386619.0 5.0 262281.0 44.0 27662.0 5886.0
7784.0 74400.0 2822.0 684327.0 2929822.0 2.0 197482.0 11548.0 1578.0 2991553.0 29573398.0 146833146.0 3988055.0 1261758.0 13208525.0 6.0 98.0 992978.0 104646.0 302034.0 0.0 6.0 103156.0 184060.0 26516.0 0.0 25609.0 1.0 2591.0 885.0
7623.0 80303.0 2564.0 662370.0 4317238.0 0.0 210598.0 12575.0 1299.0 2585337.0 34937208.5 275101284.0 3053548.0 1191902.0 19036890.0 0.0 0.0 1889949.0 101058.0 246283.0 0.0 0.0 171126.0 168374.0 38840.0 0.0 28917.0 0.0 2906.0 535.0
8877.0 237879.0 5161.0 2357663.0 30392642.0 21.0 889058.0 33790.0 4929.0 9967073.0 235355894.5 3946809790.0 24527209.0 5127827.0 166957111.0 24.0 4199.0 7025724.0 626735.0 1538215.0 0.0 314.0 272046.0 1316854.0 152975.0 15.0 121467.0 78.0 17794.0 4232.0
8268.0 222911.0 3896.0 1739279.0 32025051.0 5.0 730678.0 19935.0 2982.0 5688737.0 194064648.5 4315986775.0 15192100.0 3357057.0 156083623.0 5.0 1931.0 5350332.0 496273.0 787786.0 0.0 18.0 143852.0 845703.0 88722.0 2.0 59294.0 13.0 7693.0 2157.0
7657.0 51635.0 2523.0 448205.0 826221.0 12.0 112565.0 7462.0 1124.0 2241099.0 10546162.5 15907740.0 1908447.0 772551.0 3027842.0 11.0 1922.0 400821.0 46510.0 170412.0 0.0 116.0 31597.0 79721.0 16626.0 5.0 12632.0 12.0 1658.0 350.0
8154.0 99753.0 3493.0 1018987.0 4421867.0 15.0 304418.0 20128.0 2192.0 4652813.0 48951533.5 215682278.0 7480536.0 2040653.0 20935861.0 5.0 2050.0 2210422.0 164769.0 592382.0 0.0 118.0 296139.0 305140.0 61300.0 8.0 56502.0 39.0 5389.0 1190.0
10967.0 1671732.0 9839.0 9424393.0 656825748.0 16.0 6979427.0 315348.0 11930.0 22306979.0 2512931786.0 213919222199.0 358852610.0 18231829.0 3743890906.0 5.0 5408.0 350361810.0 4443524.0 6479369.0 0.0 144.0 32960964.0 10131221.0 1842179.0 7.0 1476362.0 69.0 98162.0 13642.0
7460.0 45045.0 2534.0 346264.0 758847.0 13.0 108558.0 7495.0 1659.0 1489320.0 8267921.0 16793212.0 1577048.0 640868.0 3086126.0 1.0 1029.0 358408.0 50443.0 154794.0 0.0 76.0 23040.0 117548.0 15926.0 5.0 16934.0 50.0 3110.0 1128.0
9604.0 223532.0 7568.0 3372817.0 11985608.0 31.0 1156743.0 73738.0 10521.0 19260526.0 187604489.5 629326644.0 51627667.0 8726585.0 89964613.0 3.0 5211.0 13101030.0 818657.0 3780815.0 0.0 320.0 925736.0 2662134.0 411456.0 21.0 367623.0 163.0 56751.0 13911.0
7856.0 66504.0 2874.0 650552.0 1495688.0 12.0 172702.0 11907.0 1587.0 3332223.0 19597857.5 40202015.0 3463212.0 1282573.0 6390554.0 6.0 1524.0 914248.0 81518.0 300207.0 0.0 90.0 78581.0 147850.0 32305.0 4.0 25942.0 30.0 2925.0 689.0
8399.0 360430.0 3751.0 2653099.0 64228223.0 13.0 1099150.0 27905.0 2252.0 7754057.0 367474335.0 9934889555.0 36286319.0 4395814.0 285071429.0 6.0 4257.0 13373066.0 644004.0 1168995.0 0.0 34.0 447306.0 980322.0 158096.0 6.0 77357.0 20.0 6676.0 1072.0
9731.0 815702.0 7248.0 5007818.0 280405960.0 8.0 3166085.0 71272.0 8830.0 15197151.0 1121703381.0 81408202890.0 63146401.0 10273511.0 1565703642.0 3.0 1555.0 51863930.0 2313893.0 2737052.0 0.0 32.0 1381665.0 4824830.0 528422.0 6.0 316601.0 22.0 33661.0 10745.0
7989.0 87074.0 3223.0 1011078.0 2423611.0 3.0 260760.0 17732.0 2076.0 5081990.0 36268299.0 66023897.0 7846769.0 1943057.0 11042723.0 2.0 337.0 1485381.0 136433.0 609416.0 0.0 28.0 223765.0 315362.0 43706.0 0.0 49997.0 6.0 4211.0 1313.0
11387.0 876003.0 14656.0 9239299.0 160536131.0 51.0 5740159.0 457805.0 31247.0 36857152.0 1188232551.0 26478590873.0 290994698.0 24236337.0 1357858834.0 46.0 13999.0 232339488.0 4124072.0 13132397.0 0.0 752.0 29420119.0 15531193.0 2749967.0 51.0 3354741.0 464.0 376552.0 62745.0
7990.0 94544.0 3078.0 1051876.0 3593298.0 8.0 270774.0 10576.0 1971.0 4959692.0 45967284.5 151181006.0 8336428.0 1958037.0 15632763.0 0.0 1330.0 1097019.0 152247.0 469627.0 0.0 42.0 32920.0 329998.0 33978.0 2.0 26066.0 28.0 4187.0 1326.0
8871.0 175276.0 4955.0 2167532.0 11098862.0 11.0 700974.0 33261.0 4464.0 10731555.0 131472332.0 762984293.0 25709928.0 4867193.0 66140052.0 4.0 1642.0 6257853.0 465358.0 1550219.0 0.0 56.0 290815.0 1081957.0 170783.0 5.0 122845.0 36.0 16672.0 3769.0
8618.0 273796.0 4396.0 2100456.0 47542931.0 10.0 938757.0 22873.0 3450.0 7058179.0 273854322.0 7548886058.0 17264895.0 4158032.0 248845016.0 5.0 1748.0 7105220.0 680983.0 973137.0 0.0 100.0 141162.0 1068368.0 101971.0 4.0 65577.0 20.0 9612.0 2283.0
7857.0 50888.0 2757.0 436032.0 661219.0 8.0 108627.0 7532.0 1391.0 2253515.0 8846739.0 10171191.0 1801261.0 750801.0 2285176.0 2.0 474.0 271072.0 46973.0 174051.0 0.0 22.0 20174.0 82928.0 14846.0 2.0 12805.0 15.0 1858.0 611.0
7907.0 78161.0 3205.0 900115.0 1833941.0 5.0 226837.0 12989.0 2157.0 4840154.0 28599041.5 45751376.0 6482402.0 1733670.0 8304111.0 2.0 508.0 1008939.0 114921.0 486912.0 0.0 36.0 55777.0 277124.0 41656.0 0.0 31089.0 13.0 4412.0 1326.0
8566.0 151422.0 4247.0 1903350.0 7624584.0 8.0 584748.0 28377.0 3774.0 9322176.0 99801197.5 374717317.0 23279491.0 3875746.0 43382751.0 11.0 1475.0 5005008.0 357348.0 1356485.0 0.0 70.0 271247.0 950261.0 130764.0 2.0 109719.0 25.0 14733.0 3663.0
7963.0 125248.0 3026.0 1219930.0 9013421.0 9.0 374077.0 12955.0 1728.0 5085568.0 79220177.0 695358290.0 9778244.0 2209154.0 42681677.0 0.0 1616.0 2733761.0 212167.0 513093.0 0.0 72.0 87708.0 359688.0 57958.0 1.0 31324.0 18.0 3387.0 839.0
8168.0 119465.0 3675.0 1398089.0 5675109.0 8.0 392048.0 20832.0 2676.0 6803435.0 69113267.0 295657645.0 12957887.0 2752983.0 27952346.0 11.0 896.0 2507832.0 219564.0 940925.0 0.0 72.0 149032.0 502633.0 77391.0 2.0 60099.0 22.0 8108.0 1726.0
9095.0 477052.0 5288.0 3990234.0 97688234.0 5.0 1767385.0 56293.0 4853.0 13539002.0 564507560.5 18513075579.0 67349550.0 7351552.0 511841498.0 0.0 242.0 26895715.0 1132138.0 2416919.0 0.0 12.0 1220778.0 2389436.0 319607.0 2.0 226948.0 13.0 23725.0 4334.0
9124.0 338150.0 5688.0 3458916.0 46629445.0 4.0 1385088.0 49964.0 5896.0 13616278.0 362558934.5 6290043250.0 55391007.0 7159494.0 275086904.0 4.0 1007.0 18431695.0 931920.0 2498294.0 0.0 12.0 630935.0 2198922.0 309651.0 1.0 215080.0 3.0 25595.0 5800.0
8333.0 175483.0 4147.0 1688281.0 16779789.0 5.0 624255.0 23120.0 3623.0 6540599.0 137674562.5 1624788875.0 17355507.0 3470779.0 89053659.0 3.0 362.0 5171520.0 411605.0 954571.0 0.0 52.0 173672.0 891276.0 100384.0 1.0 76088.0 12.0 10767.0 2972.0
9330.0 203193.0 6857.0 2880978.0 10729436.0 21.0 1015166.0 71680.0 9882.0 15067798.0 157880557.0 557700221.0 42455236.0 7117305.0 76838615.0 6.0 3475.0 10088758.0 707761.0 3291425.0 0.0 240.0 1264352.0 2419435.0 315460.0 13.0 374967.0 124.0 50222.0 15773.0
8935.0 279453.0 5323.0 3051245.0 31691219.0 20.0 1125700.0 42530.0 5291.0 12664647.0 276143861.0 3617534073.0 46633571.0 6315690.0 181858123.0 17.0 3692.0 12958911.0 752511.0 2189374.0 0.0 124.0 492991.0 1816503.0 231320.0 9.0 178691.0 65.0 22558.0 4967.0
9111.0 266419.0 5848.0 3228261.0 25349849.0 24.0 1163386.0 44198.0 6670.0 14383647.0 259145556.0 2490973183.0 51259095.0 7084755.0 155938916.0 11.0 6131.0 11647716.0 821057.0 2557546.0 0.0 216.0 361524.0 2217392.0 267650.0 20.0 202740.0 102.0 29530.0 7905.0
8018.0 119966.0 3573.0 1252156.0 6679691.0 6.0 433456.0 23988.0 2898.0 5310857.0 66210756.0 406102118.0 12741836.0 2515603.0 36492161.0 3.0 474.0 4241495.0 255920.0 857695.0 0.0 28.0 279142.0 591472.0 103748.0 1.0 84504.0 15.0 8624.0 2196.0
8291.0 133482.0 3834.0 1495433.0 7862003.0 14.0 436548.0 18050.0 2708.0 7032114.0 88086174.0 488906847.0 13478464.0 3031792.0 39922446.0 1.0 2438.0 2832477.0 266840.0 830428.0 0.0 138.0 96352.0 511510.0 70991.0 8.0 47673.0 31.0 6808.0 1631.0
8978.0 302591.0 5534.0 3327239.0 31564155.0 8.0 1298542.0 54835.0 5760.0 13279390.0 298494375.5 2947962950.0 57484092.0 6979764.0 194598211.0 7.0 1885.0 19578638.0 850402.0 2460034.0 0.0 82.0 925793.0 2114147.0 353221.0 3.0 242398.0 39.0 26443.0 5690.0
7769.0 44046.0 2757.0 301288.0 547920.0 6.0 91481.0 6742.0 1400.0 1219780.0 5715660.0 8940835.0 1029446.0 525984.0 1956019.0 0.0 270.0 260969.0 36983.0 107894.0 0.0 14.0 17768.0 64758.0 13764.0 1.0 10634.0 5.0 1510.0 575.0
10314.0 1078627.0 8759.0 6677665.0 416760924.0 11.0 4505441.0 114711.0 12933.0 20327189.0 1564456135.0 137654093647.0 118883082.0 13810402.0 2438432159.0 4.0 979.0 91023754.0 3213880.0 4511447.0 0.0 94.0 2276787.0 7900905.0 954453.0 1.0 627147.0 36.0 70355.0 20947.0
10264.0 650340.0 8981.0 6224753.0 135329557.0 28.0 3148478.0 140517.0 12710.0 23720723.0 878241766.0 26668053024.0 138333404.0 14262639.0 892822282.0 12.0 8524.0 74179482.0 2241133.0 5972794.0 0.0 314.0 4685839.0 6136791.0 978499.0 17.0 775152.0 151.0 78130.0 17739.0
9362.0 425906.0 6983.0 3650962.0 82506440.0 16.0 1981852.0 91156.0 9265.0 14406859.0 456630378.0 15262438400.0 47875848.0 8382869.0 545644802.0 20.0 2105.0 38760132.0 1445185.0 2975574.0 0.0 104.0 2508081.0 3515305.0 569342.0 7.0 444835.0 56.0 46216.0 13117.0
8080.0 287202.0 3360.0 2151207.0 45605226.0 3.0 849889.0 19326.0 1952.0 6379962.0 264541259.0 6572270399.0 23940236.0 3578379.0 199795790.0 2.0 59.0 8478162.0 499296.0 882098.0 0.0 8.0 208407.0 714888.0 108082.0 0.0 49402.0 7.0 4301.0 860.0
9137.0 267835.0 6062.0 3276965.0 22462441.0 18.0 1230553.0 69384.0 7480.0 14632318.0 244196811.5 1807092283.0 54949625.0 7151818.0 144278411.0 20.0 3765.0 17932802.0 790265.0 2954393.0 0.0 202.0 1440515.0 2434818.0 360518.0 8.0 337018.0 79.0 39310.0 9214.0
8858.0 219756.0 5399.0 2635214.0 15971551.0 10.0 966329.0 54814.0 5592.0 11862422.0 179646174.5 1094713047.0 37443196.0 5953548.0 101470400.0 8.0 1034.0 13134642.0 632632.0 2251406.0 0.0 86.0 954575.0 1571297.0 294994.0 1.0 237458.0 25.0 26573.0 5338.0
8189.0 186982.0 3432.0 1776505.0 18250613.0 3.0 585141.0 15803.0 2088.0 6678523.0 151154620.5 1654260159.0 18760305.0 3220724.0 86716239.0 1.0 831.0 4476416.0 367195.0 779349.0 0.0 14.0 119621.0 585050.0 70418.0 0.0 42838.0 6.0 4420.0 1011.0
7611.0 68571.0 2391.0 567934.0 2483300.0 7.0 160297.0 6648.0 1138.0 2151259.0 23165631.0 102371990.0 3373199.0 907879.0 9564235.0 3.0 748.0 743352.0 74046.0 198994.0 0.0 46.0 25903.0 132861.0 18677.0 1.0 12762.0 15.0 1572.0 454.0
7416.0 40907.0 2152.0 303688.0 560039.0 3.0 77295.0 5745.0 851.0 1362534.0 6313245.5 10650846.0 1028647.0 464815.0 1870436.0 1.0 178.0 204340.0 28794.0 111902.0 0.0 14.0 16510.0 45339.0 9924.0 0.0 7807.0 5.0 950.0 293.0
9895.0 519522.0 8817.0 5525194.0 71673148.0 12.0 2679516.0 182025.0 13966.0 20548319.0 599033558.5 8871869912.0 137175469.0 12244733.0 489771962.0 14.0 2638.0 73067255.0 1714874.0 6107459.0 0.0 118.0 8568309.0 5969460.0 895325.0 8.0 1019447.0 73.0 117185.0 21486.0
9063.0 690285.0 5364.0 4159048.0 217834676.0 5.0 2338742.0 54866.0 5136.0 11402402.0 871439022.5 58143216465.0 50980752.0 7430745.0 1059415382.0 1.0 3692.0 35327643.0 1486822.0 1993516.0 0.0 14.0 1029858.0 2856277.0 348965.0 2.0 217642.0 8.0 23461.0 4791.0
8160.0 119735.0 3369.0 1221664.0 7867361.0 4.0 361517.0 11397.0 1991.0 5462450.0 74218101.5 592982595.0 9474344.0 2377503.0 38317792.0 2.0 381.0 1951266.0 226856.0 490544.0 0.0 30.0 46084.0 359403.0 42970.0 0.0 26603.0 10.0 2871.0 973.0
10199.0 782907.0 8716.0 7058679.0 155420071.0 7.0 3614775.0 245179.0 11616.0 22664113.0 1051380722.5 26923878296.0 199984549.0 14376229.0 962130771.0 5.0 2948.0 119065494.0 2205509.0 6601640.0 0.0 54.0 17870258.0 6352378.0 1243432.0 0.0 1222199.0 13.0 103582.0 14854.0
8044.0 116045.0 3100.0 1100638.0 8333475.0 7.0 330956.0 12119.0 1651.0 4636315.0 73066020.5 677331238.0 6956901.0 2030952.0 39141455.0 10.0 868.0 1868864.0 200504.0 447638.0 0.0 46.0 78067.0 292600.0 39849.0 2.0 24017.0 20.0 2594.0 662.0
8099.0 92498.0 3452.0 1041465.0 3170925.0 13.0 284419.0 17715.0 2302.0 5374719.0 41497384.5 128032729.0 7621422.0 2122606.0 15752247.0 7.0 1655.0 1775174.0 158986.0 594881.0 0.0 90.0 149223.0 315287.0 54086.0 3.0 46852.0 38.0 5054.0 1266.0
7993.0 132902.0 3095.0 1245231.0 10502034.0 3.0 393608.0 14845.0 1765.0 4931291.0 86505340.0 882563129.0 9946164.0 2255028.0 48668133.0 1.0 323.0 2929081.0 223203.0 553550.0 0.0 34.0 112878.0 381542.0 61308.0 1.0 35000.0 7.0 3474.0 872.0
9971.0 867914.0 7972.0 5906676.0 229309962.0 8.0 3515973.0 331480.0 8908.0 16307210.0 1102734674.0 51220187704.0 92272405.0 11927856.0 1270372350.0 8.0 1785.0 125715783.0 2407709.0 4788728.0 0.0 26.0 60297653.0 4765578.0 752387.0 0.0 1347342.0 23.0 62944.0 8659.0
7716.0 57304.0 2697.0 531652.0 1116643.0 10.0 135803.0 8667.0 1473.0 2691695.0 14395030.5 27248045.0 2564226.0 981097.0 4241882.0 6.0 1779.0 440633.0 60896.0 231145.0 0.0 76.0 27235.0 117924.0 22115.0 6.0 16947.0 15.0 2518.0 676.0
8735.0 279278.0 4735.0 2680489.0 34032454.0 7.0 1083899.0 48607.0 3891.0 10189858.0 262121519.0 3757179376.0 38304618.0 5422573.0 190839584.0 1.0 1069.0 18594193.0 707032.0 1694819.0 0.0 38.0 1488296.0 1371081.0 237505.0 2.0 189750.0 18.0 12881.0 2799.0
8345.0 142525.0 3971.0 1587412.0 8797498.0 8.0 496770.0 28458.0 2909.0 7253604.0 93494526.0 583425993.0 15242682.0 3264647.0 46784146.0 10.0 1193.0 4966705.0 299177.0 1065498.0 0.0 64.0 421292.0 594886.0 108881.0 2.0 86402.0 27.0 9363.0 1838.0
8830.0 209092.0 5250.0 2541040.0 15500047.0 8.0 843423.0 46567.0 5021.0 11596587.0 176578549.5 1134068640.0 33480206.0 5553728.0 91409088.0 4.0 1301.0 8084093.0 571655.0 2110850.0 0.0 56.0 785834.0 1324768.0 190516.0 2.0 182790.0 28.0 21046.0 4463.0
9137.0 228059.0 6258.0 2911998.0 17106365.0 34.0 1068857.0 55746.0 7786.0 14278585.0 194499182.5 1341072369.0 44404400.0 6837383.0 115394988.0 10.0 8524.0 12043486.0 749401.0 2856212.0 0.0 326.0 626599.0 2135139.0 305620.0 46.0 255061.0 205.0 38440.0 9555.0
8859.0 593961.0 4579.0 3953131.0 159765144.0 8.0 1791081.0 40380.0 3381.0 10915206.0 746071238.5 37133189496.0 57722608.0 6347503.0 688079260.0 0.0 1446.0 24751574.0 1023070.0 1798743.0 0.0 38.0 764009.0 1864068.0 241218.0 3.0 127239.0 23.0 11588.0 2215.0
8625.0 251627.0 4891.0 2373704.0 31846264.0 7.0 925796.0 33924.0 5426.0 9139599.0 229636310.0 4036725900.0 28254639.0 4838771.0 168902358.0 6.0 2427.0 9931993.0 596176.0 1549567.0 0.0 42.0 407078.0 1411768.0 172313.0 4.0 125892.0 10.0 17534.0 7086.0
7729.0 69005.0 2590.0 591834.0 2800296.0 2.0 174094.0 7026.0 1204.0 2536911.0 25923990.0 147081648.0 2880306.0 1108920.0 12472256.0 6.0 324.0 608327.0 101656.0 187687.0 0.0 14.0 20571.0 138863.0 16787.0 0.0 11435.0 2.0 1610.0 417.0
8017.0 93141.0 3328.0 933053.0 4409992.0 3.0 264959.0 14004.0 2484.0 4272692.0 45962992.0 256425995.0 6183260.0 1758062.0 19942889.0 1.0 150.0 1306645.0 142705.0 512223.0 0.0 14.0 75267.0 290485.0 38612.0 0.0 36135.0 4.0 5529.0 2358.0
8715.0 443683.0 4784.0 3012208.0 100261205.0 5.0 1492588.0 58194.0 3880.0 8827014.0 480503708.5 19942152328.0 28991566.0 5637252.0 484185121.0 5.0 1610.0 31230052.0 904873.0 1538941.0 0.0 32.0 2586303.0 1609830.0 274254.0 0.0 194215.0 11.0 11364.0 2689.0
8453.0 145339.0 4573.0 1817675.0 6961184.0 7.0 564811.0 32647.0 4849.0 8985249.0 89519989.0 344627664.0 21620255.0 3734093.0 39896864.0 0.0 692.0 4881667.0 321738.0 1388181.0 0.0 28.0 438333.0 1047214.0 131748.0 2.0 125662.0 16.0 16721.0 5530.0
8844.0 208987.0 5239.0 2615243.0 14313666.0 16.0 871286.0 55544.0 5287.0 12148008.0 168406108.0 957224827.0 35921461.0 5620278.0 85412588.0 2.0 3068.0 11235916.0 543730.0 2155921.0 0.0 100.0 1390404.0 1478876.0 240548.0 19.0 221347.0 52.0 23877.0 5113.0
8694.0 255456.0 4716.0 2628367.0 28107606.0 14.0 981299.0 32009.0 4348.0 10496021.0 241334561.5 2893470866.0 36842657.0 5352720.0 159176463.0 3.0 2169.0 10702083.0 668830.0 1560357.0 0.0 106.0 367588.0 1435574.0 179784.0 6.0 123581.0 56.0 13283.0 3701.0
8631.0 243630.0 4673.0 2606454.0 26389941.0 18.0 905730.0 35479.0 4449.0 10477555.0 226530006.0 2974695508.0 33536463.0 4971315.0 141633254.0 0.0 2971.0 9192990.0 552191.0 1774173.0 0.0 124.0 350670.0 1380882.0 185241.0 9.0 132862.0 30.0 15753.0 4615.0
8527.0 157935.0 4450.0 1656154.0 12671571.0 9.0 607402.0 30781.0 3832.0 7642643.0 111617097.5 1145539068.0 15308574.0 3787016.0 74714864.0 7.0 907.0 6323170.0 404853.0 1067487.0 0.0 48.0 380350.0 842522.0 150392.0 2.0 106146.0 18.0 12402.0 3033.0
10937.0 768103.0 12783.0 8535539.0 139638609.0 49.0 4723435.0 270149.0 27354.0 34636597.0 1062753748.0 24562699905.0 258515096.0 20725260.0 1122173564.0 16.0 12410.0 136988635.0 3261497.0 11340739.0 0.0 602.0 9664893.0 13546540.0 2066934.0 72.0 1947729.0 506.0 255477.0 59682.0
7480.0 40225.0 2285.0 299001.0 459996.0 8.0 79395.0 5922.0 1070.0 1354869.0 5361922.0 6526416.0 1143112.0 479145.0 1509330.0 0.0 919.0 191965.0 31350.0 123834.0 0.0 54.0 18966.0 61440.0 10593.0 3.0 10370.0 19.0 1405.0 435.0
10121.0 1659745.0 6885.0 7432819.0 746089186.0 8.0 5456777.0 276014.0 5618.0 14114307.0 2330530994.0 270418818461.0 167166243.0 12117259.0 3404368122.0 1.0 5079.0 294990423.0 3143336.0 3262872.0 0.0 50.0 50996209.0 5251150.0 939967.0 1.0 905572.0 22.0 28845.0 3789.0
7728.0 68795.0 3018.0 736089.0 1527119.0 0.0 190243.0 13440.0 2037.0 3744805.0 22371858.5 34750024.0 4740703.0 1378304.0 6386054.0 1.0 0.0 900343.0 91950.0 440349.0 0.0 0.0 124904.0 216395.0 28193.0 0.0 35448.0 0.0 4125.0 1282.0
7849.0 95306.0 2940.0 940973.0 5469395.0 1.0 257138.0 10864.0 1738.0 4079648.0 52880073.5 368941123.0 6305777.0 1679454.0 22881523.0 1.0 146.0 1351568.0 131982.0 417605.0 0.0 4.0 58092.0 260941.0 33988.0 0.0 23698.0 2.0 3275.0 846.0
7335.0 46602.0 2093.0 361119.0 1089507.0 3.0 95403.0 5109.0 816.0 1519318.0 11099989.5 33138770.0 1263265.0 608818.0 4106081.0 0.0 442.0 337239.0 43628.0 99827.0 0.0 14.0 17705.0 54103.0 11256.0 0.0 6627.0 3.0 760.0 227.0
8162.0 97676.0 3815.0 1233370.0 2982606.0 10.0 343033.0 19580.0 3475.0 6883943.0 45337013.5 99231674.0 11384008.0 2616242.0 16027437.0 3.0 458.0 1737701.0 205043.0 850922.0 0.0 62.0 150574.0 584260.0 64198.0 4.0 62335.0 17.0 8651.0 3512.0
9401.0 364055.0 7548.0 3892510.0 45325905.0 30.0 1900348.0 105713.0 11836.0 16216525.0 364949118.5 5552811934.0 70769150.0 9453954.0 332202431.0 19.0 7411.0 38556917.0 1300667.0 3777244.0 0.0 446.0 2641474.0 4078066.0 723999.0 24.0 607932.0 202.0 74264.0 19044.0
9131.0 596392.0 5377.0 4229412.0 145432896.0 9.0 2092514.0 50862.0 4557.0 11978929.0 744620094.0 30714094280.0 77879698.0 7669320.0 723761152.0 2.0 1241.0 34623994.0 1370947.0 2234802.0 0.0 52.0 1268621.0 2507600.0 328269.0 1.0 194722.0 31.0 16005.0 3234.0
8158.0 105772.0 3656.0 1070102.0 5802677.0 13.0 335126.0 20866.0 2395.0 4906929.0 57321289.5 381252016.0 7703883.0 2272459.0 29654829.0 1.0 2200.0 2615861.0 198589.0 612911.0 0.0 116.0 226058.0 332800.0 69080.0 5.0 53321.0 35.0 7295.0 1194.0
8975.0 431581.0 6041.0 3248399.0 74229408.0 11.0 1745588.0 150776.0 7236.0 9942555.0 418696471.0 11035944033.0 38089775.0 6923155.0 411195715.0 1.0 864.0 54391545.0 1034120.0 2318482.0 0.0 50.0 13641715.0 2505306.0 448857.0 3.0 652366.0 41.0 52565.0 8817.0
7910.0 75352.0 3369.0 850473.0 1733574.0 8.0 232119.0 13196.0 2360.0 4446091.0 26123272.0 41404947.0 6548073.0 1732751.0 8312380.0 6.0 1052.0 1027289.0 124323.0 494713.0 0.0 78.0 50278.0 304591.0 43667.0 2.0 33208.0 29.0 4786.0 1481.0
9245.0 603096.0 5617.0 4207147.0 157312775.0 2.0 2221289.0 72889.0 4907.0 12572543.0 741184191.5 36107630051.0 60766843.0 8021099.0 824572477.0 4.0 692.0 46937792.0 1476574.0 2273155.0 0.0 6.0 3305171.0 2648068.0 393527.0 0.0 291836.0 3.0 18593.0 3735.0
9162.0 473049.0 5707.0 3743940.0 101975714.0 16.0 1874432.0 56562.0 5381.0 12861030.0 545607859.5 20122233701.0 56258083.0 7624252.0 580604787.0 12.0 3751.0 30101607.0 1306095.0 2235425.0 0.0 158.0 1108554.0 2544649.0 386589.0 10.0 235024.0 59.0 22096.0 4453.0
8004.0 74064.0 3056.0 787925.0 1887405.0 7.0 203202.0 10570.0 1722.0 4078332.0 26249560.0 54195868.0 4992542.0 1555973.0 8626096.0 3.0 835.0 807679.0 112511.0 355456.0 0.0 28.0 54840.0 198270.0 29454.0 1.0 22192.0 13.0 2792.0 834.0
8683.0 587838.0 4168.0 3104123.0 185926472.0 10.0 1770659.0 21795.0 2560.0 7143776.0 714228583.0 47621267485.0 21991822.0 5212816.0 839462211.0 1.0 3773.0 14339509.0 1204315.0 885425.0 0.0 48.0 170338.0 1528896.0 110293.0 2.0 52454.0 18.0 5793.0 1113.0
8248.0 89694.0 3765.0 1014741.0 2867723.0 9.0 284650.0 17737.0 2910.0 5484905.0 38746588.0 110955950.0 7714054.0 2094529.0 14482093.0 3.0 1349.0 1491800.0 160657.0 668779.0 0.0 74.0 110700.0 382521.0 46766.0 2.0 50539.0 26.0 6413.0 2216.0
10232.0 1003996.0 8703.0 6198618.0 373832711.0 16.0 4170270.0 132545.0 11169.0 18923474.0 1447968456.0 118784348268.0 85737733.0 13664259.0 2181220037.0 8.0 3790.0 94444685.0 3107399.0 4428196.0 0.0 194.0 5079786.0 6683827.0 906399.0 10.0 630000.0 88.0 66057.0 13748.0
8546.0 665602.0 3710.0 3261149.0 228862284.0 13.0 1772078.0 20253.0 2164.0 6923013.0 819061071.5 62916092578.0 21075662.0 4784234.0 909960352.0 3.0 2966.0 15934089.0 1060624.0 809042.0 0.0 74.0 251691.0 1342631.0 103186.0 6.0 43977.0 28.0 3900.0 1095.0
8606.0 142484.0 5068.0 1900250.0 6266099.0 15.0 585931.0 36453.0 5644.0 9809620.0 91678460.0 289432130.0 21713597.0 4389073.0 38069067.0 0.0 3139.0 4462640.0 368130.0 1692001.0 0.0 170.0 308995.0 1078848.0 155798.0 6.0 142330.0 63.0 21671.0 6305.0
7498.0 91209.0 2330.0 787123.0 5342766.0 17.0 228974.0 8434.0 1218.0 3031330.0 44553456.0 334151253.0 5656289.0 1233847.0 21122081.0 0.0 2467.0 1388542.0 109038.0 306395.0 0.0 64.0 51436.0 212669.0 25024.0 11.0 18462.0 12.0 2521.0 548.0
9839.0 540718.0 7659.0 5519796.0 85153641.0 9.0 2433184.0 94502.0 9651.0 19991271.0 685360824.5 11903278594.0 132069960.0 11642914.0 535770330.0 6.0 2527.0 45963398.0 1632760.0 4771391.0 0.0 82.0 1943332.0 4526893.0 644992.0 6.0 475834.0 40.0 58418.0 11557.0
9074.0 296889.0 5817.0 3096272.0 33932179.0 21.0 1251413.0 81228.0 6544.0 12534101.0 282351551.5 3644699220.0 46477024.0 6586586.0 195372037.0 4.0 4092.0 26470519.0 779310.0 2613484.0 0.0 146.0 3688467.0 2065610.0 315887.0 11.0 354497.0 72.0 31215.0 7498.0
8198.0 92053.0 3695.0 965369.0 3819404.0 2.0 280621.0 16286.0 2564.0 4803589.0 43690787.5 200244856.0 6438023.0 2039059.0 19142716.0 10.0 312.0 1281569.0 172200.0 557084.0 0.0 10.0 117783.0 289743.0 44798.0 0.0 42566.0 4.0 5995.0 1498.0
8503.0 96978.0 4331.0 1232152.0 2543075.0 16.0 347420.0 22261.0 3817.0 7553592.0 41396591.5 78335568.0 10366220.0 2794764.0 14584979.0 17.0 2955.0 1689826.0 216102.0 936239.0 0.0 190.0 117292.0 547418.0 72815.0 14.0 68373.0 81.0 10845.0 3351.0
8838.0 295011.0 5347.0 3016648.0 32950642.0 8.0 1251078.0 57261.0 5390.0 11632713.0 271576519.0 3438651680.0 51060658.0 6317702.0 197631738.0 5.0 3098.0 20747091.0 794563.0 2229793.0 0.0 46.0 1284253.0 1935287.0 348689.0 3.0 251931.0 23.0 24871.0 4964.0
10256.0 2477888.0 6393.0 8916227.0 1657012984.0 10.0 6927241.0 105499.0 4942.0 14791405.0 3969503346.5 878804145792.0 151803630.0 12637662.0 6668488485.0 1.0 4990.0 180419583.0 3754535.0 2531430.0 0.0 48.0 5252224.0 6231203.0 810067.0 3.0 375736.0 28.0 21184.0 3351.0
8786.0 247527.0 4899.0 2315554.0 31349157.0 8.0 974276.0 35931.0 4101.0 9036915.0 223770906.5 3960703241.0 27181777.0 5060976.0 184489456.0 9.0 1454.0 12068281.0 699625.0 1412256.0 0.0 84.0 510168.0 1253172.0 203635.0 9.0 129378.0 10.0 12695.0 2863.0
8335.0 116907.0 4058.0 1385862.0 5235867.0 12.0 411692.0 25230.0 3258.0 6976672.0 66519298.5 245269542.0 12538421.0 2975827.0 28560894.0 7.0 1863.0 3123696.0 262737.0 956613.0 0.0 142.0 395112.0 566426.0 72364.0 7.0 82897.0 36.0 7791.0 2531.0
9710.0 434649.0 7868.0 4257007.0 75723878.0 30.0 2059651.0 84758.0 10956.0 17666619.0 517843537.0 12824687778.0 71429318.0 10399291.0 500868999.0 16.0 4679.0 35318627.0 1556107.0 3707063.0 0.0 278.0 1662412.0 4032851.0 565128.0 18.0 438784.0 110.0 53193.0 13972.0
7513.0 73321.0 2248.0 725315.0 2279660.0 5.0 173256.0 9233.0 1050.0 3130998.0 27301968.5 71864809.0 4874368.0 1092208.0 8220688.0 0.0 824.0 1091408.0 72207.0 288239.0 0.0 28.0 119817.0 147995.0 22545.0 2.0 20765.0 13.0 1875.0 418.0
7958.0 104407.0 3577.0 1124699.0 5360828.0 11.0 349529.0 17522.0 3456.0 4969456.0 56519518.0 328901987.0 10151369.0 2217317.0 25957652.0 4.0 1747.0 1729849.0 208659.0 722361.0 0.0 78.0 120440.0 599340.0 49910.0 11.0 62449.0 58.0 8162.0 4284.0
10427.0 2003580.0 7877.0 8938356.0 1108387470.0 18.0 6836686.0 202385.0 8317.0 18790188.0 3020719193.0 508141344278.0 177415764.0 14688918.0 5253446334.0 1.0 10153.0 272503020.0 3609319.0 4443666.0 0.0 84.0 11186872.0 8169278.0 1601801.0 6.0 862512.0 57.0 66948.0 8873.0
7887.0 146318.0 2904.0 1249396.0 14602825.0 3.0 406930.0 9277.0 1463.0 4465491.0 105964926.0 1450711656.0 9196646.0 2165327.0 64455498.0 4.0 366.0 2011272.0 253540.0 406417.0 0.0 24.0 37168.0 340306.0 28798.0 1.0 17624.0 7.0 2253.0 576.0
8915.0 218474.0 5895.0 2828609.0 14229403.0 14.0 1041170.0 61463.0 7440.0 13439343.0 174963495.5 891675856.0 44918767.0 6393852.0 96783940.0 24.0 2840.0 13695556.0 672940.0 2734363.0 0.0 108.0 1017154.0 2115123.0 340514.0 4.0 299944.0 70.0 38663.0 9098.0
7736.0 61561.0 2730.0 603652.0 1406545.0 4.0 159299.0 8512.0 1524.0 2941177.0 18357810.0 37386181.0 3559422.0 1123147.0 6230155.0 0.0 534.0 680081.0 81856.0 262737.0 0.0 26.0 32221.0 148940.0 22931.0 1.0 17730.0 8.0 2589.0 760.0
8245.0 89360.0 3846.0 1099070.0 2181429.0 20.0 304571.0 21553.0 3097.0 6490602.0 34858598.0 56981561.0 8978271.0 2342306.0 11434083.0 11.0 2379.0 1877252.0 160850.0 827762.0 0.0 192.0 162124.0 431620.0 73094.0 17.0 67949.0 50.0 9607.0 2419.0
10847.0 1349866.0 10054.0 8418493.0 559534420.0 21.0 5905019.0 173980.0 14212.0 24974352.0 2100157406.0 200662492364.0 197773405.0 17961443.0 3383813281.0 21.0 4159.0 156383500.0 4265482.0 6208996.0 0.0 274.0 5911669.0 10129122.0 1453822.0 20.0 970239.0 126.0 96425.0 19492.0
9093.0 399344.0 5208.0 3186951.0 82953760.0 17.0 1409720.0 34411.0 4226.0 11102613.0 469699903.5 15682509098.0 35986772.0 6280252.0 431272527.0 7.0 2849.0 15633382.0 975787.0 1602543.0 0.0 138.0 369263.0 1682646.0 201299.0 5.0 111408.0 52.0 12076.0 2839.0
10428.0 923906.0 9646.0 7769937.0 195040433.0 10.0 4562628.0 288819.0 13819.0 23545366.0 1222233588.5 34797597989.0 273667136.0 15896967.0 1272943698.0 12.0 3534.0 186010174.0 2726141.0 7568348.0 0.0 58.0 18967562.0 8466906.0 1701877.0 0.0 1572977.0 47.0 143986.0 18217.0
9108.0 643529.0 5375.0 4795517.0 156320626.0 7.0 2181573.0 83077.0 5747.0 13589939.0 801618890.5 34154766219.0 101784385.0 7506513.0 708871697.0 0.0 1744.0 49776069.0 1120002.0 3077308.0 0.0 44.0 3188651.0 3179896.0 418071.0 2.0 348457.0 29.0 34574.0 6751.0
8350.0 423127.0 3635.0 2723500.0 100848174.0 8.0 1245857.0 22803.0 2177.0 7551653.0 460968353.0 20622020924.0 27447588.0 4350311.0 440097672.0 0.0 686.0 12745639.0 743712.0 1013565.0 0.0 26.0 239773.0 1078851.0 139052.0 4.0 60705.0 17.0 5179.0 1090.0
8070.0 79333.0 3579.0 862416.0 2109688.0 8.0 246611.0 16790.0 2447.0 4599622.0 29430370.0 63511802.0 5612587.0 1926678.0 10714758.0 5.0 1272.0 1364420.0 144536.0 512053.0 0.0 44.0 123634.0 258432.0 50871.0 3.0 43982.0 15.0 5100.0 1361.0
7743.0 100976.0 2760.0 976474.0 5588519.0 4.0 279881.0 10607.0 1471.0 3929853.0 54402968.5 327935301.0 7389078.0 1721419.0 24474525.0 3.0 509.0 1487949.0 154993.0 435558.0 0.0 12.0 52949.0 258913.0 34063.0 0.0 22654.0 7.0 2733.0 638.0
8366.0 157070.0 4215.0 1825129.0 9775498.0 17.0 580642.0 24771.0 3551.0 8199758.0 111460048.0 610726293.0 20356162.0 3866587.0 55641302.0 16.0 2071.0 4757463.0 390659.0 1106470.0 0.0 170.0 232139.0 842042.0 102922.0 6.0 84567.0 44.0 9508.0 2690.0
9731.0 1447049.0 5969.0 6637206.0 642248093.0 6.0 4526165.0 96439.0 4590.0 12664690.0 2067315028.0 231251503613.0 178754320.0 10362302.0 2881100406.0 9.0 1815.0 127176267.0 2759686.0 2426125.0 0.0 44.0 7702460.0 4419676.0 523594.0 0.0 340019.0 14.0 13336.0 2767.0
8361.0 175527.0 3916.0 1660940.0 17362858.0 8.0 610297.0 17386.0 3166.0 6548101.0 137736994.5 1765794594.0 15679317.0 3381597.0 94553893.0 2.0 910.0 4117841.0 431261.0 756135.0 0.0 50.0 84242.0 766670.0 81991.0 1.0 49076.0 13.0 7926.0 2604.0
9193.0 533131.0 6299.0 4013166.0 100838453.0 8.0 2106709.0 212258.0 6520.0 12349252.0 549040398.5 16442615702.0 55389840.0 7997517.0 544464768.0 1.0 1971.0 63082027.0 1340288.0 3176886.0 0.0 26.0 28528318.0 2736028.0 482359.0 1.0 841001.0 21.0 42225.0 5982.0
8502.0 96927.0 4573.0 1266855.0 2204539.0 27.0 365994.0 22629.0 4333.0 7865402.0 39298265.0 50502191.0 11304920.0 3099947.0 12876637.0 32.0 4125.0 1790278.0 237741.0 945709.0 0.0 370.0 97881.0 614843.0 84157.0 24.0 75309.0 98.0 11812.0 3982.0
9901.0 975087.0 6848.0 6183997.0 309970344.0 13.0 3700494.0 85466.0 6820.0 16176894.0 1390596087.5 82577426583.0 160531803.0 11485856.0 1673506309.0 4.0 2645.0 79735020.0 2570066.0 3141746.0 0.0 76.0 3332823.0 4929971.0 602940.0 3.0 381961.0 38.0 30514.0 5999.0
9981.0 1657723.0 6630.0 6788074.0 878372725.0 14.0 5405904.0 117311.0 5393.0 12949356.0 2395748440.0 374617935274.0 79984162.0 11597138.0 4119467549.0 1.0 1802.0 150134777.0 3427754.0 2299860.0 0.0 84.0 7613817.0 5356158.0 772290.0 5.0 418630.0 30.0 20489.0 3551.0
8211.0 127007.0 3532.0 1410355.0 7259634.0 10.0 394866.0 17778.0 2473.0 6623962.0 78388334.5 456306277.0 12886094.0 2615713.0 34089762.0 2.0 1365.0 2925882.0 208700.0 793293.0 0.0 90.0 139885.0 485982.0 65359.0 6.0 52387.0 29.0 6043.0 1614.0
8136.0 78442.0 3566.0 874507.0 1717027.0 14.0 239904.0 16129.0 2451.0 4887533.0 26053055.5 39801694.0 6131006.0 1823514.0 8073931.0 9.0 2226.0 1228236.0 126308.0 524228.0 0.0 134.0 99995.0 278615.0 49405.0 6.0 43665.0 43.0 6344.0 1463.0
8260.0 130219.0 3750.0 1346604.0 8836934.0 8.0 431711.0 18616.0 2620.0 6132481.0 83724950.0 672907662.0 11383602.0 2763675.0 46626654.0 2.0 1138.0 3318987.0 271646.0 718411.0 0.0 66.0 134320.0 486346.0 74047.0 2.0 51256.0 22.0 5888.0 1607.0
9202.0 494753.0 6087.0 3779132.0 117147758.0 12.0 1954208.0 64910.0 6544.0 13021389.0 592541073.0 25018345337.0 45680544.0 7867807.0 662655412.0 1.0 2867.0 31049716.0 1369298.0 2411820.0 0.0 150.0 1423058.0 2876077.0 397824.0 7.0 268994.0 41.0 28399.0 6810.0
9027.0 288621.0 5606.0 3021818.0 36706151.0 15.0 1203948.0 52571.0 6324.0 12718577.0 281278095.5 4804426525.0 42605324.0 6465227.0 217195402.0 7.0 3063.0 16553078.0 780693.0 2296032.0 0.0 146.0 769251.0 2088571.0 294714.0 6.0 232257.0 85.0 27062.0 7611.0
7481.0 43112.0 2313.0 325512.0 576827.0 6.0 89534.0 7180.0 1084.0 1461969.0 6655792.0 9175473.0 1163944.0 544450.0 1975709.0 12.0 625.0 327952.0 34605.0 138897.0 0.0 26.0 34339.0 64321.0 12875.0 1.0 12728.0 11.0 1788.0 431.0
8239.0 101633.0 3740.0 1132467.0 4169383.0 11.0 346727.0 16501.0 2766.0 5574305.0 50561478.0 204111358.0 9436936.0 2436890.0 23941917.0 19.0 918.0 1990635.0 228452.0 615058.0 0.0 74.0 105270.0 448965.0 63778.0 4.0 46075.0 13.0 5622.0 1831.0
9287.0 606688.0 5698.0 4654722.0 132645263.0 19.0 2223674.0 67691.0 5722.0 13877526.0 757262579.5 24700745955.0 103215571.0 8315923.0 685843916.0 6.0 2701.0 44974291.0 1386448.0 2751059.0 0.0 70.0 2220671.0 3040405.0 405101.0 9.0 279751.0 39.0 25083.0 5919.0
8577.0 236419.0 4810.0 2275772.0 25496847.0 5.0 929660.0 34299.0 5000.0 8727701.0 200182055.0 2639052857.0 31647884.0 4632438.0 147023847.0 1.0 697.0 10028614.0 625544.0 1523097.0 0.0 42.0 366236.0 1502174.0 181919.0 1.0 139979.0 19.0 17949.0 5275.0
8974.0 443066.0 5606.0 3200998.0 102915461.0 21.0 1668765.0 46925.0 6182.0 10493401.0 511476925.0 21170758349.0 32275285.0 6543797.0 567926950.0 2.0 4548.0 21746920.0 1204982.0 1771645.0 0.0 182.0 854578.0 2390436.0 273010.0 16.0 170633.0 66.0 20820.0 7223.0
9238.0 299697.0 6071.0 3158580.0 37782519.0 14.0 1260676.0 57766.0 5925.0 13502276.0 305245824.0 4838698628.0 42412609.0 7231209.0 230154705.0 6.0 3336.0 19255128.0 865901.0 2383516.0 0.0 158.0 1164427.0 1874067.0 333748.0 4.0 233325.0 35.0 23472.0 4990.0
7575.0 51595.0 2612.0 445422.0 938016.0 4.0 125185.0 11535.0 1579.0 2015994.0 11520099.5 20071095.0 2210467.0 800345.0 3732657.0 0.0 380.0 633279.0 53102.0 247709.0 0.0 30.0 100436.0 119866.0 21855.0 1.0 28265.0 6.0 3524.0 935.0
8371.0 224047.0 3760.0 1806973.0 32462323.0 13.0 689753.0 17691.0 2567.0 6084044.0 207142597.5 4450575436.0 14155276.0 3399191.0 149925019.0 4.0 4051.0 4341655.0 451936.0 738522.0 0.0 66.0 117408.0 688768.0 72051.0 4.0 47955.0 19.0 5811.0 1630.0
8190.0 118525.0 3611.0 1368361.0 5633270.0 9.0 391154.0 23430.0 2591.0 6663040.0 68095039.5 298169247.0 12260377.0 2694559.0 28329967.0 4.0 1022.0 3171422.0 210708.0 898409.0 0.0 92.0 231006.0 465795.0 92508.0 2.0 68791.0 25.0 8201.0 1663.0
8177.0 88139.0 3785.0 1097684.0 2103873.0 15.0 303244.0 17563.0 2930.0 6429816.0 34445468.0 52740520.0 9247539.0 2378253.0 11433846.0 28.0 2293.0 1581364.0 180394.0 733600.0 0.0 182.0 97964.0 441831.0 63501.0 5.0 54128.0 45.0 7905.0 2297.0
9095.0 231380.0 6538.0 2710866.0 16657480.0 15.0 1121609.0 100367.0 8166.0 12057849.0 178281579.0 1106106406.0 42325623.0 6385357.0 111445831.0 4.0 3657.0 20927280.0 707742.0 2988328.0 0.0 92.0 3459712.0 2061666.0 414028.0 10.0 486492.0 32.0 53840.0 9599.0
9247.0 288856.0 6427.0 3515555.0 28944261.0 15.0 1387160.0 60115.0 8529.0 15984846.0 284816581.5 3011474352.0 58300152.0 8052861.0 199196840.0 31.0 3678.0 17792208.0 998300.0 2975805.0 0.0 202.0 761998.0 2920276.0 384665.0 7.0 302707.0 100.0 39937.0 12147.0
9119.0 250727.0 6002.0 3198022.0 21286437.0 6.0 1117680.0 50341.0 8552.0 15012661.0 233529996.0 1872118821.0 50969043.0 6814096.0 130191556.0 4.0 1294.0 12523887.0 702374.0 2729106.0 0.0 38.0 595303.0 2620914.0 267632.0 0.0 250285.0 25.0 37490.0 14424.0
8037.0 130329.0 3396.0 1298560.0 8956454.0 8.0 414632.0 17524.0 2226.0 5405375.0 82379323.5 667292937.0 10951750.0 2541000.0 44936669.0 0.0 1082.0 3078646.0 251726.0 637936.0 0.0 42.0 131142.0 443146.0 72120.0 3.0 44819.0 13.0 4955.0 1246.0
9507.0 807350.0 6144.0 5128217.0 240540600.0 15.0 2967360.0 103456.0 5705.0 13859960.0 1025642512.5 61795253813.0 96808064.0 9494690.0 1242705038.0 6.0 5063.0 84793405.0 1832636.0 2721032.0 0.0 78.0 5715200.0 3597056.0 606240.0 8.0 421369.0 44.0 25889.0 4837.0
8611.0 392303.0 4250.0 2771993.0 87158245.0 11.0 1237177.0 29267.0 3153.0 8437986.0 439586233.5 16998668948.0 27897006.0 4857142.0 402253788.0 4.0 981.0 12064015.0 775374.0 1269970.0 0.0 100.0 298319.0 1348816.0 147291.0 3.0 90607.0 28.0 11552.0 1975.0
7514.0 84618.0 2551.0 668436.0 5659034.0 2.0 201886.0 6816.0 1378.0 2420669.0 42384516.0 420757381.0 3071504.0 1152473.0 21929398.0 0.0 73.0 727515.0 108667.0 206224.0 0.0 6.0 17112.0 152418.0 16009.0 0.0 11297.0 6.0 1843.0 582.0
8156.0 84956.0 3583.0 1012948.0 2222525.0 24.0 268412.0 17927.0 2621.0 5752669.0 33232143.5 66440344.0 7802228.0 2052940.0 10948711.0 6.0 3540.0 1585835.0 140562.0 662566.0 0.0 190.0 148805.0 359160.0 56768.0 27.0 51972.0 66.0 6234.0 1840.0
9342.0 446985.0 6209.0 4116698.0 84678615.0 39.0 1840778.0 67611.0 6848.0 15756831.0 528637326.5 15399129473.0 65956768.0 8441438.0 493816357.0 13.0 8783.0 29800661.0 1220535.0 2960427.0 0.0 396.0 1339638.0 2951054.0 442115.0 45.0 297064.0 233.0 31516.0 7366.0
8486.0 424657.0 4056.0 2729525.0 99296764.0 4.0 1344606.0 27990.0 2868.0 7632791.0 450148618.0 20114134739.0 27505936.0 4677787.0 468097268.0 1.0 303.0 15195923.0 843611.0 1068783.0 0.0 16.0 321163.0 1341604.0 176132.0 1.0 80598.0 9.0 7580.0 1682.0
7137.0 27557.0 1792.0 135089.0 214431.0 3.0 39806.0 2922.0 681.0 407452.0 1591809.0 2273410.0 312657.0 153527.0 505721.0 1.0 122.0 62851.0 11072.0 35297.0 0.0 10.0 3915.0 20702.0 3607.0 1.0 3215.0 6.0 590.0 205.0
8760.0 165052.0 4915.0 2086913.0 8825998.0 20.0 664548.0 32421.0 4877.0 10452331.0 113987388.0 472705247.0 26285171.0 4517712.0 51755804.0 48.0 3819.0 6083656.0 405476.0 1615589.0 0.0 248.0 279360.0 1130409.0 163787.0 11.0 129139.0 77.0 18167.0 4581.0
9136.0 213504.0 6746.0 2965616.0 13102512.0 10.0 1051705.0 80521.0 9985.0 15433340.0 170966857.5 843507921.0 43741141.0 7064666.0 89520342.0 3.0 1605.0 12736837.0 700177.0 3366174.0 0.0 104.0 2446720.0 2518281.0 316452.0 8.0 403170.0 40.0 48969.0 15963.0
9624.0 967461.0 6513.0 5579930.0 359801418.0 13.0 3409246.0 77264.0 6761.0 14874898.0 1343657548.0 112514900204.0 90551107.0 10078768.0 1814384351.0 6.0 2985.0 62251313.0 2215355.0 2959108.0 0.0 108.0 1998813.0 4449910.0 552773.0 7.0 327563.0 66.0 30336.0 6932.0
9442.0 571933.0 6523.0 4580414.0 122580622.0 10.0 2395212.0 88368.0 7236.0 14756731.0 678370402.5 23870589744.0 91632745.0 9353746.0 720081957.0 4.0 1343.0 53597676.0 1625452.0 3112770.0 0.0 94.0 3037581.0 3616583.0 577400.0 5.0 403945.0 45.0 35677.0 7661.0
8037.0 130329.0 3396.0 1298560.0 8956454.0 8.0 414632.0 17524.0 2226.0 5405375.0 82379323.5 667292937.0 10951750.0 2541000.0 44936669.0 0.0 1082.0 3078646.0 251726.0 637936.0 0.0 42.0 131142.0 443146.0 72120.0 3.0 44819.0 13.0 4955.0 1246.0
8574.0 161288.0 4707.0 1965575.0 9732367.0 9.0 620151.0 31142.0 4531.0 9552479.0 117017097.0 595499193.0 21923496.0 4327459.0 55590595.0 2.0 1186.0 5711493.0 389623.0 1390825.0 0.0 72.0 321073.0 994163.0 138972.0 3.0 117132.0 33.0 13383.0 4561.0
12279.0 4900801.0 10967.0 15573685.0 3646334700.0 3.0 15418892.0 1308042.0 10336.0 20695834.0 7931939072.0 2.15593470363e+12 513124244.0 23641879.0 15337633955.0 1.0 385.0 1843893633.0 7727541.0 6910323.0 0.0 18.0 548058192.0 15220371.0 2987854.0 0.0 4146040.0 11.0 94818.0 8079.0
8324.0 77086.0 3808.0 816262.0 1872407.0 19.0 230173.0 14295.0 2595.0 4502905.0 25990179.5 58016602.0 5177798.0 1766860.0 9326377.0 14.0 2875.0 1001123.0 134957.0 451543.0 0.0 168.0 58525.0 256246.0 40801.0 9.0 34898.0 49.0 4840.0 1476.0
12025.0 2277103.0 13661.0 12642547.0 1067507123.0 20.0 10794650.0 574757.0 20568.0 32064182.0 3683333914.0 431554403814.0 474965065.0 27438738.0 6690746920.0 19.0 3700.0 656926108.0 7001324.0 10655333.0 0.0 260.0 67738295.0 18774784.0 3766422.0 11.0 3294469.0 153.0 239086.0 28262.0
8206.0 156152.0 4084.0 1542523.0 12547363.0 14.0 568322.0 28208.0 3625.0 6147696.0 109134374.5 1040032378.0 16226865.0 3170343.0 67474008.0 4.0 2935.0 5386098.0 344038.0 1018477.0 0.0 150.0 277233.0 802375.0 129608.0 4.0 100472.0 43.0 12488.0 3013.0
8393.0 127222.0 3897.0 1514492.0 6014335.0 10.0 440048.0 23279.0 2850.0 7609508.0 76109430.5 294805786.0 14563396.0 3115054.0 32116749.0 8.0 1744.0 3573595.0 264312.0 948790.0 0.0 102.0 271269.0 557276.0 87374.0 4.0 73280.0 27.0 7543.0 1897.0
8267.0 102991.0 3744.0 1198682.0 4005689.0 22.0 327460.0 15012.0 2990.0 6139088.0 52552137.0 170039281.0 10223341.0 2408145.0 19248118.0 6.0 3300.0 1691960.0 186406.0 675563.0 0.0 126.0 70768.0 454057.0 49181.0 11.0 44172.0 37.0 7097.0 2471.0
9054.0 189318.0 6343.0 2709949.0 9823986.0 28.0 940942.0 55845.0 8608.0 14847680.0 142650452.0 522132090.0 39372147.0 6730158.0 70628229.0 11.0 5183.0 9743272.0 632404.0 2797174.0 0.0 362.0 517938.0 2135661.0 315876.0 19.0 276621.0 149.0 42896.0 11957.0
8767.0 394419.0 4934.0 3158760.0 70293340.0 9.0 1431823.0 65457.0 4480.0 10284774.0 399515308.5 11762676364.0 46140449.0 5898683.0 360566531.0 8.0 2179.0 27094187.0 844573.0 1946833.0 0.0 80.0 2234225.0 1869801.0 311373.0 4.0 238414.0 40.0 24574.0 3744.0
11022.0 811833.0 11544.0 8943992.0 135703645.0 24.0 4571553.0 263294.0 18694.0 32307314.0 1168178448.0 20571268888.0 313787370.0 20155519.0 1006020196.0 7.0 5992.0 137278135.0 3096340.0 10696277.0 0.0 174.0 10103388.0 10581307.0 1733242.0 17.0 1629091.0 105.0 231542.0 27125.0
8509.0 284162.0 4183.0 2528832.0 41133404.0 15.0 923689.0 24907.0 3189.0 8928620.0 282864261.0 5633811516.0 31639972.0 4637480.0 191756507.0 3.0 3273.0 9261215.0 559945.0 1280366.0 0.0 102.0 268340.0 1110113.0 130315.0 6.0 82832.0 40.0 9259.0 2174.0
8510.0 859308.0 3426.0 3599140.0 350413983.0 6.0 2093692.0 17244.0 1805.0 6197782.0 1086598174.5 111440304168.0 17313540.0 4770227.0 1275764221.0 0.0 1403.0 15929339.0 1188617.0 673095.0 0.0 16.0 256871.0 1382856.0 69636.0 2.0 35401.0 8.0 3412.0 832.0
8808.0 183494.0 5559.0 2380825.0 9785577.0 11.0 777904.0 68756.0 6608.0 11145543.0 131514985.0 488955367.0 31478327.0 5179670.0 57041796.0 10.0 1463.0 8975604.0 481113.0 2378915.0 0.0 106.0 2361216.0 1557047.0 181346.0 5.0 293256.0 35.0 31551.0 8903.0
8786.0 166240.0 4977.0 1983925.0 11585038.0 16.0 677696.0 32400.0 4679.0 10002704.0 121597046.5 941311295.0 21359621.0 4643277.0 72427713.0 11.0 2579.0 6142377.0 479620.0 1402996.0 0.0 138.0 327468.0 1067336.0 152849.0 12.0 120182.0 71.0 15659.0 4160.0
8165.0 81278.0 3904.0 923540.0 2113549.0 11.0 256627.0 19075.0 3155.0 5162251.0 30651263.0 66372664.0 6540004.0 2081012.0 10241471.0 15.0 1368.0 1214772.0 146676.0 619144.0 0.0 104.0 147088.0 315945.0 51093.0 3.0 54544.0 24.0 7069.0 2133.0
9327.0 289949.0 6620.0 3314874.0 28273106.0 21.0 1383261.0 95374.0 7753.0 14453113.0 272425608.0 2603892875.0 51817838.0 7843373.0 190237691.0 15.0 3635.0 26035475.0 1003014.0 3163115.0 0.0 188.0 4091962.0 2419902.0 398793.0 9.0 471369.0 61.0 42091.0 8267.0
8296.0 240832.0 3687.0 1929487.0 35260743.0 10.0 747678.0 26412.0 2298.0 6594799.0 214946494.0 4847238925.0 15744159.0 3539270.0 164180747.0 3.0 3413.0 8785187.0 440613.0 894511.0 0.0 70.0 468482.0 686505.0 120361.0 6.0 71269.0 8.0 6043.0 1195.0
8414.0 148915.0 4251.0 1748913.0 8477236.0 14.0 546647.0 29312.0 3425.0 8229927.0 98916953.5 484733155.0 19070471.0 3712880.0 45732595.0 13.0 2049.0 5758566.0 327505.0 1184658.0 0.0 90.0 436343.0 724562.0 121832.0 5.0 101846.0 42.0 10610.0 2327.0
8367.0 104757.0 3825.0 1276985.0 3669183.0 11.0 352513.0 16907.0 2818.0 7031170.0 52275990.5 148706392.0 10672968.0 2780637.0 19868771.0 10.0 1667.0 1922694.0 219648.0 723135.0 0.0 134.0 79732.0 461497.0 65185.0 3.0 48007.0 28.0 6472.0 1905.0
7853.0 144076.0 2794.0 1151748.0 14475616.0 8.0 395927.0 13767.0 1309.0 3955461.0 97623455.5 1432958678.0 8281174.0 1970297.0 61951768.0 4.0 825.0 3542724.0 218747.0 419948.0 0.0 18.0 161756.0 293642.0 52656.0 3.0 29862.0 10.0 2256.0 409.0
8623.0 328592.0 4662.0 2713866.0 55526986.0 13.0 1206545.0 55053.0 4044.0 9782892.0 318776145.0 8869343327.0 29018784.0 5187286.0 295543130.0 5.0 1954.0 22869848.0 740395.0 1627436.0 0.0 94.0 1970034.0 1497021.0 275858.0 5.0 192613.0 47.0 13726.0 3234.0
7948.0 61641.0 2960.0 526957.0 1676656.0 9.0 160947.0 8727.0 1522.0 2409012.0 17784416.5 63723936.0 2489873.0 1066364.0 7713712.0 6.0 754.0 637752.0 89913.0 203930.0 0.0 60.0 27522.0 129835.0 25560.0 0.0 16972.0 14.0 2268.0 608.0
8265.0 122183.0 4119.0 1477735.0 5399147.0 6.0 427488.0 36904.0 3554.0 7571006.0 68731884.5 254332617.0 13563618.0 3096568.0 27904977.0 3.0 579.0 3426216.0 255101.0 1153092.0 0.0 52.0 1311283.0 605396.0 79712.0 2.0 125552.0 8.0 9967.0 2891.0
8600.0 157970.0 4938.0 1843029.0 9117166.0 10.0 645571.0 48019.0 5019.0 8447532.0 105624836.5 526703925.0 20622112.0 4198729.0 55400795.0 4.0 1513.0 7282494.0 424325.0 1594575.0 0.0 70.0 851365.0 1045299.0 170191.0 3.0 178719.0 28.0 27165.0 4990.0
7582.0 73216.0 2654.0 593853.0 3033095.0 2.0 209533.0 15440.0 1557.0 2168027.0 25436582.0 149677643.0 3722062.0 1100256.0 14024016.0 3.0 20.0 2003024.0 99585.0 296347.0 0.0 4.0 222536.0 198672.0 47668.0 1.0 41215.0 0.0 4274.0 796.0
7711.0 85647.0 2616.0 847921.0 3869269.0 9.0 210015.0 9235.0 1250.0 3744698.0 40143348.5 208166486.0 5343270.0 1460997.0 14537124.0 2.0 829.0 1107430.0 102065.0 324025.0 0.0 64.0 63121.0 167488.0 26661.0 2.0 17271.0 13.0 1710.0 469.0
9331.0 411331.0 6034.0 3466149.0 83095241.0 17.0 1697494.0 55880.0 6206.0 13148548.0 471472670.5 15665267956.0 44243975.0 7375196.0 500935245.0 7.0 3805.0 22930912.0 1245395.0 2290545.0 0.0 176.0 820772.0 2489837.0 339300.0 5.0 230272.0 66.0 30334.0 6572.0
10694.0 1509756.0 9056.0 8255286.0 682883303.0 4.0 6048980.0 212571.0 11247.0 22034798.0 2288335910.5 261607934322.0 161772171.0 16214621.0 3799470484.0 3.0 469.0 212503822.0 3952127.0 5300525.0 0.0 48.0 13919699.0 8712524.0 1445619.0 1.0 1030318.0 15.0 82578.0 13975.0
9535.0 300303.0 7267.0 4025266.0 25767454.0 14.0 1531480.0 70372.0 10007.0 19210921.0 302796573.5 2213646705.0 73381706.0 9708818.0 185294964.0 4.0 2721.0 20220736.0 1111082.0 3789540.0 0.0 128.0 851353.0 3438528.0 470129.0 9.0 381828.0 74.0 54023.0 13237.0
8719.0 185393.0 4546.0 2034659.0 14975213.0 10.0 683329.0 32490.0 3603.0 9233656.0 146329772.0 1223783361.0 22561451.0 4198810.0 83524327.0 0.0 1882.0 8060748.0 417473.0 1329053.0 0.0 52.0 425043.0 877141.0 160551.0 3.0 109424.0 29.0 11107.0 2498.0
8835.0 251387.0 5661.0 2551448.0 25523274.0 13.0 1108729.0 90528.0 6443.0 10382497.0 206405400.5 2482595982.0 33055639.0 5704293.0 155578237.0 7.0 1835.0 22764070.0 701768.0 2255263.0 0.0 100.0 4799910.0 1827537.0 317940.0 6.0 410837.0 36.0 36939.0 6986.0
8476.0 138782.0 4385.0 1724770.0 6682798.0 17.0 543110.0 37234.0 4028.0 8651846.0 84549866.5 350072454.0 18555944.0 3770791.0 38940105.0 14.0 2381.0 5382240.0 343867.0 1325353.0 0.0 152.0 788718.0 863042.0 135536.0 11.0 139815.0 49.0 13390.0 3989.0
9106.0 604960.0 5664.0 3741318.0 175611832.0 13.0 2245531.0 59641.0 5815.0 11137357.0 717163967.0 43580959480.0 38076675.0 7497227.0 938768456.0 8.0 2582.0 38441695.0 1499533.0 1746160.0 0.0 82.0 1167319.0 2901558.0 437795.0 8.0 251093.0 57.0 25665.0 5731.0
7877.0 102359.0 3409.0 1079429.0 4407673.0 1.0 360794.0 18205.0 3199.0 4621385.0 47981248.5 196074147.0 11490218.0 2045407.0 23415549.0 1.0 47.0 2952222.0 191980.0 694629.0 0.0 2.0 147487.0 598652.0 77960.0 0.0 66158.0 0.0 9382.0 3281.0
7741.0 87497.0 2633.0 878994.0 3848307.0 6.0 223742.0 8241.0 1334.0 3929702.0 41853109.5 183134886.0 5763574.0 1516682.0 16091021.0 7.0 806.0 915057.0 119713.0 325671.0 0.0 24.0 33507.0 198721.0 22500.0 1.0 15775.0 12.0 2065.0 549.0
8267.0 118778.0 3819.0 1385747.0 5844417.0 13.0 422667.0 20451.0 3511.0 6835592.0 66946368.5 346045047.0 13603109.0 2794971.0 31930865.0 18.0 1605.0 2712261.0 247213.0 899436.0 0.0 136.0 136673.0 717725.0 82477.0 5.0 69926.0 55.0 10220.0 3954.0
7368.0 53892.0 2139.0 502816.0 1112068.0 5.0 125012.0 6307.0 1032.0 2334354.0 14100754.0 26444393.0 2901973.0 808884.0 4292813.0 1.0 330.0 398598.0 57571.0 204689.0 0.0 18.0 23113.0 120712.0 14287.0 0.0 12216.0 7.0 1705.0 492.0
7957.0 141330.0 3147.0 1424472.0 10424656.0 9.0 423240.0 12611.0 2130.0 5692636.0 96224408.0 791531925.0 13415868.0 2508913.0 47198967.0 7.0 1168.0 2339421.0 246888.0 629732.0 0.0 98.0 53613.0 505338.0 50278.0 6.0 32994.0 27.0 4743.0 1386.0
8280.0 112325.0 4058.0 1316374.0 4648329.0 21.0 407956.0 25462.0 3328.0 6665599.0 59114226.0 216333600.0 12176082.0 2910981.0 26378518.0 4.0 1706.0 2959868.0 250554.0 965437.0 0.0 168.0 215921.0 567773.0 92552.0 16.0 82543.0 54.0 11183.0 2443.0
10984.0 2137637.0 9533.0 9070871.0 1301580544.0 12.0 7874011.0 142418.0 11672.0 21299467.0 3454515080.0 637243757234.0 143975408.0 17527996.0 6814699597.0 10.0 5173.0 184385084.0 5468391.0 4424606.0 0.0 52.0 4237172.0 10946672.0 1340512.0 3.0 718731.0 32.0 66446.0 13654.0
8165.0 116087.0 3581.0 1254473.0 5928393.0 4.0 384224.0 19205.0 2397.0 5785692.0 65020177.0 330739855.0 10706766.0 2636732.0 30643103.0 1.0 551.0 3154112.0 235126.0 651408.0 0.0 18.0 212659.0 434527.0 71929.0 1.0 58076.0 11.0 6012.0 1305.0
9020.0 221817.0 5605.0 2939651.0 15088662.0 29.0 961440.0 44885.0 6330.0 14612427.0 192270005.0 993743311.0 43260602.0 6422904.0 93550891.0 10.0 6104.0 9457421.0 629783.0 2501735.0 0.0 300.0 424068.0 1849930.0 245716.0 24.0 198687.0 144.0 29524.0 7298.0
7943.0 79004.0 3443.0 907811.0 1993558.0 7.0 253238.0 14593.0 2594.0 4907658.0 29538347.5 56602443.0 6844428.0 1953342.0 10448908.0 7.0 436.0 1205918.0 149147.0 530181.0 0.0 30.0 62046.0 340416.0 49323.0 2.0 41609.0 21.0 6167.0 1852.0
8194.0 78525.0 3727.0 837877.0 1902929.0 9.0 238186.0 20133.0 2702.0 4500082.0 26810667.5 53481958.0 5193898.0 1865963.0 9163618.0 5.0 1401.0 1197770.0 130666.0 560447.0 0.0 80.0 211386.0 266401.0 50376.0 6.0 53239.0 36.0 5972.0 1672.0
7671.0 50332.0 2681.0 429221.0 818670.0 5.0 118145.0 6807.0 1451.0 2006168.0 10287881.5 15179372.0 2102688.0 774849.0 3258537.0 4.0 376.0 367309.0 56585.0 166418.0 0.0 26.0 19146.0 105681.0 16055.0 0.0 13458.0 5.0 2096.0 710.0
8538.0 145232.0 4658.0 1931433.0 6464133.0 26.0 600034.0 35026.0 4503.0 10070461.0 91710941.5 292828598.0 23212256.0 4240818.0 39681721.0 11.0 5009.0 5786881.0 362444.0 1611213.0 0.0 202.0 324631.0 1012437.0 177992.0 21.0 132286.0 115.0 19864.0 4155.0
8322.0 163192.0 3743.0 1622247.0 13496634.0 11.0 547911.0 24381.0 2458.0 6740693.0 116693482.0 1155267967.0 16046057.0 3166007.0 70062910.0 5.0 1711.0 6184464.0 321206.0 840541.0 0.0 22.0 318310.0 586809.0 112259.0 4.0 70849.0 7.0 8688.0 1284.0
8049.0 116496.0 3651.0 1234118.0 6841658.0 8.0 385702.0 16651.0 3028.0 5595080.0 68623148.5 466498630.0 10879900.0 2474189.0 34530933.0 4.0 1393.0 2103646.0 237085.0 723186.0 0.0 24.0 78099.0 534155.0 58257.0 5.0 49408.0 21.0 7391.0 2513.0
9284.0 244544.0 6529.0 3153928.0 17094625.0 20.0 1129481.0 88065.0 7603.0 15056309.0 213663256.5 1100132001.0 45700177.0 7564255.0 112728558.0 5.0 4477.0 15672802.0 786463.0 3196291.0 0.0 148.0 3021015.0 2022601.0 368762.0 8.0 395729.0 90.0 36145.0 8390.0
8029.0 67291.0 3642.0 708309.0 1208531.0 5.0 206343.0 15735.0 2911.0 3867293.0 18661993.5 23012510.0 4425185.0 1637344.0 5901726.0 3.0 568.0 933142.0 114715.0 434577.0 0.0 32.0 78620.0 255763.0 48619.0 1.0 45281.0 9.0 6458.0 2306.0
8326.0 130474.0 3801.0 1461768.0 7188963.0 7.0 425313.0 17409.0 2516.0 6836848.0 81142222.0 416858616.0 13768079.0 2930580.0 36320183.0 4.0 1118.0 2972606.0 258563.0 809991.0 0.0 32.0 124477.0 486407.0 69647.0 2.0 49050.0 16.0 5570.0 1349.0
8743.0 149324.0 4519.0 1705270.0 9508821.0 25.0 550820.0 22786.0 3461.0 8396729.0 106162238.0 666403230.0 15717750.0 3935029.0 56101062.0 13.0 3015.0 4072049.0 392945.0 940791.0 0.0 160.0 147236.0 695313.0 106484.0 15.0 67703.0 52.0 8138.0 2174.0
8299.0 113262.0 4348.0 1399537.0 4200201.0 15.0 456254.0 26416.0 5118.0 6995986.0 57321555.0 178606780.0 15641963.0 2895943.0 25059416.0 8.0 2576.0 3114659.0 252286.0 1127280.0 0.0 136.0 176604.0 987677.0 108333.0 6.0 108451.0 52.0 17782.0 7260.0
11352.0 1267676.0 12863.0 10451009.0 361448002.0 20.0 6644197.0 461929.0 22990.0 33152530.0 1902996670.5 96095039945.0 347035394.0 22508123.0 2426086263.0 8.0 4689.0 311457202.0 4073308.0 12369507.0 0.0 190.0 41995779.0 14782885.0 2688044.0 8.0 2737448.0 119.0 278300.0 40706.0
