98505.0 30163784.0 1086156.0 1081023966.0 18785590970.0 20645.0 1079119635.0 92558572.0 13543338.0 17109996778.0 338270361353.0 1.25859469153e+13 124980326084.0 16294247518.0 852312648797.0 89902.0 13950044.0 121362822488.0 4626299884.0 10804500445.0 0.0 1636102.0 13954109859.0 16385118340.0 2991007060.0 111227.0 3515997879.0 867494.0 557016145.0 159111949.0
122399.0 66525396.0 1638744.0 1720829527.0 62742136958.0 21879.0 2479039991.0 257023505.0 23245489.0 20755955689.0 737357476194.0 6.0469211729e+13 302434223734.0 24358223605.0 2.80914055197e+12 101218.0 16120463.0 494549082673.0 9605011928.0 18782504867.0 0.0 1699748.0 81924361424.0 38909661327.0 7653771502.0 119883.0 10716848381.0 1120426.0 1580946338.0 304796302.0
128192.0 69739717.0 1904447.0 1955874401.0 61635358845.0 23670.0 2808479301.0 297924662.0 31271709.0 23832758647.0 815715685686.0 5.34602579039e+13 374110281627.0 27682072505.0 2.96284057454e+12 97519.0 17419250.0 556621226304.0 10488715033.0 23840748725.0 0.0 1939398.0 88192939342.0 50850705588.0 9447077514.0 140272.0 13516233128.0 1356499.0 2156641264.0 481727376.0
103444.0 41252456.0 1162116.0 1152953571.0 37825685356.0 20561.0 1397996950.0 112851308.0 14460487.0 17347260461.0 414165681856.0 3.72337221392e+13 140824724597.0 17305456275.0 1.58132784706e+12 96840.0 14460477.0 193443271731.0 5825617419.0 11262536647.0 0.0 1636658.0 23277965929.0 20126318650.0 3745332595.0 111565.0 4301682952.0 881100.0 642535468.0 169816952.0
111200.0 49062601.0 1394656.0 1465119124.0 47732495020.0 21915.0 1769289720.0 158815808.0 19779807.0 20275294946.0 502763813728.0 5.51399700149e+13 209556467880.0 20820453222.0 1.99632446148e+12 98511.0 16041296.0 276514600810.0 6715162009.0 16402770290.0 0.0 1686752.0 29224941571.0 28799570076.0 5299311446.0 121337.0 6591680720.0 1068226.0 1091041065.0 263147979.0
101487.0 35259957.0 1190287.0 1176539698.0 27798302237.0 22389.0 1258575878.0 103321096.0 16706578.0 18913863400.0 368760036612.0 2.47579838599e+13 144571019587.0 17213771549.0 1.20271461945e+12 107479.0 15292147.0 151315201334.0 4999133033.0 12658817020.0 0.0 1931650.0 14228972586.0 20843525637.0 3530811244.0 140693.0 4151466241.0 1096823.0 707833848.0 227650957.0
107131.0 65525138.0 1151283.0 1151797627.0 87339897954.0 15189.0 1903946418.0 160932432.0 13143404.0 14349529973.0 520803660742.0 1.10982494096e+14 148365337506.0 15579447927.0 3.14575998568e+12 57653.0 10935058.0 360782416398.0 6937659258.0 10142877992.0 0.0 986584.0 75581528264.0 23441088466.0 4418551132.0 72828.0 5528405320.0 597911.0 699464963.0 141188158.0
123272.0 60469341.0 1758114.0 1846970766.0 52340691835.0 20076.0 2409922817.0 251147354.0 27537037.0 23188393050.0 701999120828.0 5.00806031756e+13 319263672236.0 26384992774.0 2.44425195755e+12 77655.0 15118133.0 437605089026.0 9206985474.0 22517500288.0 0.0 1487234.0 61647076469.0 42647811787.0 8024321345.0 106578.0 11155700495.0 1062039.0 1840880470.0 400301624.0
118367.0 49318746.0 1655971.0 1753069772.0 32413031204.0 24353.0 2028346695.0 210392809.0 26299946.0 23496011146.0 632601002492.0 2.12481031429e+13 293806783068.0 25150674807.0 1.62429666469e+12 111186.0 17798516.0 307942260330.0 7952759129.0 21233002286.0 0.0 2146034.0 46619613165.0 37480344862.0 6765822924.0 154073.0 9379027246.0 1403948.0 1548957983.0 393788348.0
100059.0 39245167.0 1107632.0 1166997705.0 34616393633.0 14884.0 1302888706.0 111932205.0 14252787.0 16234721604.0 394514878970.0 3.51725223052e+13 147631476053.0 15598564337.0 1.37079834786e+12 61523.0 10335126.0 181758646647.0 4719912708.0 11698235634.0 0.0 1093714.0 19656073600.0 19469192734.0 3526389031.0 74979.0 4240232670.0 670118.0 674342542.0 177284772.0
114579.0 57195893.0 1445462.0 1560515729.0 50027736740.0 18600.0 2049322550.0 207644251.0 20249273.0 18670884645.0 638882312853.0 4.42112136151e+13 262949296176.0 20571397948.0 2.16890982888e+12 79164.0 13663814.0 363014219256.0 7496422933.0 16579120818.0 0.0 1417054.0 63786714938.0 32135021308.0 5995979866.0 105282.0 8327049290.0 953001.0 1247843451.0 270366852.0
97284.0 32449912.0 1003329.0 1059250711.0 23755379760.0 15557.0 1082115012.0 90578464.0 11353800.0 15189651435.0 349482914904.0 2.0236373955e+13 126888543019.0 14940037292.0 980922934835.0 62134.0 10952161.0 132097558681.0 4362143561.0 9907094721.0 0.0 1070306.0 13799474279.0 14870233093.0 2856032068.0 71458.0 3259112170.0 577793.0 502545258.0 120223609.0
99979.0 45987965.0 1048093.0 1051377174.0 46955198961.0 15619.0 1410002015.0 115537363.0 12246953.0 14499751069.0 425187575316.0 4.66228646439e+13 126379033038.0 14451777622.0 1.80894248014e+12 69337.0 10418791.0 210936065621.0 5371721565.0 9247990929.0 0.0 1127788.0 39441384631.0 18436455864.0 3390267405.0 76002.0 4051949318.0 635420.0 544388221.0 137424996.0
112307.0 66854819.0 1329035.0 1378473506.0 76546340653.0 16535.0 2137230685.0 200276617.0 17371669.0 16535438745.0 618174128710.0 8.43794203213e+13 212972549311.0 17930324186.0 2.98894439364e+12 66849.0 11892201.0 417775342339.0 7481414173.0 13288784681.0 0.0 1219120.0 85768304188.0 30083349367.0 5667491487.0 88684.0 7460934391.0 790151.0 1008941613.0 218652678.0
114732.0 57381584.0 1462974.0 1460929614.0 59277532216.0 24650.0 2043672523.0 182556722.0 20583931.0 20408441058.0 577464552514.0 6.41823849936e+13 213553594550.0 21703475544.0 2.53612834871e+12 113644.0 17514059.0 348968589752.0 8193164255.0 15613862296.0 0.0 2018410.0 53064049304.0 32088790825.0 5915138364.0 141087.0 7508470685.0 1228143.0 1118007819.0 271891574.0
96788.0 33500196.0 1019850.0 1144479878.0 20234114327.0 12640.0 1135526219.0 104000235.0 12221896.0 14282631981.0 388495552012.0 1.26006663464e+13 157388830221.0 14473388641.0 853231731754.0 41651.0 8962024.0 145710656253.0 4085955311.0 10915204987.0 0.0 810238.0 18602162004.0 16531479313.0 3085447403.0 58426.0 3787641006.0 521733.0 595206011.0 139136030.0
107757.0 41112779.0 1365862.0 1353517244.0 36190792220.0 23892.0 1524674155.0 134522984.0 19952367.0 20791083447.0 426689606180.0 3.90519743703e+13 178429100545.0 20461776867.0 1.55452260193e+12 114190.0 16950432.0 203827404341.0 6128062106.0 15625359495.0 0.0 1970322.0 19392748899.0 26054174829.0 4582901915.0 143168.0 5678124240.0 1182767.0 984065727.0 272942681.0
119772.0 60598754.0 1632351.0 1694042084.0 56381701640.0 21033.0 2294205769.0 227811853.0 24598308.0 21527314136.0 665074024592.0 5.56057536208e+13 283491111052.0 23964907251.0 2.53467279534e+12 97726.0 15331075.0 417833057444.0 8689288635.0 19572693889.0 0.0 1665948.0 60056615449.0 38603301764.0 7243146780.0 114106.0 9799905848.0 1105248.0 1544764625.0 347756309.0
112931.0 63476249.0 1400196.0 1275130969.0 79001971834.0 31298.0 2063826857.0 173924453.0 19960386.0 20360770377.0 534117907923.0 9.14334005862e+13 158400726002.0 19517898773.0 3.20310360611e+12 206623.0 21739093.0 336704185510.0 8215291887.0 13238805176.0 0.0 3114188.0 82959722915.0 31274084329.0 5257225349.0 226776.0 6698322180.0 1623330.0 933507134.0 276949994.0
102233.0 42387147.0 1151461.0 1144529402.0 43583716371.0 21909.0 1392688348.0 111340406.0 14952246.0 17089705891.0 396953721804.0 5.09533206399e+13 139178573788.0 16502714492.0 1.70259663475e+12 105180.0 15348032.0 193848944881.0 5456114480.0 11394175742.0 0.0 1864778.0 21454702933.0 20666767828.0 3642227111.0 136153.0 4274609044.0 1057225.0 653802283.0 187246622.0
113211.0 47383434.0 1539779.0 1547512828.0 40417805138.0 22706.0 1834807250.0 175825206.0 24465416.0 22100095814.0 513081130962.0 4.08803754906e+13 226458525365.0 22404480326.0 1.81534591803e+12 104201.0 15924088.0 275315470021.0 6948652747.0 18831405715.0 0.0 1886242.0 31438192531.0 33362534156.0 5874361680.0 136549.0 7730716632.0 1245306.0 1337864795.0 370069103.0
106983.0 44007103.0 1292710.0 1312858607.0 40046013675.0 22503.0 1551514318.0 139751459.0 17630219.0 18890551044.0 456482162411.0 4.18685951484e+13 171972885246.0 19109715760.0 1.67789393344e+12 113140.0 15867969.0 224265290945.0 6116132525.0 14225321021.0 0.0 1885872.0 27842954040.0 24326121673.0 4506683879.0 135282.0 5594554773.0 1105048.0 880081243.0 227993535.0
136819.0 80844538.0 2138758.0 2159592676.0 74121968189.0 29955.0 3337273391.0 387022914.0 35454944.0 26581521636.0 963817758413.0 6.43361219551e+13 433157517155.0 32072886550.0 3.67882083091e+12 158168.0 21954237.0 704223335351.0 13303033206.0 27078929584.0 0.0 2767942.0 146916611559.0 60131049538.0 11411815026.0 191077.0 17744916304.0 1835249.0 2717293544.0 543241411.0
112567.0 28791155.0 1671693.0 1597094022.0 9667699630.0 31920.0 1385381187.0 148418093.0 29955240.0 28329659490.0 382336498008.0 3.49585487373e+12 215205343466.0 26690332599.0 576028803834.0 160253.0 22671786.0 130379428557.0 6169777945.0 22553370084.0 0.0 3051632.0 13573073539.0 31482137187.0 5140824902.0 217709.0 7118661568.0 1857241.0 1433630556.0 506397511.0
122639.0 64915204.0 1736769.0 1764028085.0 67248905663.0 18978.0 2462699641.0 237888642.0 28216610.0 23456361053.0 673905678972.0 7.32480566151e+13 285338151912.0 24986155995.0 3.00905130516e+12 77073.0 14009494.0 447320639074.0 9117230572.0 21643237604.0 0.0 1480256.0 68364836660.0 43952939243.0 7822953280.0 107665.0 10510316262.0 1023984.0 1693634657.0 442819651.0
119745.0 65641302.0 1616056.0 1592427751.0 78142737921.0 26503.0 2348145295.0 210081499.0 24460174.0 22385222547.0 611465047918.0 9.93933014352e+13 235508216882.0 23754679680.0 3.27896688687e+12 134718.0 19226317.0 432493272126.0 9074018697.0 18431445028.0 0.0 2289522.0 60100129346.0 38875891729.0 7002333636.0 162126.0 8999447540.0 1448523.0 1385128907.0 350889609.0
125667.0 78778166.0 1736088.0 1729440342.0 93549374478.0 21970.0 2822280309.0 271298252.0 26804035.0 22308745559.0 758515764744.0 1.10129471668e+14 291500146784.0 24551660682.0 4.00221980602e+12 101271.0 15788357.0 591557667158.0 10471325083.0 19463797883.0 0.0 1883882.0 108679414669.0 46444248521.0 8437769960.0 132819.0 11488462798.0 1229236.0 1658704300.0 399313278.0
112815.0 46145781.0 1480424.0 1559532844.0 30758793289.0 21671.0 1805886220.0 179980382.0 22051874.0 20573408333.0 568104635996.0 2.02190069079e+13 251739418267.0 21976247949.0 1.47859331011e+12 102101.0 15552984.0 270743741401.0 7079452500.0 17602624221.0 0.0 1772604.0 38987461918.0 31272992646.0 5668611497.0 135908.0 7666129890.0 1151683.0 1223687051.0 312034561.0
135769.0 77862211.0 2114623.0 2225130780.0 71208794318.0 20298.0 3233728646.0 370332157.0 35245255.0 25921946963.0 930639635118.0 6.76297262267e+13 452546544101.0 31280506480.0 3.47146339458e+12 74515.0 15883471.0 691194642724.0 12048127302.0 28940686361.0 0.0 1504560.0 112062264775.0 59167189015.0 11487930456.0 108374.0 17059095085.0 1158488.0 2818758775.0 544067487.0
105829.0 50596849.0 1189812.0 1195105301.0 54376028506.0 19872.0 1640305582.0 135014917.0 14804532.0 16521175232.0 470747144931.0 6.12184821524e+13 155460283201.0 17038235966.0 2.14969321053e+12 87005.0 13845805.0 263066941211.0 6437723103.0 11248165131.0 0.0 1551966.0 38924633591.0 22812270259.0 4236239105.0 107121.0 5084636735.0 885214.0 709852525.0 175952505.0
101537.0 53586716.0 1056197.0 1101182175.0 68341176911.0 12118.0 1552436198.0 124021913.0 12203363.0 14180572911.0 432690557216.0 8.85546553e+13 133808609209.0 14354339839.0 2.40688991199e+12 44391.0 8570914.0 258337170993.0 5405341202.0 10005012391.0 0.0 776806.0 40773277793.0 19743869999.0 3696248186.0 53436.0 4318436558.0 491005.0 608380684.0 134897920.0
120757.0 68199881.0 1583057.0 1641868925.0 64053324569.0 21715.0 2477434767.0 260246666.0 21750464.0 18789524519.0 740553881374.0 5.74637090021e+13 298839577013.0 22763938483.0 2.83592155698e+12 105623.0 15995854.0 510064562840.0 9484650706.0 17100150987.0 0.0 1744814.0 91985032084.0 37350583218.0 7381569639.0 121451.0 10552769169.0 1060857.0 1514896830.0 274534756.0
107804.0 35173761.0 1400771.0 1485224295.0 17481540738.0 20296.0 1436791301.0 146014920.0 21479352.0 20903976815.0 450789863186.0 9.14352788613e+12 219819586550.0 20763188561.0 872269044621.0 80933.0 14364551.0 173990333829.0 5502552015.0 17737732506.0 0.0 1570804.0 20662165896.0 26900584943.0 4673967916.0 117134.0 6290148621.0 1061361.0 1128212364.0 312577062.0
110218.0 48196188.0 1330522.0 1491895607.0 33599905920.0 14700.0 1749399916.0 178797177.0 17420574.0 17539815260.0 586008644802.0 2.2317239044e+13 247614489384.0 19565151531.0 1.50707974132e+12 55123.0 10897810.0 283988966121.0 6496542896.0 15503747854.0 0.0 996864.0 46470931017.0 26581018931.0 5223527303.0 69765.0 6993590713.0 680076.0 1059227109.0 212921048.0
88848.0 18438207.0 895408.0 917062859.0 5348379913.0 14203.0 670832284.0 66100055.0 10838032.0 14447236102.0 211281065778.0 1.52700257443e+12 97483534612.0 12797962454.0 251131283823.0 54812.0 9569411.0 52929798872.0 2641845916.0 9162589157.0 0.0 988398.0 6155226022.0 10789573674.0 1862512065.0 67555.0 2395208848.0 560717.0 423024603.0 126238123.0
108363.0 35979656.0 1409681.0 1371747112.0 25036665426.0 26919.0 1431578150.0 133136484.0 21010100.0 22325069376.0 405397001560.0 2.18650300759e+13 174160912141.0 21979887915.0 1.18039935576e+12 127776.0 19202214.0 174383537261.0 6156703006.0 16354341043.0 0.0 2323684.0 17291160663.0 25491053212.0 4625784866.0 165674.0 5741485755.0 1360723.0 1012734587.0 291903866.0
107174.0 40428794.0 1385146.0 1342942233.0 34699091347.0 20966.0 1511968063.0 140368539.0 21263625.0 20709705487.0 417522192297.0 3.63520829037e+13 176318131429.0 19886543342.0 1.49450513327e+12 98137.0 14679851.0 201523611065.0 5812482339.0 15918901939.0 0.0 1727488.0 20399075518.0 26719404710.0 4634043741.0 130064.0 6015147004.0 1088032.0 1074648647.0 312176682.0
99139.0 48728611.0 962286.0 1037823953.0 45776524239.0 12778.0 1440338346.0 125002568.0 9545747.0 11595932532.0 483747893656.0 3.96436519563e+13 150600852952.0 13231122507.0 1.72842071512e+12 46301.0 9027765.0 244679515753.0 5489819215.0 7881877738.0 0.0 831818.0 46841734168.0 16279030127.0 3219007711.0 54871.0 4087984100.0 448147.0 481638628.0 86544835.0
126547.0 81656556.0 1687206.0 1730133936.0 97313642855.0 22052.0 2878531371.0 287393363.0 23685999.0 21082006863.0 789404210939.0 1.1422527179e+14 295322808010.0 24660425797.0 4.12941066018e+12 89916.0 16258564.0 640872451593.0 10960788001.0 18426957743.0 0.0 1717834.0 119729509167.0 43325701280.0 8482069495.0 126021.0 11729454790.0 1117055.0 1620957390.0 312365789.0
118159.0 46834809.0 1692089.0 1774768769.0 27368560153.0 24713.0 1989920494.0 218911688.0 27284728.0 23498314781.0 609462547908.0 1.57214170608e+13 295230212060.0 25571658101.0 1.4127242233e+12 129692.0 17995328.0 297614297682.0 7781746164.0 22179335551.0 0.0 2124064.0 45659018625.0 37548154097.0 6914130340.0 154854.0 9881129062.0 1428943.0 1680564321.0 410073833.0
126042.0 73055184.0 1779421.0 1853571110.0 73434389749.0 20892.0 2761806618.0 285662821.0 27689380.0 22107562709.0 790075915464.0 7.49079358834e+13 341445478671.0 25349126966.0 3.29278768384e+12 92023.0 15657259.0 574008571623.0 9959916930.0 21529700315.0 0.0 1672812.0 93814704545.0 46802258645.0 8846299344.0 129306.0 12357923828.0 1195024.0 1896223696.0 408656095.0
104800.0 34983790.0 1272430.0 1331099309.0 19846475121.0 23054.0 1340784949.0 131249285.0 17641689.0 19254066868.0 426850182224.0 1.17611722183e+13 179134959678.0 19275318366.0 943842169974.0 110076.0 16302920.0 165527802062.0 5445943943.0 14508170759.0 0.0 1898488.0 24031750320.0 22439538961.0 4096012401.0 135131.0 5323465288.0 1115580.0 865716084.0 230723525.0
102728.0 48521907.0 1125412.0 1194431717.0 47702851228.0 14641.0 1544813981.0 140847540.0 13389883.0 14260556621.0 473593184274.0 5.15200027587e+13 167974653471.0 15621968729.0 1.81319272793e+12 56839.0 10315881.0 261086634926.0 5595781222.0 11094201460.0 0.0 1005084.0 36864381297.0 20803458888.0 4010093965.0 69784.0 5145055305.0 622630.0 730660349.0 148597839.0
109068.0 60196348.0 1235324.0 1218529019.0 68027973623.0 21278.0 1908184645.0 169187669.0 14853984.0 15760827900.0 547807964586.0 7.4343908061e+13 165680715942.0 17314630109.0 2.66928895094e+12 112972.0 14633703.0 355460483014.0 7486142132.0 10870870150.0 0.0 1750626.0 66256094318.0 25033054891.0 4754803282.0 115689.0 6202631664.0 937782.0 789247272.0 167202944.0
107704.0 39005247.0 1426168.0 1410712224.0 26330549504.0 21127.0 1535395108.0 147181002.0 22687213.0 20748985018.0 446178604258.0 1.98790263265e+13 199884991515.0 20218197432.0 1.237521845e+12 97461.0 14516120.0 202076146750.0 5812430748.0 16876849133.0 0.0 1760950.0 22631485099.0 28601656094.0 4833855404.0 129332.0 6417659071.0 1160945.0 1146329331.0 344615275.0
90786.0 21229037.0 922558.0 935164973.0 8244459851.0 15496.0 760549737.0 70635045.0 10790108.0 14572271251.0 242161954835.0 3.43614918422e+12 101219480915.0 13474075793.0 381030285353.0 63498.0 10510532.0 69152508789.0 3095543024.0 9077214811.0 0.0 1095224.0 7261943798.0 11466086232.0 2145953674.0 73389.0 2556763943.0 601463.0 435805604.0 118236165.0
109943.0 77890129.0 1185672.0 1135926225.0 108321588333.0 17785.0 2185770945.0 207845065.0 13443149.0 13544445377.0 589071642978.0 1.35923274375e+14 141179865239.0 15135912842.0 3.81701345644e+12 76728.0 12540631.0 457631286752.0 7856454949.0 9165439168.0 0.0 1342304.0 140006235048.0 25794831487.0 4778997248.0 92515.0 6773739630.0 757899.0 763470015.0 145972670.0
103067.0 34335041.0 1211251.0 1276590672.0 19024025835.0 17752.0 1290702678.0 124462820.0 16055531.0 17742655115.0 417613202132.0 1.06146111153e+13 175262279430.0 18184322550.0 895623510029.0 76274.0 12699101.0 162730558270.0 5196774410.0 13416594960.0 0.0 1338414.0 21161194683.0 20670426962.0 3891498876.0 91753.0 4937173307.0 806568.0 791970357.0 200262549.0
98940.0 32961150.0 1086356.0 1086380193.0 21589372219.0 23158.0 1143676507.0 107824087.0 13459684.0 16599945212.0 365539673754.0 1.42001810694e+13 122237488798.0 15841244140.0 951098234427.0 117649.0 15894525.0 140818973336.0 4685350067.0 10655285641.0 0.0 1985252.0 25099933078.0 16767756909.0 3128512551.0 144289.0 3982369290.0 1046816.0 588713981.0 159650492.0
105958.0 41061451.0 1287706.0 1362077198.0 27491656396.0 16980.0 1500062284.0 152219219.0 18187064.0 18131633183.0 482302605091.0 1.8323193179e+13 194538834046.0 18360494478.0 1.23966868675e+12 76208.0 12157736.0 205542930030.0 5584696068.0 14580734777.0 0.0 1329758.0 38652373071.0 24634257861.0 4404457261.0 99834.0 6043547330.0 865201.0 943922654.0 248447701.0
102730.0 43591423.0 1142017.0 1173340512.0 37948154875.0 19046.0 1452681564.0 127629945.0 14053369.0 15606979167.0 448101783459.0 3.43244382582e+13 155477634100.0 16185597685.0 1.5586518598e+12 79907.0 13294735.0 220845030408.0 5614429587.0 11187277782.0 0.0 1434056.0 31592818394.0 20475636738.0 3868200046.0 102738.0 4767064330.0 831822.0 697005434.0 164022170.0
121984.0 48595807.0 1833821.0 1820703982.0 34916520894.0 33145.0 2115009470.0 212467736.0 31743563.0 27520150888.0 599547682088.0 2.9373801116e+13 283622463341.0 28942366069.0 1.78377791987e+12 180433.0 24058865.0 309281974026.0 8964148596.0 23942540181.0 0.0 3148354.0 36948820009.0 42536404773.0 7412449376.0 231314.0 10151866954.0 2013006.0 1782559417.0 516257768.0
102040.0 47635442.0 1092120.0 1133104524.0 45978128254.0 15740.0 1500511586.0 127126270.0 12750314.0 14642124389.0 469195139931.0 4.34894522224e+13 153438564890.0 15237311272.0 1.80750609484e+12 65065.0 10855265.0 238532277912.0 5698670958.0 10194566067.0 0.0 1151890.0 39176377369.0 19865914901.0 3716802144.0 76252.0 4541192285.0 653636.0 623055925.0 140368781.0
103021.0 31233449.0 1267992.0 1280864976.0 17169320705.0 21345.0 1224130237.0 117329143.0 18438994.0 19783296307.0 367184706112.0 1.10711570261e+13 162459969846.0 18875208645.0 820828123852.0 92039.0 14980285.0 139802589126.0 4900347761.0 14723526580.0 0.0 1719702.0 14799122815.0 21672225600.0 3853232429.0 122841.0 4869487756.0 1063242.0 860521249.0 256334833.0
104411.0 38660550.0 1207227.0 1292870611.0 24302607273.0 19275.0 1407475305.0 133353258.0 15365809.0 16914339538.0 463980329326.0 1.49520715495e+13 186461771618.0 18135875288.0 1.11070091548e+12 89011.0 13813708.0 191527020677.0 5711166427.0 12857110305.0 0.0 1472698.0 29118825589.0 21370944226.0 4026844387.0 97862.0 5201511653.0 848173.0 773110935.0 182599427.0
107684.0 36175300.0 1337216.0 1411514738.0 19074514160.0 23756.0 1437503064.0 141589037.0 18529955.0 20039265332.0 458889362403.0 9.85274534833e+12 203715032960.0 20775455719.0 953240100739.0 112835.0 17191357.0 183321950478.0 5995298915.0 15584710056.0 0.0 1916922.0 23323917134.0 24149331837.0 4574817946.0 134275.0 5879238025.0 1119769.0 973597329.0 237402358.0
110095.0 41461138.0 1415760.0 1481473950.0 26105395023.0 21256.0 1626723289.0 159413400.0 20927341.0 20397907872.0 506632716910.0 1.689523394e+13 222163851100.0 21118136104.0 1.25603440172e+12 109685.0 15186228.0 227411818540.0 6408768890.0 16691202663.0 0.0 1836032.0 30655046238.0 28310963549.0 5136980170.0 128856.0 6753846123.0 1152673.0 1103128601.0 295067753.0
113363.0 38164610.0 1564583.0 1651792111.0 17434871913.0 26454.0 1650816195.0 179501018.0 24432529.0 22900348892.0 514656553072.0 7.4739680144e+12 260091829314.0 24320488853.0 935189450743.0 131563.0 19384664.0 209059546867.0 6802371716.0 20418717393.0 0.0 2254518.0 29761583891.0 31308176879.0 5682708954.0 164933.0 8009424298.0 1434516.0 1403199060.0 352417269.0
109146.0 47491649.0 1307401.0 1354392726.0 38887900048.0 20974.0 1690688786.0 157881322.0 17262274.0 18463010499.0 525271119706.0 3.15462200403e+13 190745204605.0 19383728847.0 1.7230538856e+12 103602.0 15052626.0 261960925333.0 6784528063.0 13725841495.0 0.0 1717722.0 44666924477.0 25479285891.0 4831601550.0 115161.0 6189697163.0 963172.0 898837966.0 215951775.0
95053.0 47607853.0 880844.0 926125350.0 49083874182.0 12592.0 1318297889.0 106228793.0 8707364.0 10859467522.0 437219732208.0 4.61614621433e+13 126171242588.0 11442094976.0 1.74884334325e+12 45084.0 8137166.0 209403327760.0 4833546222.0 6776707230.0 0.0 831914.0 44596220323.0 14645813749.0 2696052083.0 57206.0 3318655377.0 434938.0 383767713.0 81987744.0
106061.0 63775486.0 1053906.0 1134396011.0 72527840212.0 12952.0 1847454217.0 166764628.0 10179965.0 11595676475.0 591629048340.0 7.68508430904e+13 178625606683.0 14522047129.0 2.64819890594e+12 50345.0 9454407.0 380228098879.0 7046357778.0 8391582050.0 0.0 802922.0 76927923059.0 19795878176.0 4036053247.0 52122.0 5406915076.0 434307.0 605279812.0 87931254.0
87028.0 19162635.0 805026.0 804604985.0 7779385625.0 18799.0 642270419.0 53602484.0 8509227.0 12912563828.0 212586467343.0 3.4062534095e+12 79606511346.0 11558579997.0 344458143216.0 89194.0 12345350.0 53281136262.0 2729744150.0 6961069676.0 0.0 1467118.0 5552784277.0 8932717723.0 1593759248.0 103032.0 1805666819.0 702348.0 287384517.0 85055620.0
103348.0 59321106.0 1056780.0 1077618310.0 74370203816.0 16465.0 1708676936.0 135193686.0 11545748.0 13379308924.0 495758538066.0 8.98935124218e+13 142558284244.0 14317906092.0 2.66048432057e+12 74057.0 11358338.0 315818618316.0 6321713324.0 8690580970.0 0.0 1241846.0 55278570152.0 20425650352.0 3807442371.0 83788.0 4597660526.0 649146.0 554442668.0 119402963.0
120612.0 66480281.0 1614370.0 1671100863.0 69256951241.0 23234.0 2426432064.0 234263613.0 23899316.0 20981265122.0 688225100380.0 7.59995895927e+13 279142093766.0 23425704877.0 2.99137384083e+12 109344.0 16870741.0 472995244898.0 9083191903.0 18458557046.0 0.0 1931198.0 71533835691.0 39446880977.0 7379676297.0 139139.0 9901983557.0 1252866.0 1475328064.0 335128704.0
116653.0 54121556.0 1570120.0 1606735520.0 52209440573.0 22346.0 2048997170.0 190450187.0 24001718.0 22200802622.0 572193459828.0 5.84997734559e+13 243797668782.0 23508390259.0 2.29015784922e+12 99996.0 16237304.0 338578049949.0 7967008819.0 18731559025.0 0.0 1808100.0 39449794407.0 35411711009.0 6402537220.0 128904.0 8324033915.0 1203915.0 1357124772.0 346926621.0
93203.0 21458299.0 981179.0 976569956.0 7839411975.0 19526.0 795251867.0 76154917.0 11643145.0 15530954337.0 252066151308.0 3.0058689798e+12 105592342837.0 14857815206.0 378157488835.0 98886.0 13248089.0 70578084548.0 3512724292.0 9692422318.0 0.0 1532108.0 8586626336.0 12203336475.0 2259724142.0 101077.0 2814921397.0 766638.0 464348502.0 127066668.0
106797.0 60480922.0 1174449.0 1183519292.0 79892062383.0 15950.0 1820332328.0 147631498.0 13986809.0 15467832461.0 491563294110.0 1.09536350198e+14 149065905142.0 16375974589.0 2.88036585989e+12 65546.0 11304272.0 335706045007.0 6761882575.0 10757757239.0 0.0 1155578.0 51426526287.0 23728555648.0 4398497331.0 79640.0 5346044574.0 665679.0 716635747.0 156463863.0
95709.0 43275840.0 915392.0 1009101090.0 37465527708.0 11411.0 1273781919.0 108538991.0 9422069.0 11601812234.0 440876545308.0 3.00210588263e+13 143176214689.0 12350392874.0 1.40788075753e+12 45018.0 7968841.0 203250459084.0 4564699549.0 7967709642.0 0.0 747864.0 33532989557.0 15025153131.0 2926119842.0 48912.0 3543691942.0 431836.0 452972413.0 92202271.0
105673.0 53131552.0 1186738.0 1206912213.0 61007577603.0 17066.0 1678211117.0 139357162.0 14742612.0 16081534762.0 470342923832.0 7.23158206053e+13 154574215423.0 16753347186.0 2.33321638453e+12 69094.0 12129992.0 282057376772.0 6243979932.0 11624046447.0 0.0 1243588.0 41163155137.0 23146892186.0 4316030395.0 85299.0 5183567377.0 735932.0 752302140.0 172996863.0
104540.0 42195067.0 1204203.0 1208684175.0 45183698454.0 20102.0 1416986459.0 114708522.0 15663920.0 18464176860.0 387211304746.0 5.74319663516e+13 142236468978.0 18054371039.0 1.77033139894e+12 80605.0 14361851.0 195208039780.0 5620921734.0 12795857966.0 0.0 1493376.0 17508952759.0 21278656277.0 3916951172.0 106208.0 4495431495.0 872798.0 730623618.0 193254044.0
130739.0 86247697.0 1849498.0 1915207789.0 98797433817.0 19433.0 3165889324.0 335662266.0 28047817.0 22020954859.0 866487948689.0 1.11792041339e+14 359963067326.0 26119600885.0 4.30560171463e+12 76440.0 14545715.0 736530366681.0 11291836343.0 21830902929.0 0.0 1427582.0 135566061332.0 51218280839.0 9974364210.0 103935.0 14222009975.0 1031821.0 2099506150.0 401576773.0
112680.0 66801962.0 1321824.0 1392203429.0 77752585778.0 16688.0 2146437054.0 196234913.0 16855964.0 16512737562.0 617620177173.0 9.12451978406e+13 216990119404.0 18288364532.0 3.00828870452e+12 83909.0 11922125.0 432838557646.0 7648134453.0 13096843575.0 0.0 1301594.0 75422036647.0 29724147521.0 5694576594.0 88047.0 7387745219.0 787556.0 986743178.0 204785967.0
103428.0 37882807.0 1202089.0 1286222141.0 22893441681.0 18859.0 1383293757.0 131756484.0 15811244.0 16716593891.0 456095833836.0 1.33874819119e+13 189989543246.0 17557818400.0 1.04795523322e+12 86552.0 13190536.0 185385729204.0 5413147233.0 12911862474.0 0.0 1470630.0 27055197375.0 21662956310.0 3955524289.0 104399.0 5174508389.0 878404.0 799686543.0 196190058.0
106450.0 39985395.0 1287755.0 1329372163.0 33613268788.0 21765.0 1448311960.0 131194907.0 17639857.0 19624205973.0 427816495394.0 3.47031282196e+13 171951041888.0 19580289857.0 1.43095541253e+12 102427.0 15757619.0 193371583386.0 5793740936.0 14689110354.0 0.0 1775020.0 21498979765.0 23385998540.0 4283884846.0 123919.0 5321240911.0 1049022.0 871647103.0 227433651.0
102699.0 34200533.0 1192366.0 1279942691.0 18877655358.0 17322.0 1272749464.0 124840709.0 15757141.0 17508721465.0 414903534801.0 1.05883542155e+13 174400378971.0 17756685886.0 876039330289.0 70623.0 12606802.0 161882826354.0 4950849745.0 13395760675.0 0.0 1269198.0 21914006777.0 20325920976.0 3804608921.0 89054.0 4909856553.0 792379.0 792481849.0 196558446.0
109310.0 39495265.0 1369702.0 1532147169.0 20098911200.0 17349.0 1555307671.0 167936138.0 19079186.0 18899691586.0 517336366394.0 9.62601953898e+12 247653511682.0 20628987077.0 975841973888.0 60132.0 13076680.0 215458446537.0 5917266262.0 17152364600.0 0.0 1186738.0 31244468675.0 26118809029.0 4918952446.0 83606.0 6895790420.0 808608.0 1166564797.0 245121652.0
122027.0 82211468.0 1580474.0 1627653804.0 101984312754.0 15679.0 2751242082.0 276205238.0 22148375.0 18392332388.0 745709634542.0 1.25793895049e+14 282225050906.0 21340149982.0 4.04694345692e+12 65121.0 11534640.0 638543776183.0 9303143850.0 16808528152.0 0.0 1132050.0 116565232755.0 40881231554.0 7885293401.0 75764.0 10932851747.0 790299.0 1543300388.0 292672919.0
105855.0 40511138.0 1252302.0 1342040921.0 27728843189.0 17261.0 1474922250.0 140390944.0 16668806.0 17998091232.0 474718504044.0 1.94400167413e+13 189074565433.0 18596159116.0 1.24985862085e+12 72090.0 12346917.0 207770266870.0 5769918536.0 13967365457.0 0.0 1319804.0 30254366940.0 23119966693.0 4322732011.0 89745.0 5535402233.0 809485.0 853462952.0 210545779.0
108545.0 39882480.0 1364900.0 1415048000.0 29982028737.0 20421.0 1520927827.0 144633858.0 19420705.0 20750089653.0 447118335074.0 2.78445531042e+13 191189397257.0 20947317922.0 1.34712454114e+12 92633.0 14707384.0 206480971569.0 6126683410.0 16101872924.0 0.0 1626796.0 22769533739.0 25560392676.0 4733495253.0 107989.0 6059105566.0 994307.0 1025111123.0 257999880.0
93896.0 22453612.0 1043740.0 995277152.0 9939410994.0 20727.0 846329827.0 78031153.0 13972368.0 17073525939.0 249292868738.0 5.30983359689e+12 106976003892.0 15103573518.0 469336453688.0 93098.0 13842779.0 76467350120.0 3494577529.0 10589498779.0 0.0 1771072.0 7357334119.0 14338803550.0 2493565196.0 122258.0 3029377856.0 958183.0 546724757.0 179003881.0
116750.0 61542229.0 1463017.0 1580667080.0 55002107938.0 17417.0 2191970230.0 225057418.0 19603502.0 18218637457.0 687548035034.0 4.79259318238e+13 274492160504.0 21153874579.0 2.39194134085e+12 70763.0 12742073.0 420369164074.0 8194088020.0 16210699493.0 0.0 1254730.0 74648814301.0 32646363911.0 6448351009.0 89300.0 8907573345.0 824861.0 1266027456.0 247309897.0
90840.0 25551181.0 916827.0 872832451.0 20039267832.0 18720.0 824315170.0 65689449.0 10921204.0 14719072827.0 241793384352.0 1.98458761022e+13 86129979549.0 12835391374.0 773751046667.0 82557.0 12288940.0 79353071976.0 3277909159.0 8474491601.0 0.0 1473356.0 6136241542.0 11982472552.0 2088009194.0 101678.0 2357235713.0 762122.0 406739446.0 124867255.0
130579.0 73223395.0 1965388.0 1989855195.0 69228945224.0 24982.0 2946374681.0 307710832.0 32915874.0 25842018715.0 834364686402.0 6.38992534498e+13 364555334245.0 29042937162.0 3.3350693458e+12 117749.0 18500983.0 591489629824.0 11297372250.0 24533696216.0 0.0 2148970.0 99917968959.0 53805643818.0 9933658972.0 152803.0 14065992503.0 1504628.0 2173404739.0 525481082.0
113094.0 49989104.0 1457942.0 1560157597.0 35894274980.0 18773.0 1895086967.0 191705291.0 20990499.0 19428592167.0 599688736365.0 2.50855129928e+13 260152482291.0 21252188737.0 1.6700885548e+12 81396.0 13532934.0 305093323184.0 7171159072.0 16992541811.0 0.0 1441168.0 48393225774.0 31315128329.0 5858567844.0 99019.0 7953503833.0 947763.0 1230584076.0 284415353.0
106911.0 38884865.0 1290623.0 1426967646.0 21405671947.0 19470.0 1477319170.0 154793688.0 17046128.0 17994978739.0 493941452098.0 1.147769843e+13 219511533648.0 19580249159.0 1.0116382872e+12 84720.0 14106619.0 202274483221.0 5841828892.0 15191382762.0 0.0 1471764.0 31686894094.0 23481032284.0 4452637519.0 102338.0 6174824266.0 908455.0 981845017.0 206064486.0
119274.0 66439248.0 1572061.0 1573986943.0 70549437089.0 28805.0 2381092386.0 221563114.0 22883733.0 20686516174.0 670998561788.0 7.48785175356e+13 256117567904.0 22855973043.0 3.04798637513e+12 170147.0 20299954.0 454277551051.0 9286260299.0 16693089447.0 0.0 2742888.0 75346431942.0 37897940645.0 6906161764.0 190326.0 9248192727.0 1576115.0 1321384366.0 313971525.0
102018.0 36067531.0 1183618.0 1220010110.0 28105962270.0 19291.0 1281960356.0 111771798.0 16131356.0 18029798424.0 384534783105.0 2.63331490225e+13 153376840338.0 17324747320.0 1.18882383461e+12 98919.0 13515266.0 162743240416.0 4982975015.0 12915984350.0 0.0 1565734.0 16436221779.0 20716419969.0 3616522005.0 107980.0 4449801865.0 935310.0 731968305.0 212236752.0
106211.0 67232457.0 1081816.0 1170483791.0 80482189269.0 12905.0 1927279638.0 172255485.0 11360048.0 12172853935.0 597011013957.0 9.10017449651e+13 190423139245.0 14352779898.0 2.86279044108e+12 49552.0 9303943.0 411288920540.0 6746392383.0 9020599030.0 0.0 867184.0 79488053709.0 21999607523.0 4343727738.0 56561.0 5689922354.0 498190.0 663599098.0 111973600.0
109714.0 37408057.0 1434108.0 1462263020.0 21216489808.0 27898.0 1520770627.0 145510038.0 21741858.0 21977573131.0 470110030462.0 1.23038189168e+13 208831785534.0 22062421833.0 1.07135584484e+12 157833.0 19427530.0 189474235846.0 6359765617.0 16982737573.0 0.0 2601128.0 23976589872.0 27708750333.0 4905483211.0 192135.0 6292923370.0 1509329.0 1059608967.0 313783406.0
99454.0 23189971.0 1211090.0 1145420860.0 9309692088.0 26237.0 948546410.0 92160080.0 17764575.0 20735142978.0 271208033845.0 4.74935775894e+12 128203812016.0 18334815542.0 474505816523.0 145223.0 18150629.0 82598379093.0 4094176236.0 13631381445.0 0.0 2332200.0 7377416009.0 17774242999.0 3031487287.0 169592.0 3806923931.0 1305696.0 739681825.0 248791117.0
88089.0 18517394.0 850301.0 874484435.0 6161462969.0 13355.0 646972756.0 59844760.0 9700784.0 13956881468.0 209403803552.0 2.19075624456e+12 90324578554.0 12174442726.0 280509627920.0 50048.0 8938615.0 51263280478.0 2552077583.0 8386195025.0 0.0 910378.0 5297065423.0 9828082506.0 1750420365.0 61127.0 2086066504.0 503054.0 361368544.0 106885217.0
109502.0 53296433.0 1308895.0 1341481168.0 60571027748.0 20018.0 1786030039.0 150134058.0 17525033.0 18456764263.0 492062250121.0 7.72184304047e+13 182022115660.0 19110274973.0 2.37945765446e+12 90382.0 14383536.0 296664400812.0 6779550562.0 13943676838.0 0.0 1547100.0 34496379776.0 26858202029.0 4911274395.0 106319.0 5969511555.0 939031.0 909606070.0 221109403.0
88748.0 19944717.0 893741.0 882969737.0 7727273892.0 17043.0 708168012.0 64621636.0 10750187.0 14046602560.0 219982893144.0 3.38085229984e+12 93179440175.0 12529767194.0 351675381761.0 80471.0 11271472.0 60546560312.0 2805666231.0 8604733524.0 0.0 1345638.0 5750780052.0 11006773307.0 1964415516.0 91001.0 2337816257.0 718247.0 411057979.0 124328874.0
109675.0 47371181.0 1347758.0 1400852895.0 43172522388.0 20792.0 1701961304.0 152772572.0 18525312.0 19126352401.0 499699023355.0 4.5545982541e+13 200509275304.0 20062390734.0 1.83191927786e+12 94161.0 15141316.0 264018242219.0 6648597326.0 15024851033.0 0.0 1621516.0 29882489537.0 26922885162.0 4971512396.0 115944.0 6241033231.0 996367.0 994627940.0 238774358.0
105248.0 54935793.0 1115345.0 1205712664.0 53818281136.0 13201.0 1709484692.0 152863556.0 12502184.0 14030922090.0 551293120672.0 4.92278854783e+13 184769488793.0 15533276949.0 2.10945166991e+12 48173.0 9321473.0 309654239976.0 6344930479.0 10248799145.0 0.0 868488.0 56295574688.0 21385596064.0 4224242249.0 58132.0 5332481762.0 533144.0 674103743.0 132745151.0
102072.0 40213153.0 1101718.0 1210657972.0 27938537802.0 16657.0 1366188630.0 132561958.0 12555095.0 14765971430.0 460322065012.0 1.92524502815e+13 168287806738.0 16350751553.0 1.18930973776e+12 66670.0 12135312.0 205663724286.0 5352364881.0 11147247786.0 0.0 1112594.0 32809264882.0 18321641866.0 3715981804.0 78216.0 4814196532.0 648266.0 682700855.0 130328098.0
111556.0 49207031.0 1404465.0 1425811264.0 45241642262.0 27027.0 1791771832.0 158620602.0 19867579.0 20709094273.0 523786606109.0 4.59029780886e+13 200587559422.0 21269945002.0 1.96998466274e+12 146176.0 18971521.0 276969082613.0 7275278621.0 15269950409.0 0.0 2444096.0 36478678635.0 28949309299.0 5267235833.0 168001.0 6582871860.0 1345817.0 1002246599.0 265196901.0
126621.0 79382269.0 1750400.0 1796772872.0 84140320264.0 19454.0 2885488833.0 300709859.0 26198283.0 21295019789.0 832418178402.0 8.3417883961e+13 340260740089.0 24593472698.0 3.71125906831e+12 94986.0 14658988.0 628179670358.0 10466599238.0 20119193066.0 0.0 1514498.0 120611022679.0 46358039140.0 8841454490.0 107125.0 12525702821.0 1056154.0 1820297975.0 371563061.0
111009.0 59121777.0 1295641.0 1378998642.0 56032271254.0 18165.0 1960020017.0 191796375.0 16158728.0 16287025548.0 622621600508.0 5.01071577328e+13 221749468564.0 18264437558.0 2.30371380578e+12 79241.0 13327584.0 361942207788.0 7345430544.0 13053189858.0 0.0 1358768.0 73578591583.0 27145710192.0 5222078851.0 93918.0 7114049038.0 829852.0 949327852.0 189113446.0
101462.0 43273274.0 1071941.0 1131640615.0 39309418550.0 18293.0 1393488044.0 118322737.0 12089424.0 14604924036.0 443026444071.0 3.77389232243e+13 148291683236.0 15664532546.0 1.56022613016e+12 81436.0 12937054.0 209389983585.0 5531860702.0 10087469919.0 0.0 1366148.0 30297843069.0 18247561183.0 3516149779.0 92112.0 4272018150.0 726072.0 586931181.0 125702748.0
127107.0 80225578.0 1776249.0 1756979716.0 97734809394.0 20646.0 2888480350.0 294791167.0 26691631.0 22375478746.0 747162683422.0 1.20782735778e+14 280803232872.0 25605781359.0 4.16765505982e+12 93056.0 15511965.0 627245862714.0 10777582182.0 20233946097.0 0.0 1636148.0 114093388274.0 46221139554.0 8884252476.0 111267.0 12464930742.0 1098345.0 1864836874.0 374438669.0
118694.0 48310046.0 1696513.0 1748552453.0 29408311164.0 22207.0 2020725728.0 240570400.0 26538479.0 22814309245.0 609877320644.0 1.78571915117e+13 279448900442.0 25501493827.0 1.4872819451e+12 114835.0 16451348.0 323536399324.0 7907578644.0 21886558431.0 0.0 1844288.0 56093523929.0 36253606273.0 7062822574.0 131118.0 10594237572.0 1211807.0 1798513570.0 380834041.0
98621.0 34793527.0 1059144.0 1068031105.0 24372785395.0 20688.0 1186454267.0 102524215.0 12517733.0 14899771989.0 383584671688.0 1.72643561128e+13 132057422770.0 15513974020.0 1.05035494377e+12 95908.0 13910658.0 151288378886.0 5040794495.0 9742209632.0 0.0 1590424.0 22468114177.0 16707607502.0 3041256550.0 111447.0 3790957864.0 849916.0 542601394.0 137114051.0
136250.0 90350930.0 2057208.0 2100397365.0 98669508534.0 20257.0 3490378061.0 383300332.0 33671476.0 24541675110.0 958935020627.0 1.03165526347e+14 422475620458.0 29029101116.0 4.55083438104e+12 84174.0 15565262.0 811285247025.0 12534229162.0 25661288216.0 0.0 1528016.0 157837684261.0 60696546499.0 11616201736.0 108817.0 16956791460.0 1147262.0 2558097669.0 525726659.0
104307.0 43843023.0 1230078.0 1241336538.0 37229278239.0 21018.0 1513292399.0 138624952.0 16723356.0 17268692591.0 457748891450.0 3.31359526745e+13 163298209167.0 17328336728.0 1.55978758416e+12 98067.0 14457831.0 223469224416.0 5753753667.0 12587102140.0 0.0 1778920.0 36234658313.0 23419255993.0 4198976976.0 125240.0 5401608873.0 1043805.0 809577263.0 218214953.0
123902.0 67638225.0 1704797.0 1779842207.0 63365824549.0 23443.0 2561569745.0 261549704.0 25424479.0 21929824800.0 761876953110.0 5.82335500811e+13 317770801890.0 25209200804.0 2.90704469092e+12 107570.0 17261593.0 497703268979.0 9887204931.0 20143037317.0 0.0 1923956.0 85856414233.0 42219252499.0 8050105217.0 132072.0 11147332541.0 1265816.0 1654988910.0 356187541.0
93887.0 25051357.0 987966.0 1035521678.0 10632338934.0 14399.0 901559368.0 86922127.0 11957331.0 14574756467.0 296518997932.0 4.5514349803e+12 125715538872.0 14326610803.0 487681911910.0 57996.0 9940177.0 92842243607.0 3553222427.0 10143771079.0 0.0 995126.0 11040653228.0 13735560086.0 2541935529.0 68867.0 3227228487.0 586206.0 539013968.0 135951178.0
122313.0 50783785.0 1805956.0 1805382528.0 36987056485.0 30304.0 2172741970.0 222161407.0 29709797.0 26652659180.0 627153269240.0 2.97254972785e+13 288473470572.0 28737965393.0 1.89103690676e+12 154229.0 22445548.0 332579575803.0 9387074478.0 23018001731.0 0.0 2753526.0 43725818516.0 41174504975.0 7540389281.0 193035.0 10389977665.0 1704968.0 1746915885.0 454278159.0
110909.0 61371156.0 1318438.0 1300499008.0 75980655374.0 21704.0 1966693321.0 170390041.0 17464593.0 18282171608.0 522108032300.0 9.39183133187e+13 162967349219.0 18634215732.0 2.95841491791e+12 113121.0 15210444.0 332228127663.0 7487335721.0 13027585055.0 0.0 1785456.0 72781988336.0 28329715963.0 5099492915.0 124544.0 6452479813.0 1012858.0 899456328.0 220283836.0
99920.0 31264643.0 1146993.0 1181547289.0 18301049933.0 19308.0 1150050741.0 108893806.0 14952924.0 17263947741.0 362194498593.0 1.23023254711e+13 148817001102.0 17090588933.0 826576433922.0 80569.0 13477959.0 133623455659.0 4643495498.0 12473995905.0 0.0 1437260.0 16077894359.0 18273081090.0 3381697302.0 102381.0 4261329190.0 855525.0 708531475.0 181611054.0
99634.0 33194152.0 1124926.0 1214777553.0 18324087289.0 17847.0 1203840266.0 114690620.0 14517817.0 16187714809.0 395271613240.0 1.02021274573e+13 167672324464.0 16262677368.0 828578817873.0 70622.0 12449306.0 151124265495.0 4527682997.0 12329918171.0 0.0 1288454.0 19006311295.0 18873742836.0 3501241930.0 96311.0 4425434798.0 794507.0 718715764.0 176330230.0
115256.0 46769607.0 1577880.0 1624384056.0 34486388327.0 23711.0 1881573087.0 183281822.0 24735748.0 23180052042.0 555402623274.0 2.81898800897e+13 249848443584.0 23948418343.0 1.6552791458e+12 108335.0 17011625.0 275644396569.0 7467371347.0 19477095462.0 0.0 1985160.0 35294671759.0 34238952660.0 6201948515.0 137961.0 8138984197.0 1273146.0 1379945589.0 365136995.0
100073.0 30638985.0 1160128.0 1195360386.0 15090678169.0 20879.0 1160849016.0 115927028.0 15101107.0 17042198582.0 365702984426.0 7.45348010459e+12 155385222371.0 17240646694.0 722947781098.0 94314.0 14587445.0 137605496301.0 4728407900.0 12479020857.0 0.0 1656498.0 18496595403.0 18412286753.0 3513196467.0 115613.0 4558692424.0 961444.0 744026757.0 182124743.0
121730.0 65851073.0 1639444.0 1734467767.0 60202683594.0 17140.0 2452738349.0 262695693.0 23911870.0 20523490489.0 730602439104.0 5.41308477954e+13 297935407734.0 23655563907.0 2.70982836837e+12 63851.0 12958483.0 480966382645.0 9006416247.0 19333896433.0 0.0 1194832.0 90844916706.0 39260576085.0 7793092909.0 89176.0 10883854546.0 850155.0 1623437228.0 330345962.0
92334.0 32704247.0 870653.0 933191376.0 25000212050.0 12704.0 1001780526.0 79934042.0 9045916.0 12257907437.0 338970592150.0 2.0000570887e+13 109812726851.0 12247596802.0 969298877673.0 50316.0 8708204.0 129935482095.0 3838214796.0 7668058855.0 0.0 873480.0 15391382295.0 12468561540.0 2356406846.0 59624.0 2682206875.0 474999.0 373105307.0 89034296.0
115046.0 59317319.0 1432420.0 1551947973.0 52069895403.0 16419.0 2096585760.0 216600886.0 19188504.0 17843137567.0 663902168946.0 4.41419871196e+13 262046363797.0 20633337471.0 2.24821243366e+12 58298.0 12141166.0 388096220608.0 7751863303.0 16017998642.0 0.0 1109820.0 73600734518.0 31399499570.0 6120254089.0 79687.0 8485866315.0 756707.0 1222722217.0 240854029.0
108456.0 63282888.0 1200553.0 1266059239.0 80293234824.0 13477.0 1925230082.0 161840923.0 14594995.0 15522590213.0 538458020789.0 1.04391655708e+14 175307656980.0 16494215361.0 2.94014477412e+12 45603.0 9440751.0 372350541144.0 6759271566.0 11610104655.0 0.0 900820.0 58961535705.0 25448615608.0 4856374355.0 60917.0 5869210639.0 574778.0 781230634.0 171724104.0
105994.0 45570705.0 1283605.0 1284087524.0 44408357382.0 20728.0 1579867129.0 147186684.0 17328374.0 17401886657.0 446363188436.0 5.15610316202e+13 174668782934.0 18457163842.0 1.77616928725e+12 104238.0 14398416.0 239985110642.0 6088303920.0 13643941840.0 0.0 1683066.0 28606058268.0 24314765335.0 4445697450.0 114863.0 5934301991.0 977557.0 944726396.0 215264849.0
110049.0 65038473.0 1238817.0 1278634020.0 82035154354.0 15240.0 2002621788.0 174924556.0 14917852.0 15601343443.0 557793345166.0 1.05244598262e+14 182064386582.0 17162535064.0 3.04894923644e+12 59733.0 10954311.0 395126719582.0 7215489876.0 11823016423.0 0.0 1027752.0 64678633593.0 26205848704.0 5088295374.0 72712.0 6380026644.0 631706.0 856734780.0 168844400.0
106207.0 53162234.0 1205856.0 1260818718.0 56145044527.0 16413.0 1712142269.0 152562907.0 14954135.0 15335141669.0 510544201100.0 6.43626185414e+13 184230594374.0 16880381671.0 2.15861913266e+12 65419.0 11709551.0 297734051431.0 6286580438.0 12105515658.0 0.0 1191158.0 41916565474.0 23796688025.0 4473560047.0 86102.0 5708236673.0 736372.0 815482449.0 173981524.0
112124.0 59939435.0 1340572.0 1394656583.0 61246087623.0 15624.0 1999540947.0 189293935.0 17436580.0 17066944548.0 605703233393.0 6.07791039452e+13 213479867026.0 18918292443.0 2.50994490984e+12 60452.0 11460721.0 356202559616.0 7562185465.0 13801590965.0 0.0 1108532.0 73154605692.0 28812275961.0 5331771292.0 75830.0 7177259508.0 690356.0 1003174852.0 213613478.0
108796.0 53133825.0 1274612.0 1342542620.0 53451168233.0 18101.0 1777539204.0 158808141.0 16515856.0 17306689688.0 533851982954.0 5.57974134466e+13 191422968729.0 18313380422.0 2.16382179671e+12 68497.0 13112809.0 299163349872.0 6661493341.0 13468315658.0 0.0 1285886.0 46506472768.0 25911954856.0 4846651034.0 92987.0 6099557630.0 813392.0 893549869.0 202625262.0
104848.0 37224032.0 1220938.0 1234439871.0 25346258128.0 22963.0 1361456948.0 128618265.0 15566668.0 18436260495.0 422648526684.0 1.7888089317e+13 150105361566.0 18748472016.0 1.16649781436e+12 108640.0 16492550.0 182265650658.0 5866357633.0 12520597766.0 0.0 1878564.0 28907452677.0 20452787919.0 3961238238.0 131685.0 5003354572.0 1029354.0 736541872.0 185979623.0
105233.0 53940085.0 1200715.0 1182015176.0 66454444677.0 18857.0 1682603117.0 140230560.0 15579322.0 16663305962.0 443316161930.0 8.56021470754e+13 137338674561.0 16540538486.0 2.47542985991e+12 85389.0 12982801.0 279317542112.0 6137482971.0 11659686835.0 0.0 1494888.0 44580582164.0 23846866665.0 4343739583.0 104677.0 5252412749.0 887813.0 761409673.0 194779718.0
95968.0 32843993.0 996564.0 1071031493.0 21118013989.0 12284.0 1103106927.0 95437617.0 11725847.0 14134639802.0 366263443647.0 1.39155254278e+13 138860389848.0 14130142226.0 894873540330.0 39510.0 8587841.0 138552614718.0 4198550718.0 9882207953.0 0.0 806080.0 17102254348.0 15639286867.0 2938242462.0 58477.0 3459233361.0 492558.0 517321090.0 133168711.0
115683.0 49914274.0 1558293.0 1565110359.0 41001756409.0 26464.0 1944593253.0 184161129.0 23597900.0 22911456134.0 566292392398.0 3.57144877989e+13 231707037400.0 23803128161.0 1.93193225505e+12 123983.0 18973615.0 300369753306.0 7999249163.0 18152984444.0 0.0 2273738.0 41332698191.0 33614209434.0 6204434875.0 161314.0 8007508177.0 1391093.0 1277325707.0 335420903.0
110689.0 59270595.0 1310072.0 1290082735.0 79646712658.0 19435.0 1890896086.0 148569159.0 17341843.0 19316119435.0 470389789988.0 1.09828151566e+14 156335408043.0 19169327772.0 3.04351259978e+12 82192.0 13963533.0 314131440772.0 7233293290.0 13413572410.0 0.0 1476868.0 46133233321.0 27381202118.0 4987783114.0 100381.0 5784516051.0 896801.0 864869225.0 218023298.0
110743.0 53758852.0 1362851.0 1357405204.0 53886887643.0 26137.0 1866720816.0 160924934.0 18985330.0 19115432733.0 536375881964.0 5.48334304048e+13 195900570531.0 19627844046.0 2.27624953097e+12 113200.0 18461401.0 310542958551.0 7268213771.0 13994120032.0 0.0 2226018.0 43993262748.0 28915715568.0 5214683351.0 184436.0 6495332748.0 1328756.0 956355995.0 252532692.0
125755.0 68107058.0 1824839.0 1800800202.0 64159703047.0 29379.0 2668518530.0 270563468.0 29570531.0 23538011785.0 752776827531.0 5.96038734232e+13 314547261935.0 26648778266.0 3.02844119306e+12 176101.0 21218193.0 510262090656.0 10497555414.0 21205504496.0 0.0 2792128.0 88094610454.0 47159616249.0 8597951669.0 203487.0 12074143002.0 1760384.0 1831087697.0 455097684.0
125325.0 78902852.0 1685575.0 1677959747.0 91004082895.0 27924.0 2798554300.0 288333639.0 23698077.0 20695188557.0 766913016149.0 1.03297113462e+14 281181791486.0 24574425464.0 3.88525547741e+12 169287.0 20324765.0 604844878403.0 10955157778.0 17697141741.0 0.0 2675026.0 123025122582.0 42293372126.0 8121682792.0 184603.0 11784070913.0 1481647.0 1623090311.0 307328924.0
101790.0 35978712.0 1162293.0 1206684829.0 25149771508.0 19839.0 1286687995.0 114201557.0 15024912.0 17324972998.0 403857974082.0 1.94902255447e+13 157688616690.0 17309912680.0 1.10369089768e+12 100975.0 13727685.0 165909651958.0 5172246700.0 12178096183.0 0.0 1584044.0 19646416338.0 19846568871.0 3648338558.0 106928.0 4467462663.0 894303.0 705704106.0 182130499.0
90875.0 22981406.0 907966.0 923615471.0 11160267094.0 17068.0 793841885.0 67865126.0 10541479.0 14417347177.0 255942236968.0 6.14065391399e+12 100134365833.0 13100689243.0 491486344207.0 77723.0 11461624.0 74723986363.0 3216055032.0 8681351225.0 0.0 1286444.0 7534092572.0 11738448511.0 2117806630.0 89115.0 2426371891.0 679094.0 402780239.0 117057175.0
104457.0 35474805.0 1275880.0 1305476251.0 23491995148.0 20414.0 1336991761.0 125848561.0 18000008.0 19421371123.0 406792877886.0 1.82260801265e+13 170269138593.0 19032032342.0 1.06885061224e+12 90321.0 14500789.0 166365290260.0 5350731195.0 14652544037.0 0.0 1651200.0 19413314184.0 22610447153.0 4048799409.0 114779.0 5140432320.0 992382.0 865970316.0 240226149.0
106172.0 38813671.0 1313084.0 1315549231.0 26622553889.0 28214.0 1469012227.0 132842935.0 18895056.0 19601468508.0 444227186612.0 1.91217231006e+13 181966786826.0 19359511671.0 1.24113993854e+12 165992.0 19748827.0 194158541922.0 5976779917.0 14175804292.0 0.0 2699672.0 24092543496.0 24817951590.0 4373859769.0 198922.0 5525146325.0 1525508.0 891130871.0 259685861.0
107328.0 43624084.0 1285942.0 1331225547.0 34319265870.0 19965.0 1573406809.0 144822118.0 16934599.0 18506142273.0 483024015408.0 2.80097983124e+13 182839383115.0 19326947503.0 1.52561632773e+12 92455.0 14350427.0 232001080421.0 6353521028.0 13827157389.0 0.0 1598862.0 32922131120.0 24048158887.0 4614879143.0 108690.0 5747092661.0 918910.0 871139066.0 207831544.0
127886.0 61842593.0 1888430.0 1950028552.0 47985448560.0 28316.0 2595431965.0 276029079.0 29989631.0 25628239951.0 777545832073.0 3.65829473518e+13 350506947508.0 29885191361.0 2.44504286849e+12 149791.0 21057502.0 461908786279.0 11012159951.0 23678004718.0 0.0 2433228.0 75383940983.0 46601529634.0 8838906915.0 165181.0 12660240941.0 1535408.0 1994740708.0 436333487.0
94529.0 35595896.0 929342.0 970566130.0 29045693252.0 15576.0 1109801775.0 89054233.0 9925125.0 12911495165.0 361669996628.0 2.45528847377e+13 118458194413.0 13162911400.0 1.13970226446e+12 74063.0 10614776.0 150299631090.0 4326214430.0 8170765328.0 0.0 1146496.0 17896591330.0 14011534475.0 2691780098.0 76461.0 3080758917.0 593260.0 432382318.0 97945458.0
102366.0 48360198.0 1151636.0 1060734319.0 62056790562.0 19952.0 1484305448.0 112066739.0 15128107.0 17227637187.0 369878056963.0 8.17505676051e+13 108715748068.0 15859654244.0 2.29927222325e+12 88232.0 13252372.0 210486898651.0 5719764577.0 10670599864.0 0.0 1652484.0 33378687303.0 21294797995.0 3628795824.0 112485.0 4203518676.0 900859.0 633488546.0 193702837.0
93317.0 28010930.0 978798.0 1023793661.0 15069057643.0 12646.0 965537155.0 87688801.0 12126533.0 13996775456.0 317397758692.0 8.481820441e+12 125593488453.0 13579351489.0 653983054820.0 46020.0 8624501.0 108304767352.0 3612026863.0 9845696120.0 0.0 890916.0 12936454743.0 14614408775.0 2631993183.0 60614.0 3222407510.0 526874.0 513350545.0 147151872.0
113308.0 51183751.0 1450657.0 1532854128.0 44124926841.0 17359.0 1882020765.0 184679592.0 20847876.0 19931590436.0 566588842708.0 4.09247337136e+13 233432421610.0 21263083600.0 1.94710336792e+12 66386.0 12726011.0 306950144819.0 7158711174.0 17260017808.0 0.0 1248670.0 43671191558.0 30804315685.0 5624415735.0 87166.0 7605040263.0 830770.0 1217924952.0 283065454.0
101226.0 41242096.0 1077403.0 1125089618.0 32397661516.0 19097.0 1356530580.0 122219405.0 12332534.0 14815736133.0 448699433966.0 2.45715462171e+13 146062776620.0 15632952321.0 1.35345894362e+12 80530.0 13247150.0 193086080965.0 5552563869.0 9971381869.0 0.0 1480554.0 38186860883.0 18082068254.0 3401171086.0 107819.0 4357205423.0 793071.0 577417434.0 131413556.0
124851.0 83455959.0 1684604.0 1632555614.0 106293196117.0 22373.0 2849037990.0 276997615.0 25185517.0 21765751461.0 739283814148.0 1.26203643805e+14 258673459684.0 23381019121.0 4.4382987665e+12 110719.0 16374287.0 582319650476.0 10542909664.0 18015229151.0 0.0 1893256.0 146551351356.0 44759195308.0 8136452520.0 135828.0 11145461320.0 1236043.0 1535147616.0 364356063.0
101071.0 25562871.0 1262667.0 1239391752.0 9138363779.0 24816.0 1063573061.0 115288435.0 18528429.0 20148396224.0 313354042163.0 3.34227488878e+12 152805209996.0 18933061020.0 478891981042.0 117070.0 17100795.0 104594197052.0 4398401246.0 14782024008.0 0.0 2145892.0 13063950092.0 19554925631.0 3523128030.0 153421.0 4824583739.0 1228465.0 903218517.0 252238507.0
122774.0 69040596.0 1717718.0 1717874673.0 63911571452.0 24365.0 2594714639.0 273968024.0 26664812.0 20825561943.0 757249935078.0 5.48199626321e+13 319732162563.0 23818729253.0 2.92072436801e+12 119775.0 17451960.0 514806663429.0 9521395009.0 19330108872.0 0.0 2056526.0 96241860271.0 43640172355.0 8046804628.0 165504.0 11701680357.0 1390896.0 1777119683.0 391031951.0
118584.0 58752569.0 1568557.0 1612445877.0 50345886430.0 24544.0 2220186226.0 214029896.0 22482828.0 20984701095.0 673815186094.0 4.14277012779e+13 275958612420.0 23565327486.0 2.34346158319e+12 114906.0 17667816.0 391315602185.0 9019981381.0 17402062348.0 0.0 2015202.0 62725528320.0 35817582492.0 6759033064.0 139837.0 9027262055.0 1234954.0 1325003645.0 300027730.0
106759.0 42043954.0 1301851.0 1377681488.0 30020834189.0 17622.0 1552692326.0 148817908.0 17991547.0 18429347855.0 479407615576.0 2.29078673089e+13 198520284821.0 19015145412.0 1.34786428446e+12 74057.0 12581155.0 227053930631.0 5896859941.0 14704210148.0 0.0 1351652.0 29957419524.0 25030801747.0 4707835848.0 92455.0 6030935942.0 847256.0 956479104.0 234079018.0
112871.0 66221396.0 1290671.0 1344295732.0 75450254204.0 17047.0 2118456497.0 189844369.0 15466067.0 16358850886.0 623184823407.0 8.12184040279e+13 205804615012.0 18438386947.0 2.99971470446e+12 75957.0 12323553.0 418767880334.0 8094335686.0 12172183899.0 0.0 1260500.0 78606501825.0 27750016273.0 5439074081.0 87079.0 6963777895.0 737723.0 887388796.0 173568130.0
112374.0 67883001.0 1262330.0 1320897410.0 74599734830.0 16389.0 2134993287.0 201358372.0 14580814.0 14712455871.0 658626281635.0 7.52464214141e+13 218861586000.0 17640667820.0 2.93270778602e+12 69312.0 11697421.0 437381779559.0 8154464955.0 11332354001.0 0.0 1199332.0 91117631666.0 26972112434.0 5200360348.0 82124.0 7179914025.0 666195.0 879401502.0 155281674.0
119825.0 76511362.0 1487804.0 1513888023.0 91172289964.0 20791.0 2542875627.0 244302270.0 19428192.0 18372059141.0 714204329498.0 1.03384446574e+14 248567939430.0 21117416039.0 3.70581176578e+12 98185.0 14967297.0 537149474374.0 9644256043.0 14756996109.0 0.0 1657740.0 113566581024.0 35784110016.0 6868559408.0 112994.0 9397124867.0 986385.0 1227446245.0 236849550.0
125315.0 63400095.0 1831319.0 1816284210.0 56856327089.0 33169.0 2551998537.0 256834853.0 29475620.0 25113177178.0 721347355520.0 5.18905449186e+13 304555174566.0 27958097131.0 2.74934850638e+12 198259.0 24257340.0 455860837914.0 10553442961.0 21829623534.0 0.0 3281058.0 76674980439.0 45766394486.0 8385778949.0 231590.0 11639643000.0 1948589.0 1791524922.0 442703197.0
107140.0 45156965.0 1302771.0 1353988190.0 36191087408.0 17251.0 1609775920.0 150384595.0 18009442.0 18025202635.0 502214567454.0 2.99163304848e+13 196804584612.0 18681685838.0 1.56972905574e+12 72117.0 12055468.0 241008974239.0 6070722381.0 14430700376.0 0.0 1335040.0 34843963368.0 25629780134.0 4663081136.0 92424.0 6009398705.0 835890.0 942669347.0 236727592.0
105416.0 37083663.0 1245202.0 1319528981.0 22266318834.0 19898.0 1391861869.0 133791260.0 16064414.0 18125330400.0 449670796153.0 1.36863146896e+13 183598898264.0 19178070522.0 1.0484023413e+12 85622.0 14254016.0 185103601661.0 5805083821.0 13677890905.0 0.0 1472538.0 25339729489.0 21577203518.0 4160140931.0 102312.0 5309800845.0 873895.0 823320175.0 190336294.0
132911.0 91542250.0 1921133.0 1915010824.0 107605013411.0 24740.0 3358751826.0 356885678.0 30112652.0 22838080304.0 911515562993.0 1.21161818392e+14 367443208090.0 26974224637.0 4.71394090224e+12 120148.0 18045720.0 782862524325.0 12363117189.0 21504434086.0 0.0 2231920.0 167103571750.0 55561890342.0 10287114201.0 158814.0 15273254541.0 1478751.0 2137688909.0 448706101.0
115238.0 62932673.0 1441676.0 1421332698.0 73228409144.0 24638.0 2140458038.0 184184087.0 19776753.0 20035788548.0 586639372990.0 8.53859381576e+13 202178095337.0 21196852655.0 3.02203745535e+12 121970.0 17520975.0 386463284215.0 8475442673.0 14854413490.0 0.0 2037722.0 61754309985.0 32219086478.0 5904275559.0 136165.0 7381330504.0 1183575.0 1057207049.0 254333561.0
120097.0 65805322.0 1613209.0 1628960819.0 66741657269.0 21964.0 2399185265.0 233597349.0 24162623.0 20768901293.0 684836891460.0 6.74578113266e+13 269371116162.0 23097704468.0 2.93270235365e+12 108844.0 16045624.0 456353874471.0 9044964406.0 18004910512.0 0.0 1869140.0 77301689844.0 39169443151.0 7271460510.0 131873.0 9830711588.0 1214607.0 1448612228.0 346307381.0
101442.0 43471779.0 1131056.0 1142276332.0 45214796099.0 18191.0 1405973586.0 113127651.0 14376774.0 16365392059.0 402123956916.0 5.24642760466e+13 142332670900.0 16104159728.0 1.7401425985e+12 81977.0 12562061.0 203271993437.0 5352046065.0 11225373194.0 0.0 1367302.0 22446317714.0 20408621817.0 3626911650.0 93178.0 4305167588.0 798203.0 660184443.0 173331792.0
97024.0 30280063.0 1049080.0 1052923467.0 19897017923.0 20584.0 1054552076.0 90529922.0 13160783.0 16124551807.0 330661407188.0 1.4810583769e+13 123491356965.0 15267339824.0 861030951913.0 103169.0 14395225.0 119635859257.0 4282403084.0 10309360984.0 0.0 1730224.0 13580984945.0 15972724145.0 2862935701.0 121921.0 3410864600.0 946527.0 541527087.0 158712112.0
113564.0 57343828.0 1448603.0 1412611243.0 64631518091.0 23187.0 1990217100.0 174299989.0 20665257.0 20191049754.0 535262996916.0 7.67493616112e+13 190080905205.0 21297878658.0 2.67233667516e+12 113475.0 16559474.0 333656607849.0 7837783783.0 15495924200.0 0.0 1973552.0 50592289093.0 31391306399.0 5677913545.0 137551.0 7141875907.0 1176984.0 1084676250.0 277534965.0
103647.0 35629956.0 1243588.0 1278328999.0 23915383414.0 18931.0 1321446421.0 120770699.0 17341136.0 18531759731.0 406093237989.0 1.80987252399e+13 168468084282.0 18283782783.0 1.08112359781e+12 68007.0 13456018.0 165093052299.0 5215319319.0 14087247899.0 0.0 1400004.0 18836601208.0 22026579105.0 3899210571.0 106995.0 4864678118.0 869056.0 831315866.0 231082177.0
123499.0 80222972.0 1588071.0 1639735363.0 94015344647.0 19245.0 2755159123.0 274016767.0 21234650.0 18618255866.0 774838833378.0 1.08959650682e+14 291502702487.0 22693407897.0 3.88499993761e+12 81086.0 14454449.0 619990425269.0 10395046323.0 16417017806.0 0.0 1432114.0 116965981708.0 39729072515.0 7790662536.0 97050.0 10852290777.0 913531.0 1450052162.0 263844627.0
88674.0 30140664.0 816269.0 876511470.0 22488292018.0 11546.0 901852434.0 72428879.0 8594436.0 11384847255.0 304024870787.0 1.82664509689e+13 103956979719.0 10899434777.0 837356659203.0 42482.0 7828139.0 110180467782.0 3214876994.0 7263351773.0 0.0 741262.0 12011360706.0 11386520209.0 2111236835.0 52044.0 2407782837.0 420687.0 359751519.0 86981338.0
123825.0 77567398.0 1649748.0 1687866801.0 92077974389.0 22652.0 2724812842.0 262783584.0 23723348.0 20871559117.0 739804102424.0 1.07772450248e+14 284617547851.0 23790536442.0 3.87502891774e+12 124464.0 16601875.0 573584897849.0 10092077744.0 18209058086.0 0.0 1918290.0 105027070236.0 42298700967.0 8033463310.0 129737.0 10842483262.0 1170126.0 1552874757.0 318689654.0
104577.0 39654150.0 1259776.0 1247321224.0 31901005763.0 27011.0 1429834077.0 123585496.0 17618418.0 19005714270.0 422989625078.0 2.8137074232e+13 162254740883.0 18356002925.0 1.39523828652e+12 140718.0 19084658.0 190961996415.0 5714311178.0 13340736295.0 0.0 2431794.0 22227761781.0 23239196422.0 4138933180.0 184303.0 5014346525.0 1397428.0 809972625.0 235848491.0
123037.0 70759911.0 1640716.0 1770908201.0 65409542980.0 17900.0 2604297973.0 274424788.0 23431880.0 19791222484.0 799868484546.0 5.74418107413e+13 347613560999.0 23416944857.0 2.91883720923e+12 64341.0 13499918.0 538272103911.0 9508965834.0 18958916621.0 0.0 1282036.0 97136201628.0 40888059192.0 7959612039.0 95532.0 11300852241.0 884393.0 1646462431.0 314093797.0
107150.0 43087883.0 1285743.0 1299538028.0 32557411171.0 26022.0 1568386583.0 145916342.0 16858506.0 17966401821.0 482977303750.0 2.54683493209e+13 182308002826.0 19274140269.0 1.4688948624e+12 153248.0 18676564.0 227664259073.0 6596353862.0 13043272383.0 0.0 2355904.0 35076101133.0 23850232798.0 4493583659.0 164434.0 5815937945.0 1234941.0 852770757.0 204587067.0
106880.0 39490722.0 1318475.0 1402389464.0 24091451393.0 18634.0 1504469245.0 146264770.0 18611270.0 18817048047.0 481912869738.0 1.46623749999e+13 209731552445.0 19399707652.0 1.13716953371e+12 79370.0 13186336.0 202811727253.0 5848201042.0 15237829023.0 0.0 1451990.0 28587484543.0 25219840881.0 4582888129.0 101970.0 6000595424.0 914335.0 969357908.0 249368239.0
113002.0 40077117.0 1543549.0 1622887585.0 21160813651.0 27050.0 1682440698.0 176047555.0 24183333.0 22657466151.0 526060496962.0 1.11813938218e+13 252682888665.0 23653156852.0 1.08944830992e+12 145316.0 19265040.0 222772706897.0 6752165693.0 19635613736.0 0.0 2422074.0 30266165621.0 31641369641.0 5634219598.0 170002.0 7806118593.0 1517044.0 1351574880.0 352670531.0
107571.0 39374672.0 1346517.0 1349188342.0 28331496579.0 23243.0 1497363780.0 138685495.0 19098853.0 20365258212.0 446693681006.0 2.23518332803e+13 180399921948.0 20447461445.0 1.31409769514e+12 115330.0 16303209.0 199367628285.0 6252937942.0 15007998117.0 0.0 1968514.0 24413111928.0 24957098328.0 4560053588.0 130765.0 5780256844.0 1147015.0 947504324.0 253656673.0
110781.0 40036251.0 1450096.0 1567401072.0 21919572434.0 16544.0 1610612701.0 172743940.0 21484860.0 20553825708.0 511644008170.0 1.22701792021e+13 243348387036.0 21658428216.0 1.07973308002e+12 61862.0 12270410.0 219260744729.0 6154257057.0 18658991693.0 0.0 1163598.0 31796880882.0 28532773640.0 5277444008.0 83095.0 7308397745.0 810424.0 1251251568.0 299146320.0
90611.0 21496001.0 931573.0 962883159.0 7743092004.0 14881.0 774301041.0 75070875.0 11309117.0 14471238091.0 248568965010.0 2.77162943723e+12 108067208341.0 13329008915.0 357650478405.0 57986.0 9943567.0 70565628836.0 3029577699.0 9428454892.0 0.0 1117108.0 9035515573.0 12133152263.0 2152424261.0 75549.0 2740455954.0 619537.0 462439875.0 130036587.0
123185.0 65611430.0 1739908.0 1737543060.0 68689559927.0 25873.0 2500075757.0 239539728.0 27315003.0 23584878512.0 683262305875.0 7.79016033217e+13 281594264427.0 25998166953.0 3.06604392494e+12 132865.0 18977400.0 467159290370.0 9814430826.0 20538567906.0 0.0 2295696.0 66218325436.0 43249628071.0 7933646340.0 163343.0 10632468934.0 1473689.0 1647177601.0 404125707.0
118014.0 60480461.0 1571059.0 1627003661.0 58028190180.0 20751.0 2228453464.0 230807106.0 22855121.0 20029998140.0 637859208466.0 6.10844844353e+13 261538192291.0 22697847602.0 2.51186211286e+12 84165.0 15154913.0 416571643581.0 8287969221.0 18169646944.0 0.0 1557986.0 65597243547.0 35929371150.0 6895245597.0 111536.0 9653655472.0 1056340.0 1494397283.0 308969847.0
93973.0 27548211.0 968686.0 1053121939.0 12879169608.0 14560.0 956541787.0 92836560.0 11175193.0 14064817919.0 327426151888.0 5.7904283197e+12 132524791068.0 14066541323.0 572475865321.0 62085.0 9977509.0 106469777360.0 3719462418.0 9914930845.0 0.0 1051668.0 15413255459.0 13747981973.0 2595071978.0 68806.0 3350052276.0 592298.0 516354257.0 119637871.0
126616.0 78149337.0 1806979.0 1741529611.0 102031160039.0 26452.0 2824540256.0 259551613.0 29021446.0 24987646671.0 683200205112.0 1.34711268236e+14 261416019815.0 26430606819.0 4.34943794888e+12 125817.0 19409027.0 549945524415.0 10755013934.0 21074336123.0 0.0 2239374.0 102033561125.0 48450958689.0 8669593155.0 159797.0 11357916731.0 1463727.0 1738708533.0 443680158.0
106182.0 41475344.0 1254996.0 1415576635.0 24022734707.0 15068.0 1524448027.0 162451755.0 16177761.0 16364274455.0 513917919832.0 1.30563181224e+13 229900786991.0 18204463092.0 1.09326123678e+12 53912.0 11191725.0 228749239521.0 5547666162.0 14695164416.0 0.0 975754.0 35112781714.0 23235778546.0 4631630761.0 68520.0 6294739873.0 646952.0 1005794952.0 192156521.0
119972.0 65758661.0 1563235.0 1649760351.0 62662406265.0 20034.0 2371647372.0 240806589.0 22072358.0 20047377144.0 722283056735.0 5.69477983595e+13 283705595688.0 22748843009.0 2.76612693952e+12 85134.0 14941547.0 454831192427.0 8957715493.0 17658770718.0 0.0 1556152.0 86724850416.0 36857384914.0 7082487648.0 111146.0 9774727257.0 1028852.0 1401323829.0 294322276.0
119369.0 41640379.0 1741933.0 1821221498.0 20375166848.0 26162.0 1873381905.0 205257990.0 28593228.0 26387889177.0 574310064118.0 9.84628949794e+12 291634232146.0 28130313832.0 1.12753444297e+12 123618.0 19382038.0 246921406829.0 7949272784.0 23755599691.0 0.0 2261992.0 34216944155.0 37016134875.0 6825074296.0 158726.0 9544738473.0 1463325.0 1695196839.0 434736033.0
98696.0 31330438.0 1088116.0 1173763335.0 16468143660.0 14834.0 1127423714.0 108031450.0 13605026.0 15832348522.0 375352980917.0 8.68673982008e+12 155161095921.0 15915540200.0 746552146857.0 56688.0 10318529.0 135486391699.0 4361731511.0 11787421281.0 0.0 1037848.0 18379171263.0 17274850696.0 3226493110.0 70179.0 4077752761.0 605370.0 650138139.0 160862818.0
111253.0 62968705.0 1318763.0 1349360027.0 75343957468.0 16308.0 2029999393.0 179858639.0 17216173.0 16678464736.0 560588468571.0 9.26841944433e+13 195212388898.0 18376861126.0 2.89917172284e+12 73714.0 11668080.0 384516262229.0 7329848471.0 13204883504.0 0.0 1222656.0 62325546385.0 28935925941.0 5394626532.0 80930.0 6904772774.0 755472.0 976095901.0 211461882.0
144416.0 105280757.0 2288751.0 2240941198.0 115881820991.0 22201.0 4131958507.0 515249305.0 38097861.0 24609631053.0 1.11193748122e+12 1.17921870691e+14 482655087625.0 31505154679.0 5.42473999142e+12 100259.0 17055065.0 1.06630421627e+12 15114076256.0 27235621441.0 0.0 1772728.0 260615963542.0 71390688538.0 13812980702.0 128373.0 22763214747.0 1361318.0 3331554167.0 599950320.0
113814.0 44841887.0 1491803.0 1574760203.0 28434149664.0 25389.0 1791916651.0 179990132.0 21576550.0 21158785014.0 562176127142.0 1.79580049148e+13 248774801347.0 23097554742.0 1.40457619261e+12 120122.0 18382100.0 261082944681.0 7472868238.0 17643898097.0 0.0 2179390.0 39126022372.0 30509903822.0 5697635267.0 159960.0 7704968748.0 1323305.0 1211912742.0 289478384.0
107267.0 45636749.0 1271727.0 1236092013.0 45345225854.0 26667.0 1560745396.0 130770004.0 17052510.0 19762053989.0 448510553888.0 4.67929202382e+13 150265956451.0 18980430407.0 1.91446705786e+12 148386.0 18645597.0 207316981088.0 6547826913.0 12888648859.0 0.0 2392170.0 38495510001.0 23793766204.0 4185154946.0 170172.0 5087147374.0 1279146.0 767246887.0 218103961.0
104649.0 36418636.0 1217153.0 1242337375.0 25518773838.0 23864.0 1336265256.0 116874810.0 15616110.0 18713300341.0 416597224404.0 1.98458043145e+13 159092776925.0 18916924596.0 1.16347580682e+12 112886.0 16964139.0 168795155881.0 5815620522.0 12723319147.0 0.0 1966378.0 20331349900.0 20572131788.0 3843564688.0 131548.0 4621295377.0 1049304.0 711777555.0 186340981.0
101915.0 43240007.0 1160934.0 1164955944.0 41987152121.0 18149.0 1422903335.0 117290833.0 15435287.0 16792375306.0 415537947922.0 4.31218270551e+13 148625580849.0 16062911467.0 1.67368825801e+12 74513.0 12544191.0 205681495246.0 5275648303.0 11942172850.0 0.0 1389824.0 24004579280.0 21483858617.0 3757313523.0 100892.0 4499504675.0 827449.0 715099393.0 198860978.0
123490.0 62318419.0 1726118.0 1797888429.0 55454095111.0 26085.0 2445136019.0 245065661.0 26334657.0 23465546040.0 721411471774.0 5.17296163206e+13 310355908519.0 26412545118.0 2.60129847307e+12 132999.0 19253141.0 447679104112.0 9745903689.0 20826645222.0 0.0 2292220.0 67035577328.0 41830379420.0 7927502909.0 159294.0 10801033398.0 1429836.0 1652570863.0 375009882.0
100927.0 45116486.0 1034383.0 1181266332.0 34672218860.0 12360.0 1430331131.0 134456394.0 11091574.0 12861217122.0 506170630026.0 2.4882021632e+13 185489815488.0 14725467586.0 1.38443884615e+12 44881.0 8909869.0 235534837292.0 5283020519.0 10028009261.0 0.0 773660.0 38970342010.0 17855650335.0 3571565467.0 50658.0 4637877582.0 470821.0 613949238.0 109166927.0
113834.0 57760954.0 1438274.0 1483932560.0 54927055248.0 20869.0 2045116936.0 190790631.0 20444697.0 19106082952.0 607320430668.0 5.09663399843e+13 235153963854.0 20492766692.0 2.37411237059e+12 86620.0 14880295.0 355941447712.0 7639829928.0 15684650883.0 0.0 1620854.0 60224151716.0 32274197562.0 5934137992.0 120036.0 7726454510.0 1071982.0 1148488469.0 277169743.0
92833.0 26365581.0 954400.0 947069293.0 15431689736.0 17406.0 894919464.0 77276380.0 11256538.0 14374452760.0 290334644000.0 9.98397355264e+12 104493318692.0 13661119524.0 658877706820.0 87154.0 11839703.0 91775598571.0 3672409090.0 8913698360.0 0.0 1431570.0 11943441073.0 13050682466.0 2330550684.0 96752.0 2783651396.0 737719.0 446387627.0 125111523.0
111075.0 41899866.0 1446226.0 1478242034.0 28708843487.0 25304.0 1644400641.0 159993829.0 21118761.0 21255706334.0 496933642122.0 2.12621609727e+13 213099195520.0 22099777908.0 1.37475714547e+12 129428.0 18355592.0 227851557440.0 6747351887.0 17206086686.0 0.0 2090228.0 29197111173.0 28265212965.0 5259034999.0 154531.0 6789548325.0 1272049.0 1135625593.0 286788634.0
111055.0 42098898.0 1430803.0 1512855604.0 26218660501.0 20591.0 1661404412.0 165374760.0 20676537.0 20390088361.0 523998489791.0 1.68111115957e+13 231753797190.0 21881016729.0 1.26924446625e+12 91719.0 14916616.0 233688583428.0 6760639151.0 16907389749.0 0.0 1600896.0 32564129267.0 28436619844.0 5192780978.0 112189.0 7017503525.0 997791.0 1134742838.0 278069693.0
103953.0 35946417.0 1244269.0 1282365863.0 22460829615.0 21187.0 1345547362.0 128641028.0 16833244.0 18359462401.0 419428786448.0 1.49492337593e+13 170227402121.0 18619410410.0 1.04189902072e+12 99860.0 15074870.0 169385436958.0 5504709348.0 13701579425.0 0.0 1673324.0 25279330851.0 21776841324.0 3997053696.0 117707.0 5143958194.0 982717.0 822344634.0 212762789.0
112098.0 54761075.0 1396954.0 1413083097.0 52651406388.0 20434.0 1922681861.0 180142508.0 19379100.0 19260845302.0 559602847258.0 5.10022188227e+13 199231421831.0 20158578933.0 2.25453723894e+12 82710.0 14487628.0 321829433092.0 7436340953.0 14880505574.0 0.0 1554886.0 59325592018.0 29715467127.0 5527137113.0 111148.0 7164033088.0 977694.0 1046549007.0 255056742.0
102682.0 44780198.0 1112972.0 1160211376.0 45064547578.0 16383.0 1438894583.0 117558013.0 13403588.0 15852158213.0 436407385318.0 4.978407885e+13 148908369525.0 16085937748.0 1.75651263502e+12 62532.0 11483579.0 216908869889.0 5553028047.0 10971450252.0 0.0 1161442.0 25843391443.0 19797223072.0 3700385588.0 80384.0 4343369663.0 675285.0 629347547.0 154646597.0
122469.0 48419630.0 1844156.0 1877200200.0 31873290990.0 29475.0 2135262127.0 223245233.0 31440695.0 27565551089.0 620065613019.0 2.35052513458e+13 303661234973.0 29199087490.0 1.6740515335e+12 147104.0 21657490.0 314097179947.0 8892446758.0 24913634366.0 0.0 2537998.0 38710045692.0 42537901656.0 7681863764.0 186097.0 10608058857.0 1695803.0 1899383310.0 497020880.0
98450.0 37792099.0 1049345.0 1078455756.0 31832560840.0 16816.0 1236560183.0 99699765.0 12584737.0 14993899249.0 387373299412.0 2.88191668737e+13 136623699837.0 14959058458.0 1.2868810923e+12 69406.0 11589800.0 166936501286.0 4819441310.0 10103467947.0 0.0 1228998.0 18433535704.0 17400250579.0 3191998871.0 84927.0 3667080996.0 705914.0 548775298.0 143267522.0
106826.0 40793476.0 1335451.0 1356937118.0 34838100162.0 20838.0 1502947795.0 135400107.0 19434368.0 20131375157.0 428706440318.0 3.65891312634e+13 178620970500.0 19888006901.0 1.48489717193e+12 121763.0 14677546.0 202170832924.0 5890126939.0 15262977005.0 0.0 1739374.0 21909760939.0 25620621319.0 4478057237.0 117500.0 5664284335.0 1038976.0 960710386.0 266149136.0
107650.0 46690821.0 1269423.0 1333105064.0 39230387627.0 17034.0 1636734152.0 151098558.0 16287596.0 17528362335.0 509872211246.0 3.42139451216e+13 193970181339.0 18740320278.0 1.68716781164e+12 67548.0 12312694.0 254433365584.0 6412203009.0 13570695925.0 0.0 1217170.0 36191990101.0 24130588810.0 4699068499.0 81588.0 5896723115.0 755056.0 878431562.0 195286248.0
101570.0 32862830.0 1193429.0 1201916557.0 18931226827.0 20430.0 1228574929.0 119899721.0 16027539.0 17715956810.0 378843910784.0 1.14185004527e+13 152399670229.0 17500847596.0 883646526543.0 93859.0 14360480.0 153029389789.0 4939801351.0 12639183133.0 0.0 1681726.0 20364931251.0 19693725805.0 3699249453.0 119194.0 4760553111.0 976340.0 767283441.0 203784231.0
95734.0 32395942.0 987617.0 1095582034.0 20410622833.0 12307.0 1081263594.0 99306872.0 11447584.0 13940895896.0 364712036628.0 1.42913289933e+13 142991142024.0 14057965832.0 841804198955.0 39984.0 8920467.0 137427584734.0 3950693115.0 10341199011.0 0.0 758100.0 16993470003.0 15203438431.0 2916465003.0 53315.0 3555530544.0 467747.0 550997962.0 126471698.0
103263.0 55379602.0 1080330.0 1065112253.0 67610086517.0 20238.0 1639767745.0 125539531.0 12259354.0 14497468694.0 465664911200.0 7.94738419305e+13 133814030858.0 14753047829.0 2.50358364159e+12 95487.0 13835259.0 280105002642.0 6312980709.0 9078401722.0 0.0 1550026.0 46803428465.0 20450123212.0 3722739415.0 111772.0 4366751311.0 843748.0 555073884.0 133120821.0
119169.0 63222706.0 1556280.0 1568259047.0 63893639661.0 25298.0 2304724247.0 211040275.0 21959530.0 20989850806.0 659543131665.0 6.39381796435e+13 251407594932.0 23434429887.0 2.84057168075e+12 131563.0 18543587.0 426848778656.0 9427889115.0 16580915043.0 0.0 2173172.0 66190556611.0 36057754198.0 6756132677.0 151944.0 8814049181.0 1273390.0 1256112051.0 288850356.0
94029.0 22663102.0 1045701.0 1072695997.0 8043034311.0 18143.0 868531532.0 83535673.0 13991099.0 16725811510.0 270211237147.0 2.9355203241e+12 126984861360.0 15234610992.0 391654900064.0 84142.0 12422205.0 78205028039.0 3424857913.0 11397398068.0 0.0 1466598.0 8259704513.0 15001235668.0 2574065989.0 102680.0 3253336424.0 834851.0 585317000.0 178006158.0
101688.0 32594092.0 1164975.0 1207121687.0 19623378918.0 19837.0 1200176250.0 111034180.0 15051759.0 17928687116.0 379276327462.0 1.29729133944e+13 149279996594.0 17687863256.0 901525820411.0 90348.0 14058670.0 144897998816.0 4958821246.0 12597540453.0 0.0 1572172.0 18147598887.0 18814973517.0 3539263778.0 112815.0 4321854120.0 884897.0 690616965.0 183825144.0
103230.0 41982367.0 1163065.0 1234319676.0 31886785703.0 13593.0 1444560007.0 129760673.0 14593568.0 15642743733.0 465432978128.0 2.44536585704e+13 178209203688.0 16649637439.0 1.36387969561e+12 52833.0 9705925.0 215002748048.0 5491855028.0 12002994776.0 0.0 918196.0 28110238049.0 21067449108.0 3996152734.0 61649.0 4925929345.0 571691.0 745156611.0 173471470.0
101946.0 36051755.0 1129165.0 1153370950.0 24191836818.0 21600.0 1269094728.0 120385732.0 13354347.0 16181506208.0 411933104558.0 1.67098444552e+13 144218307363.0 17154306132.0 1.07888640731e+12 106789.0 15117421.0 164608326470.0 5554936507.0 10910736186.0 0.0 1719836.0 28781037334.0 17821421974.0 3413475101.0 113838.0 4498403116.0 895816.0 636095072.0 143858751.0
105704.0 38817526.0 1297459.0 1325562976.0 27209150334.0 24479.0 1451828547.0 131689613.0 18446106.0 19343190873.0 445260922668.0 2.09544056956e+13 184649862332.0 19125326361.0 1.24043335007e+12 124952.0 17040106.0 192167033354.0 5743931365.0 14445941736.0 0.0 2114320.0 22120171518.0 24338228977.0 4355336456.0 149470.0 5430539373.0 1258074.0 891059895.0 249216166.0
97573.0 24442504.0 1122143.0 1149624559.0 9303822549.0 18200.0 955332591.0 92835371.0 15292576.0 18069478196.0 297912524133.0 3.72075776695e+12 138095135421.0 16796961320.0 460927730343.0 80744.0 12681741.0 90539101240.0 3884330175.0 12661094548.0 0.0 1410810.0 9449766157.0 16668095868.0 2903198653.0 97440.0 3692415855.0 835794.0 659688867.0 198601168.0
90902.0 22274502.0 922072.0 921699350.0 10651782548.0 18851.0 779262834.0 68417101.0 10786959.0 14763503298.0 246426283167.0 6.12489205245e+12 97870976053.0 13435796253.0 470772109356.0 82457.0 12949571.0 71482275702.0 3213644410.0 8875165667.0 0.0 1409774.0 6944838157.0 11654331338.0 2117650212.0 94396.0 2463357471.0 755049.0 422855784.0 117678820.0
112310.0 45836628.0 1456293.0 1460029026.0 40420039377.0 25910.0 1735165536.0 160940275.0 21202091.0 22032605885.0 485816537054.0 4.18289126858e+13 192673686810.0 22467902962.0 1.80206372052e+12 121273.0 18637123.0 255106382392.0 7132196670.0 16774936663.0 0.0 2190348.0 31982242275.0 29092211424.0 5439941852.0 155796.0 6822434776.0 1294678.0 1121219979.0 288714846.0
102938.0 32901698.0 1249390.0 1310066555.0 16522516289.0 17963.0 1276270673.0 126931223.0 17534841.0 18199137229.0 404224537720.0 8.41143270256e+12 182560813435.0 18306806612.0 797970439579.0 77777.0 12591307.0 153172094224.0 4965417255.0 14516145457.0 0.0 1342976.0 19438229484.0 21835390903.0 3968272504.0 94700.0 5169764326.0 860320.0 877784183.0 232784319.0
98980.0 38899952.0 1072245.0 1085718737.0 35185213256.0 15950.0 1262621071.0 100086005.0 13724901.0 15925431923.0 384747752319.0 3.33438443363e+13 134146745140.0 14829463319.0 1.40920580499e+12 70392.0 10758017.0 164024101647.0 4799668085.0 10550862667.0 0.0 1237806.0 21452584423.0 18611889094.0 3181857807.0 83733.0 3724154262.0 707520.0 579067525.0 173371167.0
109426.0 41690893.0 1439435.0 1473718036.0 28578578518.0 19844.0 1625839590.0 159079982.0 22399713.0 20619835021.0 489077133792.0 2.1943321075e+13 220432412699.0 20692464412.0 1.3317012667e+12 97314.0 13768287.0 222615207473.0 6151515561.0 17269120064.0 0.0 1682496.0 28609330287.0 29607506769.0 5066150151.0 115417.0 6853817375.0 1061301.0 1171198860.0 332271082.0
106633.0 39582250.0 1274753.0 1432688961.0 22223133398.0 15320.0 1478315316.0 157629794.0 16895653.0 17453926392.0 496799849184.0 1.22317627124e+13 221993319327.0 18760905314.0 1.02636608954e+12 53518.0 11535817.0 210666499337.0 5456304156.0 15426694216.0 0.0 1055802.0 31792209256.0 23323756365.0 4551394807.0 76798.0 6196415040.0 696181.0 998724737.0 210730836.0
109344.0 52152280.0 1287076.0 1324236011.0 54195250239.0 20598.0 1773969964.0 155774105.0 16128561.0 17201583319.0 511494333528.0 6.34636547257e+13 187632455485.0 19209688732.0 2.18356827052e+12 93030.0 14882534.0 298935383248.0 7142258681.0 13038003916.0 0.0 1609630.0 37876380354.0 25270173088.0 4853832369.0 108305.0 6103646285.0 902242.0 875502201.0 185177353.0
96848.0 27062283.0 1070965.0 1138342260.0 12258398188.0 16499.0 1001826058.0 94947101.0 13864781.0 16483907069.0 326837668404.0 5.94272107663e+12 143081870082.0 15776183900.0 569499715075.0 73304.0 11333154.0 104917254833.0 3919357188.0 11749288420.0 0.0 1263392.0 12101014364.0 16328131542.0 2888848141.0 84627.0 3663096119.0 738227.0 617087048.0 170171924.0
104304.0 44035142.0 1210006.0 1223609226.0 38186191087.0 21961.0 1506841219.0 130823509.0 16038208.0 17321302902.0 457118198706.0 3.36583212585e+13 162862825759.0 17249676077.0 1.61479253249e+12 109524.0 15285313.0 218870089111.0 5862613679.0 12252290444.0 0.0 1866648.0 33367166842.0 22777836673.0 4113033762.0 130165.0 5047473015.0 1065899.0 753396242.0 205041439.0
105448.0 37600161.0 1324806.0 1328017030.0 25520866423.0 24585.0 1433920829.0 132104649.0 19771362.0 19832172128.0 429907537614.0 1.92781991675e+13 182574764644.0 19257917587.0 1.17755683228e+12 121537.0 17040297.0 182915015651.0 5662833929.0 14849954109.0 0.0 2249804.0 21736707315.0 25167662516.0 4344580844.0 164443.0 5570158095.0 1339833.0 925681710.0 285439585.0
88955.0 20848715.0 849021.0 871172103.0 8763958802.0 15547.0 710844985.0 62760291.0 9083759.0 13335937733.0 235223030712.0 4.05341624138e+12 91421306683.0 12457571218.0 388915977202.0 76099.0 10570442.0 63864459266.0 2965191754.0 7823240561.0 0.0 1110530.0 6790660224.0 9858396072.0 1869709825.0 71831.0 2166054468.0 556593.0 345500587.0 90860817.0
107689.0 32671269.0 1398974.0 1428680211.0 14619485562.0 28298.0 1370001639.0 141160655.0 20733764.0 21544992854.0 421135816558.0 6.53302744665e+12 198912623393.0 21896897417.0 767891444342.0 150114.0 19922898.0 157235906956.0 5893533306.0 16732667447.0 0.0 2531752.0 20730235712.0 24943731893.0 4512336436.0 183625.0 6102827291.0 1475170.0 1050129278.0 284836952.0
89553.0 21205934.0 892831.0 884123336.0 10399833325.0 19295.0 729271537.0 64821420.0 10476045.0 14789074660.0 227043831196.0 6.45572914841e+12 87684600877.0 12812728406.0 448290376102.0 94321.0 12887675.0 65155892120.0 2930001492.0 8522794800.0 0.0 1568632.0 6584072519.0 10919977194.0 1980655892.0 107083.0 2300005605.0 779715.0 391809671.0 117356565.0
83823.0 21370537.0 716535.0 741129598.0 11840091056.0 13815.0 645527732.0 50765585.0 6779877.0 10676692364.0 222914873021.0 7.41853043914e+12 73299448596.0 9866970212.0 463199699712.0 57617.0 8894807.0 61105971902.0 2545836692.0 5848167878.0 0.0 926040.0 6535788611.0 7818448672.0 1473188311.0 63157.0 1590732026.0 442092.0 236597279.0 59876713.0
112105.0 40902789.0 1544967.0 1575708651.0 27971614265.0 19684.0 1664007346.0 168206360.0 25054244.0 23052855954.0 480046794649.0 2.31520854635e+13 226625147347.0 22717702707.0 1.33393500806e+12 87039.0 14144493.0 222923739033.0 6301578422.0 20274225217.0 0.0 1523356.0 24966434680.0 31859334885.0 5549211281.0 111148.0 7451725353.0 1045294.0 1392213360.0 384885153.0
109715.0 55786488.0 1275751.0 1355729231.0 53067441545.0 17225.0 1868549193.0 177152231.0 15697457.0 15919179466.0 579104529423.0 5.06928009008e+13 211102149005.0 18334007901.0 2.17353201131e+12 81370.0 12426045.0 334448647859.0 7132582321.0 12847155520.0 0.0 1312960.0 58743970772.0 25911790753.0 5028639212.0 89278.0 6677573400.0 764276.0 915672823.0 177273838.0
115072.0 43346894.0 1587162.0 1618965465.0 28210744564.0 28698.0 1790104958.0 182176829.0 24999972.0 23892865383.0 535968527652.0 2.03486303033e+13 239176854025.0 24640830615.0 1.40644691106e+12 161934.0 20914962.0 249842723318.0 7461132108.0 19669338825.0 0.0 2683826.0 34434219819.0 33054256528.0 5944729579.0 194205.0 8111562607.0 1621719.0 1356649488.0 371578346.0
112905.0 49924519.0 1473005.0 1536118606.0 43871282271.0 20244.0 1870870553.0 178337704.0 21838672.0 20301863859.0 539016703985.0 4.49922675649e+13 235248521727.0 21462847717.0 1.9160546738e+12 80525.0 14552164.0 299464503235.0 7004700553.0 17555737249.0 0.0 1554726.0 35503578672.0 31743285640.0 5810781158.0 115993.0 7582560465.0 1052572.0 1250457222.0 305173850.0
97577.0 28783440.0 1078156.0 1120002253.0 15978935668.0 16543.0 1036317457.0 99866760.0 13618406.0 16494544384.0 330025048304.0 1.03535466085e+13 135596524465.0 15796434334.0 711839200693.0 66601.0 11515104.0 115562488594.0 4066129759.0 11774905243.0 0.0 1155280.0 13181498022.0 16063789092.0 2999837981.0 84891.0 3787571168.0 702932.0 645501489.0 161920897.0
131738.0 79407892.0 1962435.0 2042275080.0 78222514445.0 20261.0 3114197138.0 343856861.0 31710268.0 23548283295.0 890940084302.0 7.69352309346e+13 406064866619.0 27938119500.0 3.62584712353e+12 84393.0 15310556.0 675003709655.0 11232939312.0 24868231347.0 0.0 1567050.0 120660439100.0 54664397220.0 10368034795.0 113969.0 15279097907.0 1176523.0 2389189523.0 481072792.0
118533.0 59523021.0 1559800.0 1590936918.0 56192245690.0 29118.0 2209529764.0 213373059.0 22263800.0 21145994133.0 648071688655.0 5.5671938998e+13 251361381837.0 23615506152.0 2.50804968266e+12 146842.0 21130380.0 396746886361.0 9026269290.0 17072529359.0 0.0 2597780.0 63302210337.0 35264025115.0 6589924305.0 193990.0 8968654987.0 1534388.0 1293924909.0 296915145.0
113839.0 60314636.0 1411790.0 1429184481.0 62309461201.0 19452.0 2072164105.0 189461604.0 19201637.0 18830603710.0 603652667942.0 6.28760987525e+13 217171840094.0 20237530549.0 2.6270008516e+12 80807.0 13992202.0 369883216773.0 7974881931.0 14739747620.0 0.0 1549968.0 65890278047.0 31136339734.0 5797612849.0 107457.0 7469969650.0 932709.0 1060427832.0 247068438.0
125286.0 72743824.0 1742781.0 1849219953.0 65924588960.0 17574.0 2715040195.0 311950741.0 26312878.0 20532041226.0 832779739478.0 5.61295465153e+13 353219268558.0 24278477343.0 2.96871446701e+12 73281.0 13254450.0 567039638122.0 9702839518.0 20980290735.0 0.0 1324298.0 121234941592.0 44505283177.0 8485697687.0 99328.0 12897719956.0 969543.0 1923509459.0 377913329.0
109061.0 57815054.0 1261089.0 1359073946.0 61215319796.0 13901.0 1876228292.0 171110936.0 16026019.0 16089458023.0 560654113288.0 6.57521866146e+13 205800248281.0 17511795046.0 2.40519695729e+12 53467.0 10187887.0 343443131347.0 6570173967.0 13421897231.0 0.0 913092.0 53599174874.0 26468510415.0 5088475974.0 62348.0 6425142741.0 604102.0 929354719.0 193143415.0
113046.0 78978000.0 1275271.0 1321587278.0 102414181475.0 12411.0 2341149677.0 226683837.0 15203762.0 13926312695.0 666722971380.0 1.26434347392e+14 219712915074.0 16333678687.0 3.69841127355e+12 42351.0 8951768.0 540889730251.0 7859441883.0 11630575914.0 0.0 801686.0 114914571466.0 29504025351.0 5690702409.0 57746.0 7874973285.0 526034.0 993908386.0 172510797.0
115492.0 60500707.0 1469199.0 1496828242.0 61899714591.0 20705.0 2142530427.0 193003128.0 20607992.0 19654991780.0 612928858101.0 6.36119780971e+13 235551186890.0 21357308798.0 2.65521546694e+12 91156.0 14903100.0 390931079337.0 8231513119.0 15784542899.0 0.0 1649168.0 56563665089.0 33314838051.0 6212101786.0 114473.0 7914614023.0 1033056.0 1163097176.0 272057359.0
110907.0 50568815.0 1365961.0 1492508443.0 41559096299.0 14736.0 1820321255.0 178635979.0 18682039.0 17999476272.0 568142750220.0 3.64614879699e+13 237029154308.0 19657424740.0 1.79100226721e+12 56961.0 11032823.0 307210733191.0 6565852560.0 15907976969.0 0.0 988178.0 42668482277.0 28520327400.0 5447898865.0 69845.0 7146231471.0 688356.0 1134157033.0 239613752.0
115923.0 56541237.0 1455756.0 1552932311.0 44753820113.0 19001.0 2081513362.0 217201013.0 19048380.0 18595776495.0 659764621793.0 3.29910857736e+13 261893616860.0 21845844495.0 2.04666309343e+12 76003.0 14074055.0 375828950347.0 8350793926.0 15752492965.0 0.0 1404054.0 69705571152.0 30718585652.0 6243395524.0 97700.0 8668705205.0 869598.0 1219620548.0 227850073.0
107548.0 43158975.0 1278916.0 1381121047.0 28426859226.0 19092.0 1588205108.0 153572333.0 16482544.0 17372515585.0 520143328846.0 1.79932740845e+13 217959290372.0 19135278551.0 1.31002729386e+12 86621.0 13599464.0 234725833320.0 6382382418.0 13919600762.0 0.0 1438554.0 35101409688.0 24144269108.0 4601090595.0 100427.0 6077118935.0 840048.0 911437308.0 195349370.0
115968.0 43230115.0 1620839.0 1685459562.0 26955026464.0 23355.0 1810996211.0 187593985.0 25946225.0 23877037221.0 548557680024.0 1.88735617679e+13 259130579174.0 25012697062.0 1.3533777447e+12 106400.0 17194962.0 252210619254.0 7309217802.0 21168646571.0 0.0 1851402.0 31386426042.0 34302218796.0 6113469233.0 137718.0 8431242399.0 1264678.0 1492806648.0 388502307.0
94839.0 24375966.0 1042986.0 1066047581.0 9866826830.0 18162.0 912710592.0 87574223.0 13372407.0 16047209806.0 288094558996.0 4.12830912179e+12 126811197296.0 15264393308.0 470150328364.0 75336.0 12621643.0 89283346086.0 3680111741.0 11022547091.0 0.0 1345890.0 10436405125.0 14865343954.0 2668097235.0 94665.0 3349060880.0 782753.0 576298711.0 161052638.0
116640.0 78661390.0 1389115.0 1403511098.0 94845681111.0 16860.0 2465671048.0 249175203.0 17302790.0 15700742948.0 709873798923.0 1.04211718069e+14 241735803483.0 18454686169.0 3.67691641128e+12 78127.0 12030819.0 534343447194.0 8805277980.0 13004002941.0 0.0 1243082.0 133204164300.0 32628534960.0 6303484291.0 86128.0 8980788024.0 758645.0 1150455310.0 202613760.0
114677.0 59636035.0 1425997.0 1520908267.0 57890974242.0 20662.0 2098794579.0 197605171.0 19148715.0 18526211729.0 630538976402.0 5.72093967013e+13 250813103284.0 20790356522.0 2.45798618215e+12 85574.0 15012304.0 390442602599.0 7843211271.0 15737276849.0 0.0 1536360.0 56218759718.0 31589058332.0 6102688742.0 112992.0 7925356635.0 965818.0 1178779745.0 238352952.0
104294.0 46568988.0 1156880.0 1247165485.0 40476659255.0 16305.0 1542849424.0 138348240.0 14050710.0 15535611070.0 496237520342.0 3.59298939189e+13 182069206608.0 16639813972.0 1.65515537423e+12 69476.0 11851827.0 240506664703.0 5843121494.0 11719373252.0 0.0 1173046.0 37821389533.0 21556797564.0 4068661972.0 80589.0 5135429922.0 690405.0 728750772.0 160459135.0
111128.0 39326413.0 1464992.0 1526909214.0 23430706362.0 18610.0 1589494330.0 159445875.0 22329052.0 21285943670.0 489591538759.0 1.53845381676e+13 225977536664.0 22121236820.0 1.14861223766e+12 67118.0 13812768.0 210370207349.0 6334827437.0 18247269697.0 0.0 1352272.0 25545651099.0 28897863713.0 5150016211.0 95195.0 6881214405.0 909922.0 1200164302.0 325243568.0
108975.0 54448906.0 1228918.0 1319775727.0 52955890505.0 16758.0 1805616427.0 158661240.0 14533623.0 15873804935.0 562910493999.0 5.19107064377e+13 203493657432.0 18070898344.0 2.16139156668e+12 67140.0 12326194.0 321165586787.0 7042245119.0 12154228408.0 0.0 1128586.0 46239804752.0 24283283461.0 4786762225.0 77058.0 5941748809.0 679784.0 806768772.0 157837444.0
100994.0 50132890.0 1076783.0 1095342671.0 58849679709.0 16493.0 1512243270.0 121782827.0 12690794.0 14173404784.0 430492446440.0 7.43470353857e+13 139822790806.0 14746229884.0 2.11761007742e+12 77087.0 11404785.0 250443025793.0 5527170068.0 9878674447.0 0.0 1243816.0 32704814572.0 19942500840.0 3630789665.0 82045.0 4398551626.0 695341.0 613520972.0 140008536.0
98960.0 34961205.0 1100887.0 1132313227.0 25743814336.0 17234.0 1208698195.0 104113712.0 14309777.0 16129304752.0 374351707978.0 2.14125436709e+13 142071631624.0 15697052712.0 1.08129443258e+12 79528.0 11999441.0 153737630665.0 4642984361.0 11216856532.0 0.0 1323106.0 18046823207.0 18627817731.0 3310407431.0 91843.0 3996822190.0 794541.0 631859035.0 179073426.0
119857.0 51786452.0 1657403.0 1734837847.0 37591848838.0 23651.0 2099651493.0 212159572.0 25247074.0 23988645590.0 646370721046.0 2.72868251948e+13 279534496300.0 26069840176.0 1.8694623425e+12 101400.0 17647011.0 333086541521.0 8713027917.0 20529760212.0 0.0 1923746.0 50270496123.0 36844668545.0 6958894695.0 138378.0 9339860526.0 1259695.0 1484946507.0 358919687.0
111565.0 51531485.0 1399370.0 1395264393.0 47939773857.0 23738.0 1850792973.0 166208652.0 19583581.0 19749357144.0 536233524604.0 4.58495176957e+13 199081473672.0 20647477223.0 2.09519038172e+12 120301.0 16681490.0 301231490982.0 7432884037.0 14733091562.0 0.0 2084088.0 42544614505.0 29123350550.0 5367043594.0 141962.0 6818676889.0 1202039.0 1011237808.0 258749724.0
101569.0 33887344.0 1163718.0 1266697240.0 17989508303.0 19935.0 1254262361.0 121831705.0 15156184.0 16724870361.0 414328340964.0 9.52603034558e+12 180358285702.0 17170493798.0 830572463900.0 90598.0 14076405.0 157714298086.0 4851865871.0 12909602217.0 0.0 1538068.0 21079922392.0 19910686075.0 3652201361.0 111358.0 4770737693.0 914846.0 765918525.0 184906769.0
102736.0 40206797.0 1184752.0 1186867067.0 34380333475.0 22904.0 1392260994.0 113882547.0 15790595.0 17941698314.0 413311973104.0 3.12147793314e+13 153985738834.0 17077371545.0 1.46066696903e+12 108787.0 16056724.0 189323760381.0 5485447377.0 12160861578.0 0.0 1927488.0 20532341267.0 21470749532.0 3828740484.0 140096.0 4477431696.0 1085271.0 716733521.0 200988940.0
100631.0 36196072.0 1153348.0 1122846118.0 30313450928.0 19047.0 1254459875.0 102379780.0 15616156.0 17728599634.0 365103045802.0 2.81930735062e+13 134196709218.0 16410835784.0 1.27863138205e+12 85149.0 12936777.0 157674595218.0 4952302355.0 11725029116.0 0.0 1553042.0 15511116636.0 19755547612.0 3466627921.0 109690.0 4013893896.0 862452.0 666349104.0 206284669.0
107349.0 45413400.0 1271396.0 1319773273.0 35654687464.0 24213.0 1615252662.0 146665436.0 16556345.0 17504588111.0 511485875449.0 2.79903647789e+13 197207177319.0 18810502275.0 1.57629839526e+12 122023.0 16965069.0 244605051248.0 6553038250.0 13153156722.0 0.0 2039946.0 35003946451.0 24367452376.0 4472984546.0 151463.0 5774536717.0 1160239.0 854488130.0 200730767.0
