8727.0 51621.0 37.0 303892.0 101727.0 163.0 652.0 0.0 0.0 1784017.0 893538.5 150240.0 3760.0 3822.0 1883.0 716.0 3786.0 0.0 3.0 0.0 1.0 22.0 0.0 0.0 0.0 0.0 0.0 0.0 0.0 0.0
9006.0 55024.0 34.0 334469.0 111640.0 180.0 655.0 0.0 0.0 2030054.0 1013446.0 168775.0 4165.0 4086.0 2055.0 857.0 4480.0 0.0 3.0 0.0 2.0 22.0 0.0 0.0 0.0 0.0 0.0 0.0 0.0 0.0
8745.0 51958.0 33.0 308397.0 103080.0 156.0 605.0 0.0 0.0 1823723.0 917586.0 153475.0 3630.0 3610.0 1895.0 752.0 3617.0 0.0 0.0 0.0 0.0 6.0 0.0 0.0 0.0 0.0 0.0 0.0 0.0 0.0
8669.0 50704.0 23.0 295789.0 98334.0 146.0 404.0 0.0 0.0 1721918.0 857903.0 142432.0 2270.0 2381.0 1160.0 692.0 3365.0 0.0 1.0 0.0 1.0 8.0 0.0 0.0 0.0 0.0 0.0 0.0 0.0 0.0
8593.0 49932.0 35.0 289791.0 96307.0 136.0 588.0 1.0 0.0 1680332.0 837531.5 139576.0 3260.0 3391.0 1600.0 656.0 3058.0 11.0 3.0 8.0 1.0 10.0 0.0 0.0 0.0 0.0 0.0 0.0 0.0 0.0
8799.0 52437.0 35.0 311644.0 104107.0 170.0 652.0 2.0 0.0 1846148.0 927095.0 154599.0 4164.0 3830.0 2002.0 757.0 4062.0 28.0 0.0 24.0 1.0 20.0 0.0 0.0 0.0 0.0 0.0 0.0 0.0 0.0
8631.0 50212.0 27.0 291474.0 97110.0 134.0 450.0 0.0 0.0 1685319.0 844734.5 140759.0 2557.0 2661.0 1255.0 640.0 3114.0 0.0 0.0 0.0 0.0 2.0 0.0 0.0 0.0 0.0 0.0 0.0 0.0 0.0
8608.0 50028.0 36.0 289592.0 96534.0 167.0 565.0 1.0 0.0 1672183.0 834761.0 138526.0 2972.0 3259.0 1513.0 633.0 3772.0 8.0 1.0 12.0 3.0 6.0 0.0 0.0 0.0 0.0 0.0 0.0 0.0 0.0
8808.0 52383.0 28.0 311453.0 103349.0 145.0 502.0 1.0 0.0 1846443.0 921809.0 152331.0 3030.0 2949.0 1476.0 742.0 3501.0 13.0 1.0 16.0 1.0 10.0 0.0 0.0 0.0 0.0 0.0 0.0 0.0 0.0
8759.0 51619.0 30.0 303609.0 100752.0 134.0 586.0 0.0 0.0 1779232.0 887151.5 146547.0 3955.0 3449.0 1922.0 718.0 3184.0 0.0 1.0 0.0 0.0 14.0 0.0 0.0 0.0 0.0 0.0 0.0 0.0 0.0
8681.0 50711.0 29.0 295742.0 97945.0 156.0 485.0 1.0 0.0 1719774.0 854869.0 140576.0 2697.0 2802.0 1343.0 676.0 3709.0 9.0 1.0 9.0 6.0 6.0 0.0 0.0 0.0 0.0 0.0 0.0 0.0 0.0
8898.0 53384.0 32.0 319184.0 106630.0 148.0 625.0 0.0 0.0 1903116.0 951953.5 159732.0 4081.0 3809.0 1993.0 772.0 3529.0 0.0 4.0 0.0 2.0 10.0 0.0 0.0 0.0 0.0 0.0 0.0 0.0 0.0
8825.0 52683.0 39.0 313439.0 104619.0 158.0 706.0 1.0 0.0 1860239.0 930842.0 154974.0 4287.0 4147.0 2107.0 764.0 3870.0 10.0 3.0 12.0 1.0 16.0 0.0 0.0 0.0 0.0 0.0 0.0 0.0 0.0
8765.0 52088.0 29.0 308419.0 102763.0 164.0 532.0 3.0 0.0 1819718.0 909248.5 151060.0 3222.0 3072.0 1625.0 753.0 3932.0 43.0 0.0 44.0 4.0 14.0 0.0 0.0 1.0 0.0 0.0 0.0 0.0 0.0
8855.0 52926.0 35.0 316380.0 105377.0 158.0 663.0 1.0 0.0 1888552.0 943302.5 158303.0 4126.0 3887.0 2117.0 777.0 3759.0 8.0 1.0 16.0 3.0 28.0 0.0 0.0 0.0 0.0 0.0 0.0 0.0 0.0
8852.0 53067.0 36.0 316949.0 106160.0 155.0 583.0 0.0 0.0 1888485.0 947340.5 159957.0 3105.0 3565.0 1572.0 726.0 3775.0 0.0 2.0 0.0 0.0 18.0 0.0 0.0 0.0 0.0 0.0 0.0 0.0 0.0
8791.0 52467.0 27.0 311924.0 104574.0 171.0 499.0 0.0 0.0 1847703.0 928016.5 155964.0 3003.0 2946.0 1485.0 719.0 4143.0 0.0 1.0 0.0 2.0 12.0 0.0 0.0 0.0 0.0 0.0 0.0 0.0 0.0
8606.0 49890.0 29.0 288980.0 95920.0 133.0 482.0 1.0 0.0 1671640.0 832378.5 137917.0 2786.0 2774.0 1410.0 681.0 3038.0 9.0 1.0 14.0 1.0 8.0 0.0 0.0 0.0 0.0 0.0 0.0 0.0 0.0
8824.0 52747.0 43.0 314517.0 104989.0 138.0 725.0 1.0 0.0 1871534.0 937372.0 156660.0 4125.0 4288.0 2058.0 738.0 3182.0 10.0 3.0 10.0 2.0 14.0 0.0 0.0 0.0 0.0 0.0 0.0 0.0 0.0
8746.0 51149.0 33.0 298485.0 97978.0 157.0 569.0 2.0 0.0 1736952.0 854808.0 137747.0 3300.0 3361.0 1654.0 679.0 3576.0 13.0 2.0 22.0 0.0 6.0 0.0 0.0 0.0 0.0 0.0 0.0 0.0 0.0
8748.0 51327.0 33.0 300617.0 99905.0 143.0 568.0 0.0 0.0 1756014.0 876704.0 145341.0 3201.0 3327.0 1588.0 732.0 3340.0 0.0 2.0 0.0 1.0 18.0 0.0 0.0 0.0 0.0 0.0 0.0 0.0 0.0
8669.0 50755.0 36.0 297182.0 98700.0 160.0 613.0 1.0 0.0 1733001.0 867214.0 144818.0 3464.0 3662.0 1702.0 723.0 3688.0 8.0 2.0 10.0 0.0 10.0 0.0 0.0 0.0 0.0 0.0 0.0 0.0 0.0
8884.0 53354.0 36.0 319450.0 106267.0 150.0 655.0 0.0 0.0 1909220.0 951766.5 157934.0 3949.0 3988.0 2020.0 762.0 3576.0 0.0 0.0 0.0 0.0 26.0 0.0 0.0 0.0 0.0 0.0 0.0 0.0 0.0
8771.0 51854.0 36.0 304646.0 101698.0 143.0 654.0 0.0 0.0 1785594.0 891211.5 148987.0 3951.0 3775.0 1912.0 655.0 3426.0 0.0 1.0 0.0 1.0 16.0 0.0 0.0 0.0 0.0 0.0 0.0 0.0 0.0
8761.0 52526.0 35.0 314909.0 105441.0 165.0 603.0 1.0 0.0 1880591.0 948375.5 158752.0 3458.0 3600.0 1803.0 804.0 3941.0 11.0 0.0 13.0 2.0 14.0 0.0 0.0 0.0 0.0 0.0 0.0 0.0 0.0
8768.0 52082.0 41.0 308958.0 102590.0 164.0 754.0 1.0 0.0 1828364.0 912370.0 149847.0 4669.0 4389.0 2251.0 769.0 3884.0 12.0 2.0 16.0 1.0 14.0 0.0 0.0 0.0 0.0 0.0 0.0 0.0 0.0
8878.0 53217.0 40.0 318561.0 105799.0 167.0 706.0 0.0 0.0 1903025.0 948220.5 157447.0 4173.0 4187.0 2049.0 761.0 3963.0 0.0 1.0 0.0 1.0 24.0 0.0 0.0 0.0 0.0 0.0 0.0 0.0 0.0
8779.0 51972.0 36.0 306882.0 102068.0 126.0 602.0 0.0 0.0 1808153.0 901134.0 149062.0 3322.0 3534.0 1726.0 689.0 2878.0 0.0 0.0 0.0 1.0 12.0 0.0 0.0 0.0 0.0 0.0 0.0 0.0 0.0
8823.0 52573.0 42.0 312351.0 104554.0 135.0 755.0 0.0 0.0 1849111.0 929868.0 157107.0 4517.0 4394.0 2239.0 709.0 3255.0 0.0 2.0 0.0 1.0 20.0 0.0 0.0 0.0 0.0 0.0 0.0 0.0 0.0
8802.0 52371.0 34.0 311548.0 103438.0 159.0 661.0 0.0 0.0 1849981.0 922178.0 152365.0 4351.0 3873.0 2172.0 750.0 3878.0 0.0 0.0 0.0 0.0 28.0 0.0 0.0 0.0 0.0 0.0 0.0 0.0 0.0
8680.0 50979.0 46.0 297993.0 100210.0 164.0 839.0 0.0 0.0 1738768.0 874640.5 148940.0 5125.0 4908.0 2640.0 650.0 3752.0 0.0 3.0 0.0 2.0 18.0 0.0 0.0 0.0 0.0 0.0 0.0 0.0 0.0
8758.0 51620.0 30.0 303252.0 99759.0 161.0 521.0 0.0 0.0 1778120.0 875979.0 140785.0 3068.0 3058.0 1478.0 645.0 3756.0 0.0 2.0 0.0 3.0 14.0 0.0 0.0 0.0 0.0 0.0 0.0 0.0 0.0
8773.0 51993.0 33.0 306548.0 102184.0 154.0 602.0 0.0 0.0 1802648.0 897801.0 149817.0 3602.0 3529.0 1913.0 709.0 3564.0 0.0 3.0 0.0 2.0 12.0 0.0 0.0 0.0 0.0 0.0 0.0 0.0 0.0
8666.0 50729.0 37.0 295739.0 97886.0 112.0 671.0 0.0 0.0 1721030.0 852025.5 139262.0 4094.0 3811.0 2001.0 648.0 2715.0 0.0 2.0 0.0 1.0 4.0 0.0 0.0 0.0 0.0 0.0 0.0 0.0 0.0
8699.0 51051.0 33.0 299111.0 99408.0 124.0 615.0 1.0 0.0 1746275.0 871966.5 144267.0 3823.0 3618.0 1885.0 685.0 2867.0 14.0 2.0 6.0 1.0 18.0 0.0 0.0 0.0 0.0 0.0 0.0 0.0 0.0
8931.0 53952.0 40.0 324629.0 107824.0 175.0 717.0 0.0 0.0 1948939.0 969999.5 159759.0 4283.0 4277.0 2127.0 834.0 4173.0 0.0 3.0 0.0 2.0 18.0 0.0 0.0 0.0 0.0 0.0 0.0 0.0 0.0
8724.0 51521.0 34.0 303527.0 101209.0 152.0 601.0 1.0 0.0 1785016.0 892615.0 148496.0 3468.0 3443.0 1746.0 712.0 3540.0 13.0 1.0 12.0 1.0 10.0 0.0 0.0 0.0 0.0 0.0 0.0 0.0 0.0
8739.0 51635.0 32.0 303483.0 101707.0 157.0 542.0 2.0 0.0 1778591.0 891640.0 150461.0 2969.0 3233.0 1481.0 693.0 3763.0 19.0 3.0 29.0 0.0 14.0 0.0 0.0 0.0 0.0 0.0 0.0 0.0 0.0
8713.0 51059.0 24.0 299113.0 98724.0 148.0 401.0 2.0 0.0 1745987.0 867532.0 141071.0 2221.0 2327.0 1093.0 729.0 3398.0 23.0 2.0 24.0 0.0 6.0 0.0 0.0 0.0 0.0 0.0 0.0 0.0 0.0
8808.0 52428.0 34.0 310486.0 103812.0 150.0 618.0 0.0 0.0 1837262.0 918148.0 153682.0 3670.0 3695.0 1814.0 786.0 3645.0 0.0 2.0 0.0 2.0 14.0 0.0 0.0 0.0 0.0 0.0 0.0 0.0 0.0
8762.0 51822.0 40.0 305882.0 101946.0 188.0 690.0 0.0 0.0 1801538.0 900916.0 150842.0 3890.0 3952.0 1958.0 706.0 4400.0 0.0 1.0 0.0 3.0 22.0 0.0 0.0 0.0 0.0 0.0 0.0 0.0 0.0
8922.0 54315.0 38.0 330115.0 110976.0 151.0 675.0 0.0 0.0 2001394.0 1009774.0 171044.0 4009.0 4030.0 1980.0 836.0 3755.0 0.0 1.0 0.0 1.0 10.0 0.0 0.0 0.0 0.0 0.0 0.0 0.0 0.0
8730.0 51657.0 29.0 304730.0 101247.0 189.0 530.0 0.0 0.0 1793650.0 893978.5 146893.0 3194.0 3205.0 1554.0 712.0 4457.0 0.0 3.0 0.0 1.0 26.0 0.0 0.0 0.0 0.0 0.0 0.0 0.0 0.0
8632.0 50589.0 28.0 296585.0 98811.0 168.0 482.0 0.0 0.0 1737585.0 868850.0 144261.0 2704.0 2849.0 1405.0 644.0 3874.0 0.0 3.0 0.0 1.0 14.0 0.0 0.0 0.0 0.0 0.0 0.0 0.0 0.0
8752.0 52252.0 34.0 310696.0 104513.0 173.0 626.0 1.0 0.0 1841945.0 927367.0 157730.0 3888.0 3687.0 1916.0 757.0 4206.0 8.0 0.0 12.0 2.0 16.0 0.0 0.0 0.0 0.0 0.0 0.0 0.0 0.0
8683.0 50890.0 33.0 297905.0 98659.0 147.0 568.0 0.0 0.0 1739953.0 865374.0 142055.0 3183.0 3373.0 1597.0 725.0 3484.0 0.0 1.0 0.0 3.0 16.0 0.0 0.0 0.0 0.0 0.0 0.0 0.0 0.0
8719.0 51084.0 44.0 298624.0 98041.0 144.0 772.0 2.0 0.0 1741333.0 856676.0 137667.0 4367.0 4500.0 2170.0 697.0 3311.0 22.0 1.0 22.0 0.0 22.0 0.0 0.0 0.0 0.0 0.0 0.0 0.0 0.0
8786.0 51901.0 38.0 306546.0 101268.0 165.0 728.0 0.0 0.0 1805601.0 897286.0 146766.0 4558.0 4242.0 2320.0 751.0 3857.0 0.0 5.0 0.0 1.0 16.0 0.0 0.0 0.0 0.0 0.0 0.0 0.0 0.0
8750.0 51793.0 32.0 305843.0 102548.0 162.0 542.0 0.0 0.0 1803550.0 906530.0 153324.0 3056.0 3115.0 1548.0 666.0 3766.0 0.0 1.0 0.0 2.0 20.0 0.0 0.0 0.0 0.0 0.0 0.0 0.0 0.0
8629.0 50279.0 40.0 292620.0 97329.0 151.0 709.0 0.0 0.0 1699317.0 848467.5 140718.0 4205.0 4030.0 2137.0 686.0 3598.0 0.0 1.0 0.0 0.0 14.0 0.0 0.0 0.0 0.0 0.0 0.0 0.0 0.0
8791.0 52429.0 36.0 311418.0 104284.0 152.0 612.0 1.0 0.0 1845202.0 924612.0 155354.0 3387.0 3582.0 1694.0 773.0 3416.0 9.0 5.0 16.0 1.0 22.0 0.0 0.0 0.0 0.0 0.0 0.0 0.0 0.0
8838.0 52797.0 33.0 314704.0 105191.0 128.0 606.0 0.0 0.0 1869478.0 938496.0 157795.0 3751.0 3610.0 1766.0 786.0 3014.0 0.0 3.0 0.0 1.0 8.0 0.0 0.0 0.0 0.0 0.0 0.0 0.0 0.0
8722.0 51742.0 36.0 305712.0 102663.0 177.0 614.0 1.0 0.0 1801932.0 905568.5 153060.0 3519.0 3590.0 1737.0 742.0 4215.0 17.0 3.0 10.0 1.0 24.0 0.0 0.0 0.0 0.0 0.0 0.0 0.0 0.0
8626.0 50102.0 37.0 289894.0 96112.0 141.0 647.0 1.0 0.0 1673365.0 831525.0 136721.0 3803.0 3693.0 1839.0 678.0 3226.0 9.0 3.0 9.0 0.0 18.0 0.0 0.0 0.0 0.0 0.0 0.0 0.0 0.0
8739.0 51915.0 36.0 308451.0 102569.0 166.0 627.0 1.0 0.0 1826465.0 914958.0 151156.0 3666.0 3697.0 1744.0 762.0 3828.0 9.0 0.0 15.0 2.0 8.0 0.0 0.0 0.0 0.0 0.0 0.0 0.0 0.0
8915.0 53630.0 44.0 322314.0 106920.0 155.0 775.0 2.0 0.0 1931972.0 963785.5 158828.0 4486.0 4719.0 2339.0 734.0 3705.0 29.0 0.0 21.0 1.0 24.0 0.0 0.0 0.0 0.0 0.0 0.0 0.0 0.0
8708.0 51101.0 34.0 298580.0 99582.0 146.0 594.0 0.0 0.0 1743199.0 868544.0 144926.0 3413.0 3487.0 1734.0 708.0 3265.0 0.0 0.0 0.0 2.0 18.0 0.0 0.0 0.0 0.0 0.0 0.0 0.0 0.0
8839.0 52403.0 43.0 310517.0 102351.0 156.0 820.0 1.0 0.0 1834796.0 909327.0 148462.0 5259.0 4874.0 2647.0 745.0 3723.0 11.0 5.0 16.0 1.0 28.0 0.0 0.0 0.0 1.0 0.0 0.0 0.0 0.0
8827.0 52815.0 41.0 314443.0 105393.0 174.0 719.0 1.0 0.0 1869665.0 934998.0 158715.0 4180.0 4184.0 2013.0 759.0 4164.0 14.0 6.0 15.0 1.0 18.0 0.0 0.0 0.0 0.0 0.0 0.0 0.0 0.0
8676.0 50889.0 36.0 297146.0 99177.0 138.0 646.0 1.0 0.0 1731648.0 865118.0 144215.0 3927.0 3785.0 1874.0 702.0 3176.0 13.0 0.0 12.0 2.0 14.0 0.0 0.0 0.0 0.0 0.0 0.0 0.0 0.0
8732.0 51730.0 24.0 306089.0 102238.0 158.0 451.0 0.0 0.0 1806616.0 906326.0 152012.0 2770.0 2663.0 1409.0 738.0 3820.0 0.0 1.0 0.0 2.0 10.0 0.0 0.0 0.0 0.0 0.0 0.0 0.0 0.0
8785.0 52162.0 46.0 309124.0 102825.0 160.0 784.0 1.0 0.0 1827722.0 912118.0 151163.0 4508.0 4780.0 2196.0 719.0 3739.0 7.0 1.0 17.0 3.0 10.0 0.0 0.0 0.0 0.0 0.0 0.0 0.0 0.0
8641.0 50362.0 28.0 294109.0 96998.0 158.0 483.0 0.0 0.0 1714988.0 852283.5 137881.0 2789.0 2890.0 1372.0 629.0 3749.0 0.0 1.0 0.0 2.0 16.0 0.0 0.0 0.0 0.0 0.0 0.0 0.0 0.0
8807.0 52561.0 33.0 312946.0 105134.0 142.0 594.0 0.0 0.0 1861685.0 935608.5 159698.0 3615.0 3616.0 1860.0 761.0 3487.0 0.0 2.0 0.0 0.0 12.0 0.0 0.0 0.0 0.0 0.0 0.0 0.0 0.0
8827.0 52702.0 35.0 314107.0 104700.0 150.0 638.0 1.0 0.0 1868998.0 934616.0 155721.0 3928.0 3792.0 1921.0 716.0 3629.0 12.0 5.0 8.0 1.0 24.0 0.0 0.0 0.0 0.0 0.0 0.0 0.0 0.0
8877.0 53354.0 27.0 319817.0 106641.0 179.0 503.0 1.0 0.0 1911940.0 957599.0 159215.0 3081.0 2966.0 1570.0 763.0 4209.0 16.0 2.0 16.0 3.0 20.0 0.0 0.0 0.0 0.0 0.0 0.0 0.0 0.0
8743.0 51837.0 40.0 306701.0 102940.0 152.0 701.0 3.0 0.0 1809648.0 910887.5 154408.0 4140.0 4121.0 2085.0 742.0 3633.0 33.0 7.0 40.0 2.0 18.0 0.0 0.0 0.0 0.0 0.0 0.0 0.0 0.0
8563.0 49070.0 34.0 280272.0 92199.0 112.0 577.0 1.0 0.0 1597139.0 787576.0 126713.0 3272.0 3315.0 1599.0 634.0 2523.0 15.0 2.0 9.0 1.0 6.0 0.0 0.0 0.0 0.0 0.0 0.0 0.0 0.0
8803.0 52171.0 24.0 308085.0 101749.0 135.0 432.0 1.0 0.0 1813875.0 898176.5 146214.0 2532.0 2471.0 1237.0 747.0 3189.0 9.0 1.0 18.0 2.0 8.0 0.0 0.0 0.0 0.0 0.0 0.0 0.0 0.0
8583.0 50042.0 38.0 290325.0 97428.0 156.0 644.0 0.0 0.0 1679480.0 844343.0 142863.0 3615.0 3713.0 1804.0 648.0 3555.0 0.0 1.0 0.0 4.0 12.0 0.0 0.0 0.0 0.0 0.0 0.0 0.0 0.0
8693.0 51111.0 20.0 299844.0 99644.0 155.0 348.0 0.0 0.0 1755073.0 875129.0 144711.0 1955.0 2036.0 947.0 730.0 3682.0 0.0 1.0 0.0 1.0 8.0 0.0 0.0 0.0 0.0 0.0 0.0 0.0 0.0
8631.0 50635.0 36.0 295645.0 98944.0 140.0 633.0 1.0 0.0 1720956.0 862043.0 144266.0 3729.0 3729.0 1798.0 679.0 3227.0 13.0 1.0 13.0 2.0 12.0 0.0 0.0 0.0 0.0 0.0 0.0 0.0 0.0
8644.0 50110.0 34.0 289807.0 96307.0 146.0 611.0 1.0 0.0 1670703.0 834487.0 138652.0 3677.0 3566.0 1796.0 626.0 3350.0 11.0 1.0 11.0 2.0 16.0 0.0 0.0 0.0 0.0 0.0 0.0 0.0 0.0
8665.0 50770.0 38.0 296880.0 99055.0 141.0 649.0 1.0 0.0 1732430.0 867292.0 145138.0 3733.0 3702.0 1777.0 699.0 3186.0 12.0 6.0 11.0 0.0 8.0 0.0 0.0 0.0 0.0 0.0 0.0 0.0 0.0
8662.0 50738.0 34.0 297352.0 98356.0 142.0 555.0 1.0 0.0 1738932.0 864940.5 141917.0 3046.0 3306.0 1568.0 638.0 3293.0 8.0 0.0 8.0 1.0 16.0 0.0 0.0 0.0 0.0 0.0 0.0 0.0 0.0
8672.0 50807.0 32.0 297246.0 98946.0 155.0 553.0 0.0 0.0 1733306.0 867458.0 144355.0 3218.0 3308.0 1492.0 692.0 3690.0 0.0 2.0 0.0 3.0 10.0 0.0 0.0 0.0 0.0 0.0 0.0 0.0 0.0
8747.0 52045.0 35.0 308062.0 103177.0 158.0 643.0 0.0 0.0 1820019.0 910794.5 152568.0 3822.0 3796.0 2018.0 795.0 3689.0 0.0 5.0 0.0 1.0 18.0 0.0 0.0 0.0 0.0 0.0 0.0 0.0 0.0
8591.0 49805.0 35.0 287339.0 95952.0 124.0 612.0 1.0 0.0 1652105.0 826021.5 138515.0 3506.0 3390.0 1812.0 637.0 2763.0 13.0 0.0 9.0 1.0 8.0 0.0 0.0 0.0 0.0 0.0 0.0 0.0 0.0
8643.0 50694.0 24.0 296525.0 99685.0 176.0 482.0 0.0 0.0 1730077.0 870931.0 148947.0 3215.0 2796.0 1742.0 680.0 4085.0 0.0 1.0 0.0 1.0 18.0 0.0 0.0 0.0 0.0 0.0 0.0 0.0 0.0
8804.0 52558.0 29.0 312865.0 104991.0 159.0 509.0 0.0 0.0 1858622.0 934174.5 159044.0 3066.0 3037.0 1465.0 730.0 3707.0 0.0 2.0 0.0 3.0 20.0 0.0 0.0 0.0 0.0 0.0 0.0 0.0 0.0
8828.0 52932.0 39.0 317922.0 106434.0 169.0 721.0 1.0 0.0 1904667.0 960864.5 161685.0 4409.0 4342.0 2251.0 805.0 4140.0 13.0 2.0 10.0 1.0 26.0 0.0 0.0 0.0 0.0 0.0 0.0 0.0 0.0
8742.0 51613.0 46.0 303905.0 100624.0 147.0 835.0 2.0 0.0 1785656.0 885849.5 144431.0 4826.0 4871.0 2570.0 718.0 3461.0 21.0 2.0 34.0 1.0 10.0 0.0 0.0 0.0 0.0 0.0 0.0 0.0 0.0
8665.0 50910.0 45.0 298609.0 99631.0 154.0 778.0 0.0 0.0 1749226.0 875544.0 145318.0 4410.0 4445.0 2288.0 694.0 3648.0 0.0 7.0 0.0 1.0 20.0 0.0 0.0 0.0 0.0 0.0 0.0 0.0 0.0
8698.0 51032.0 47.0 297446.0 99093.0 163.0 801.0 0.0 0.0 1729781.0 861336.0 142747.0 4561.0 4628.0 2303.0 692.0 3815.0 0.0 4.0 0.0 3.0 18.0 0.0 0.0 0.0 0.0 0.0 0.0 0.0 0.0
8763.0 51998.0 35.0 307857.0 102274.0 144.0 601.0 0.0 0.0 1815707.0 906415.5 149118.0 3362.0 3706.0 1731.0 730.0 3322.0 0.0 3.0 0.0 1.0 14.0 0.0 0.0 0.0 0.0 0.0 0.0 0.0 0.0
8792.0 52340.0 31.0 311019.0 103901.0 161.0 566.0 0.0 0.0 1843648.0 924288.0 155043.0 3365.0 3315.0 1755.0 710.0 3649.0 0.0 1.0 0.0 3.0 16.0 0.0 0.0 0.0 0.0 0.0 0.0 0.0 0.0
8733.0 51710.0 32.0 304667.0 101785.0 179.0 549.0 0.0 0.0 1787869.0 894997.5 149025.0 3117.0 3262.0 1554.0 713.0 4127.0 0.0 1.0 0.0 2.0 22.0 0.0 0.0 0.0 0.0 0.0 0.0 0.0 0.0
8505.0 48792.0 30.0 279782.0 92837.0 135.0 500.0 0.0 0.0 1599657.0 798648.0 131372.0 2800.0 2850.0 1435.0 691.0 3097.0 0.0 3.0 0.0 0.0 12.0 0.0 0.0 0.0 0.0 0.0 0.0 0.0 0.0
8759.0 52146.0 37.0 309886.0 104359.0 155.0 713.0 0.0 0.0 1835820.0 927901.0 159809.0 4578.0 4091.0 2304.0 762.0 3625.0 0.0 5.0 0.0 3.0 16.0 0.0 0.0 0.0 0.0 0.0 0.0 0.0 0.0
8859.0 53133.0 33.0 317798.0 106568.0 194.0 615.0 1.0 0.0 1896347.0 953021.0 162033.0 3783.0 3741.0 1829.0 787.0 4590.0 15.0 1.0 16.0 3.0 10.0 0.0 0.0 0.0 0.0 0.0 0.0 0.0 0.0
8663.0 51034.0 38.0 300963.0 100819.0 163.0 685.0 2.0 0.0 1770112.0 893870.0 150058.0 4076.0 4057.0 2134.0 743.0 3777.0 25.0 3.0 30.0 4.0 18.0 0.0 0.0 0.0 0.0 0.0 0.0 0.0 0.0
8781.0 52136.0 22.0 308578.0 103154.0 166.0 377.0 0.0 0.0 1824203.0 912585.0 153370.0 2176.0 2234.0 1062.0 773.0 3979.0 0.0 2.0 0.0 1.0 10.0 0.0 0.0 0.0 0.0 0.0 0.0 0.0 0.0
8800.0 52041.0 43.0 307456.0 102033.0 139.0 694.0 0.0 0.0 1814223.0 904439.5 149846.0 3738.0 4103.0 1908.0 783.0 3289.0 0.0 1.0 0.0 1.0 16.0 0.0 0.0 0.0 0.0 0.0 0.0 0.0 0.0
8802.0 52477.0 47.0 311721.0 104326.0 125.0 833.0 1.0 0.0 1847472.0 925878.0 155441.0 4874.0 5079.0 2464.0 760.0 2979.0 13.0 3.0 12.0 0.0 22.0 0.0 0.0 0.0 0.0 0.0 0.0 0.0 0.0
8695.0 51067.0 40.0 298626.0 99557.0 157.0 675.0 0.0 0.0 1739441.0 870638.0 144574.0 3687.0 3970.0 1886.0 701.0 3627.0 0.0 3.0 0.0 1.0 22.0 0.0 0.0 0.0 0.0 0.0 0.0 0.0 0.0
8850.0 52966.0 29.0 315918.0 105736.0 158.0 547.0 0.0 0.0 1877391.0 942368.0 158743.0 3418.0 3356.0 1721.0 782.0 3771.0 0.0 1.0 0.0 1.0 14.0 0.0 0.0 0.0 0.0 0.0 0.0 0.0 0.0
8712.0 51389.0 33.0 302649.0 100396.0 171.0 584.0 0.0 0.0 1776959.0 885821.0 145699.0 3386.0 3437.0 1689.0 728.0 3991.0 0.0 3.0 0.0 3.0 30.0 0.0 0.0 0.0 0.0 0.0 0.0 0.0 0.0
8803.0 52263.0 37.0 309571.0 102918.0 155.0 648.0 0.0 0.0 1829351.0 912647.5 151563.0 3834.0 3898.0 1856.0 788.0 3600.0 0.0 2.0 0.0 1.0 8.0 0.0 0.0 0.0 0.0 0.0 0.0 0.0 0.0
8798.0 52593.0 32.0 312465.0 104833.0 172.0 580.0 2.0 0.0 1852258.0 929813.0 156353.0 3382.0 3401.0 1782.0 769.0 4074.0 25.0 0.0 28.0 2.0 18.0 0.0 0.0 0.0 0.0 0.0 0.0 0.0 0.0
8836.0 52854.0 26.0 315033.0 105064.0 159.0 483.0 0.0 0.0 1874548.0 936238.5 155105.0 2959.0 2869.0 1474.0 768.0 3657.0 0.0 0.0 0.0 2.0 10.0 0.0 0.0 0.0 0.0 0.0 0.0 0.0 0.0
8815.0 52344.0 28.0 309843.0 103037.0 144.0 500.0 0.0 0.0 1827951.0 912585.5 151357.0 2919.0 2931.0 1468.0 736.0 3396.0 0.0 0.0 0.0 1.0 8.0 0.0 0.0 0.0 0.0 0.0 0.0 0.0 0.0
8662.0 50879.0 36.0 298809.0 100156.0 125.0 590.0 1.0 0.0 1750209.0 881945.0 149128.0 3200.0 3460.0 1640.0 692.0 2946.0 14.0 2.0 9.0 1.0 8.0 0.0 0.0 0.0 0.0 0.0 0.0 0.0 0.0
8677.0 50745.0 33.0 295121.0 98603.0 152.0 543.0 0.0 0.0 1714940.0 855611.5 143546.0 2980.0 3153.0 1492.0 661.0 3538.0 0.0 1.0 0.0 0.0 12.0 0.0 0.0 0.0 0.0 0.0 0.0 0.0 0.0
8606.0 50092.0 32.0 291560.0 97034.0 158.0 592.0 0.0 0.0 1690622.0 848035.5 140763.0 3631.0 3389.0 1835.0 676.0 3764.0 0.0 0.0 0.0 4.0 26.0 0.0 0.0 0.0 0.0 0.0 0.0 0.0 0.0
8713.0 51030.0 24.0 297707.0 98430.0 155.0 421.0 0.0 0.0 1733564.0 857508.0 140347.0 2393.0 2492.0 1187.0 679.0 3601.0 0.0 1.0 0.0 4.0 14.0 0.0 0.0 0.0 0.0 0.0 0.0 0.0 0.0
8818.0 52828.0 33.0 315742.0 105986.0 171.0 554.0 1.0 0.0 1883528.0 948469.5 160258.0 3041.0 3298.0 1511.0 772.0 4156.0 10.0 3.0 11.0 2.0 10.0 0.0 0.0 0.0 0.0 0.0 0.0 0.0 0.0
8769.0 51611.0 43.0 303161.0 99768.0 142.0 789.0 4.0 0.0 1774725.0 878451.5 141963.0 4810.0 4636.0 2378.0 662.0 3221.0 55.0 7.0 49.0 2.0 26.0 0.0 0.0 0.0 0.0 0.0 0.0 0.0 0.0
8939.0 54317.0 35.0 329339.0 110620.0 170.0 656.0 1.0 0.0 1991138.0 1003340.5 171789.0 4082.0 3982.0 1977.0 807.0 4095.0 13.0 4.0 12.0 3.0 22.0 0.0 0.0 0.0 0.0 0.0 0.0 0.0 0.0
8556.0 49666.0 35.0 287144.0 95833.0 146.0 583.0 1.0 0.0 1654853.0 828434.0 138020.0 3265.0 3435.0 1555.0 664.0 3339.0 10.0 0.0 8.0 1.0 20.0 0.0 0.0 0.0 0.0 0.0 0.0 0.0 0.0
8766.0 51804.0 22.0 305388.0 101709.0 171.0 384.0 1.0 0.0 1795353.0 897184.5 149506.0 2176.0 2204.0 1098.0 690.0 3980.0 18.0 0.0 9.0 1.0 10.0 0.0 0.0 0.0 0.0 0.0 0.0 0.0 0.0
8790.0 51914.0 36.0 305913.0 101353.0 168.0 592.0 0.0 0.0 1798127.0 893667.0 147029.0 3234.0 3531.0 1666.0 689.0 3921.0 0.0 0.0 0.0 2.0 6.0 0.0 0.0 0.0 0.0 0.0 0.0 0.0 0.0
8726.0 51856.0 35.0 306069.0 103366.0 142.0 625.0 0.0 0.0 1803691.0 909084.0 155774.0 3588.0 3740.0 1933.0 726.0 3360.0 0.0 2.0 0.0 0.0 10.0 0.0 0.0 0.0 0.0 0.0 0.0 0.0 0.0
8848.0 52993.0 45.0 315869.0 106089.0 178.0 832.0 0.0 0.0 1877534.0 943879.5 160447.0 4986.0 4915.0 2570.0 720.0 4274.0 0.0 3.0 0.0 1.0 22.0 0.0 0.0 0.0 0.0 0.0 0.0 0.0 0.0
8547.0 49624.0 32.0 287450.0 96234.0 142.0 530.0 2.0 0.0 1660482.0 834326.0 141210.0 2884.0 3172.0 1414.0 659.0 3185.0 19.0 1.0 26.0 2.0 8.0 0.0 0.0 0.0 0.0 0.0 0.0 0.0 0.0
8745.0 51587.0 30.0 303957.0 100492.0 154.0 542.0 0.0 0.0 1784950.0 885883.5 144659.0 3252.0 3180.0 1589.0 737.0 3626.0 0.0 1.0 0.0 1.0 10.0 0.0 0.0 0.0 0.0 0.0 0.0 0.0 0.0
8622.0 50096.0 34.0 290088.0 96674.0 144.0 605.0 0.0 0.0 1675220.0 837106.5 139209.0 3602.0 3638.0 1768.0 691.0 3314.0 0.0 3.0 0.0 2.0 14.0 0.0 0.0 0.0 0.0 0.0 0.0 0.0 0.0
8921.0 53591.0 39.0 320826.0 106917.0 148.0 683.0 2.0 0.0 1914357.0 955916.0 159120.0 3972.0 4201.0 2028.0 823.0 3504.0 31.0 3.0 36.0 1.0 24.0 0.0 0.0 0.0 0.0 0.0 0.0 0.0 0.0
8738.0 51832.0 28.0 306803.0 102956.0 176.0 497.0 0.0 0.0 1811408.0 911929.0 155360.0 2942.0 2910.0 1506.0 705.0 4207.0 0.0 3.0 0.0 0.0 8.0 0.0 0.0 0.0 0.0 0.0 0.0 0.0 0.0
8629.0 50566.0 28.0 295912.0 99273.0 158.0 500.0 0.0 0.0 1727110.0 870172.0 146559.0 2974.0 2858.0 1466.0 713.0 3639.0 0.0 1.0 0.0 2.0 12.0 0.0 0.0 0.0 0.0 0.0 0.0 0.0 0.0
8720.0 51319.0 36.0 301795.0 100506.0 152.0 637.0 1.0 0.0 1772113.0 886584.0 147153.0 3796.0 3859.0 1891.0 726.0 3604.0 14.0 3.0 12.0 0.0 18.0 0.0 0.0 0.0 0.0 0.0 0.0 0.0 0.0
8695.0 51015.0 38.0 298043.0 99029.0 135.0 635.0 0.0 0.0 1738607.0 863381.0 142854.0 3557.0 3696.0 1697.0 678.0 3169.0 0.0 2.0 0.0 1.0 16.0 0.0 0.0 0.0 0.0 0.0 0.0 0.0 0.0
8796.0 52830.0 41.0 315704.0 106029.0 163.0 761.0 1.0 0.0 1881864.0 945044.0 159232.0 4738.0 4557.0 2381.0 793.0 3842.0 8.0 2.0 11.0 4.0 16.0 0.0 0.0 0.0 0.0 0.0 0.0 0.0 0.0
8809.0 52457.0 40.0 311555.0 103811.0 156.0 731.0 0.0 0.0 1848172.0 923461.0 153891.0 4465.0 4310.0 2192.0 757.0 3609.0 0.0 0.0 0.0 0.0 22.0 0.0 0.0 0.0 0.0 0.0 0.0 0.0 0.0
8805.0 52487.0 37.0 311941.0 104277.0 157.0 665.0 0.0 0.0 1847799.0 926460.0 155423.0 4030.0 3870.0 2037.0 748.0 3770.0 0.0 3.0 0.0 2.0 12.0 0.0 0.0 0.0 0.0 0.0 0.0 0.0 0.0
8613.0 50453.0 27.0 295510.0 99496.0 136.0 461.0 2.0 0.0 1727629.0 873743.0 149112.0 2585.0 2715.0 1373.0 711.0 3233.0 14.0 1.0 31.0 2.0 8.0 0.0 0.0 0.0 0.0 0.0 0.0 0.0 0.0
8841.0 53177.0 31.0 319001.0 107054.0 196.0 561.0 1.0 0.0 1910312.0 958495.5 164028.0 3380.0 3479.0 1739.0 746.0 4679.0 8.0 0.0 14.0 2.0 22.0 0.0 0.0 0.0 0.0 0.0 0.0 0.0 0.0
8620.0 50420.0 41.0 294634.0 98378.0 137.0 742.0 0.0 0.0 1717046.0 862774.0 143930.0 4395.0 4335.0 2243.0 752.0 3106.0 0.0 3.0 0.0 0.0 16.0 0.0 0.0 0.0 0.0 0.0 0.0 0.0 0.0
8806.0 52264.0 27.0 309536.0 102578.0 126.0 456.0 0.0 0.0 1828521.0 909677.0 149950.0 2556.0 2654.0 1280.0 787.0 3038.0 0.0 1.0 0.0 0.0 4.0 0.0 0.0 0.0 0.0 0.0 0.0 0.0 0.0
8756.0 51902.0 35.0 306600.0 102952.0 150.0 568.0 0.0 0.0 1805792.0 908341.0 154561.0 3103.0 3321.0 1516.0 716.0 3448.0 0.0 0.0 0.0 0.0 14.0 0.0 0.0 0.0 0.0 0.0 0.0 0.0 0.0
8822.0 52222.0 36.0 308111.0 102588.0 139.0 588.0 0.0 0.0 1811884.0 904108.0 151201.0 3188.0 3455.0 1622.0 670.0 3273.0 0.0 0.0 0.0 1.0 8.0 0.0 0.0 0.0 0.0 0.0 0.0 0.0 0.0
8655.0 50558.0 33.0 294809.0 98177.0 144.0 565.0 0.0 0.0 1716335.0 857060.0 142127.0 3185.0 3297.0 1551.0 643.0 3328.0 0.0 2.0 0.0 0.0 14.0 0.0 0.0 0.0 0.0 0.0 0.0 0.0 0.0
8696.0 51029.0 41.0 298757.0 99368.0 135.0 719.0 1.0 0.0 1744537.0 870275.0 144446.0 4259.0 4188.0 2086.0 729.0 3135.0 12.0 3.0 6.0 1.0 10.0 0.0 0.0 0.0 0.0 0.0 0.0 0.0 0.0
8729.0 51388.0 41.0 301621.0 100533.0 149.0 732.0 1.0 0.0 1763900.0 882151.0 147300.0 4341.0 4289.0 2038.0 699.0 3382.0 19.0 0.0 13.0 1.0 16.0 0.0 0.0 0.0 0.0 0.0 0.0 0.0 0.0
8839.0 52680.0 28.0 314067.0 104212.0 148.0 470.0 0.0 0.0 1866481.0 932626.5 155145.0 2623.0 2746.0 1251.0 740.0 3520.0 0.0 2.0 0.0 3.0 16.0 0.0 0.0 0.0 0.0 0.0 0.0 0.0 0.0
8632.0 50473.0 36.0 294300.0 97658.0 149.0 604.0 2.0 0.0 1711720.0 851147.0 139785.0 3370.0 3469.0 1643.0 705.0 3540.0 16.0 2.0 29.0 5.0 10.0 0.0 0.0 0.0 0.0 0.0 0.0 0.0 0.0
8734.0 51525.0 42.0 303374.0 100938.0 141.0 709.0 0.0 0.0 1781237.0 889378.0 148019.0 3987.0 4201.0 1938.0 729.0 3304.0 0.0 4.0 0.0 0.0 20.0 0.0 0.0 0.0 0.0 0.0 0.0 0.0 0.0
8837.0 52900.0 31.0 316440.0 105209.0 176.0 522.0 0.0 0.0 1888175.0 943871.5 156390.0 2894.0 3109.0 1455.0 813.0 4090.0 0.0 1.0 0.0 1.0 16.0 0.0 0.0 0.0 0.0 0.0 0.0 0.0 0.0
8729.0 51591.0 26.0 304173.0 101722.0 148.0 454.0 1.0 0.0 1787938.0 897484.5 150914.0 2638.0 2671.0 1241.0 700.0 3477.0 12.0 1.0 7.0 0.0 14.0 0.0 0.0 0.0 0.0 0.0 0.0 0.0 0.0
8648.0 50689.0 30.0 296710.0 99713.0 142.0 551.0 0.0 0.0 1733706.0 874629.0 149404.0 3377.0 3182.0 1709.0 738.0 3316.0 0.0 0.0 0.0 3.0 22.0 0.0 0.0 0.0 0.0 0.0 0.0 0.0 0.0
8610.0 50122.0 37.0 291230.0 96696.0 142.0 642.0 0.0 0.0 1687204.0 841333.5 138386.0 3675.0 3741.0 1828.0 689.0 3202.0 0.0 4.0 0.0 1.0 10.0 0.0 0.0 0.0 0.0 0.0 0.0 0.0 0.0
8706.0 51012.0 47.0 298449.0 99166.0 144.0 813.0 1.0 0.0 1740274.0 867600.5 144549.0 4763.0 4676.0 2348.0 672.0 3349.0 7.0 2.0 14.0 1.0 24.0 0.0 0.0 0.0 0.0 0.0 0.0 0.0 0.0
8635.0 50620.0 25.0 296528.0 99638.0 163.0 442.0 0.0 0.0 1732869.0 875628.5 149054.0 2609.0 2528.0 1273.0 651.0 3880.0 0.0 1.0 0.0 1.0 14.0 0.0 0.0 0.0 0.0 0.0 0.0 0.0 0.0
8840.0 52864.0 41.0 315556.0 105157.0 172.0 738.0 1.0 0.0 1880663.0 939248.5 156382.0 4282.0 4219.0 2267.0 775.0 4001.0 8.0 5.0 18.0 3.0 12.0 0.0 0.0 0.0 0.0 0.0 0.0 0.0 0.0
8674.0 50770.0 27.0 296422.0 98464.0 129.0 491.0 2.0 0.0 1725219.0 861361.5 141965.0 3019.0 2819.0 1404.0 696.0 2940.0 17.0 1.0 28.0 0.0 10.0 0.0 0.0 0.0 0.0 0.0 0.0 0.0 0.0
8880.0 53263.0 42.0 318944.0 106104.0 123.0 717.0 1.0 0.0 1906551.0 952307.5 157946.0 4098.0 4288.0 2078.0 777.0 2902.0 10.0 2.0 10.0 6.0 8.0 0.0 0.0 0.0 0.0 0.0 0.0 0.0 0.0
8738.0 51448.0 31.0 302540.0 100423.0 140.0 563.0 2.0 0.0 1775143.0 884646.5 146584.0 3358.0 3347.0 1743.0 671.0 3314.0 15.0 0.0 28.0 1.0 8.0 0.0 0.0 0.0 0.0 0.0 0.0 0.0 0.0
8855.0 53131.0 27.0 318247.0 107069.0 166.0 481.0 0.0 0.0 1903111.0 960366.5 163555.0 2846.0 2845.0 1468.0 825.0 3944.0 0.0 0.0 0.0 3.0 16.0 0.0 0.0 0.0 0.0 0.0 0.0 0.0 0.0
8653.0 50777.0 32.0 296956.0 99376.0 159.0 546.0 0.0 0.0 1732359.0 870141.5 146537.0 3063.0 3132.0 1621.0 625.0 3683.0 0.0 4.0 0.0 0.0 22.0 0.0 0.0 0.0 0.0 0.0 0.0 0.0 0.0
8714.0 51369.0 34.0 301717.0 101049.0 180.0 574.0 1.0 0.0 1770946.0 887667.5 149775.0 3156.0 3378.0 1582.0 708.0 4286.0 14.0 2.0 7.0 3.0 18.0 0.0 0.0 0.0 0.0 0.0 0.0 0.0 0.0
8633.0 50195.0 33.0 291428.0 96683.0 144.0 582.0 0.0 0.0 1688928.0 841273.0 138822.0 3363.0 3344.0 1734.0 703.0 3333.0 0.0 2.0 0.0 2.0 10.0 0.0 0.0 0.0 0.0 0.0 0.0 0.0 0.0
8738.0 51451.0 34.0 301818.0 100323.0 171.0 586.0 1.0 0.0 1767815.0 879226.0 145732.0 3409.0 3392.0 1658.0 716.0 4046.0 10.0 5.0 14.0 6.0 8.0 0.0 0.0 0.0 0.0 0.0 0.0 0.0 0.0
8744.0 51493.0 34.0 302140.0 99967.0 149.0 628.0 0.0 0.0 1766817.0 877496.5 143380.0 3814.0 3682.0 1935.0 704.0 3454.0 0.0 2.0 0.0 0.0 8.0 0.0 0.0 0.0 0.0 0.0 0.0 0.0 0.0
8822.0 52796.0 22.0 315110.0 105427.0 165.0 385.0 0.0 0.0 1875861.0 942014.0 157812.0 2320.0 2344.0 1140.0 775.0 3877.0 0.0 0.0 0.0 1.0 12.0 0.0 0.0 0.0 0.0 0.0 0.0 0.0 0.0
8862.0 53349.0 38.0 319579.0 106986.0 165.0 681.0 1.0 0.0 1910242.0 956120.0 160506.0 4103.0 4041.0 2053.0 789.0 3796.0 11.0 2.0 10.0 1.0 16.0 0.0 0.0 0.0 0.0 0.0 0.0 0.0 0.0
8908.0 54201.0 39.0 329564.0 111026.0 167.0 710.0 0.0 0.0 1998234.0 1010941.5 172944.0 4231.0 4290.0 2190.0 860.0 4098.0 0.0 3.0 0.0 1.0 8.0 0.0 0.0 0.0 0.0 0.0 0.0 0.0 0.0
8578.0 49701.0 26.0 288160.0 95271.0 150.0 443.0 0.0 0.0 1665473.0 829366.0 135543.0 2578.0 2515.0 1207.0 652.0 3456.0 0.0 1.0 0.0 1.0 6.0 0.0 0.0 0.0 0.0 0.0 0.0 0.0 0.0
8812.0 52099.0 30.0 307180.0 101880.0 142.0 492.0 1.0 0.0 1807038.0 897264.0 149041.0 2691.0 2956.0 1340.0 722.0 3276.0 9.0 4.0 18.0 2.0 12.0 0.0 0.0 0.0 0.0 0.0 0.0 0.0 0.0
8793.0 52329.0 46.0 310110.0 103718.0 152.0 814.0 0.0 0.0 1833091.0 918725.5 153696.0 4733.0 4808.0 2431.0 717.0 3652.0 0.0 5.0 0.0 1.0 24.0 0.0 0.0 0.0 0.0 0.0 0.0 0.0 0.0
8792.0 52745.0 32.0 317806.0 105947.0 175.0 570.0 1.0 0.0 1908667.0 961008.5 159586.0 3328.0 3417.0 1703.0 787.0 4348.0 14.0 0.0 14.0 1.0 12.0 0.0 0.0 0.0 0.0 0.0 0.0 0.0 0.0
8779.0 52160.0 25.0 308798.0 102972.0 168.0 444.0 0.0 0.0 1823055.0 910960.5 151769.0 2544.0 2675.0 1326.0 743.0 3959.0 0.0 0.0 0.0 0.0 4.0 0.0 0.0 0.0 0.0 0.0 0.0 0.0 0.0
8712.0 51303.0 33.0 300436.0 100547.0 170.0 534.0 1.0 0.0 1754348.0 878184.5 147947.0 2774.0 3061.0 1453.0 709.0 3891.0 11.0 2.0 9.0 1.0 18.0 0.0 0.0 0.0 0.0 0.0 0.0 0.0 0.0
8821.0 52518.0 41.0 312335.0 103827.0 171.0 760.0 0.0 0.0 1852345.0 924031.5 153271.0 4653.0 4491.0 2353.0 719.0 4098.0 0.0 3.0 0.0 1.0 22.0 0.0 0.0 0.0 0.0 0.0 0.0 0.0 0.0
8828.0 52286.0 35.0 308591.0 101509.0 153.0 611.0 0.0 0.0 1815745.0 896130.5 144681.0 3566.0 3645.0 1783.0 737.0 3562.0 0.0 2.0 0.0 0.0 20.0 0.0 0.0 0.0 0.0 0.0 0.0 0.0 0.0
8636.0 50579.0 39.0 295939.0 98731.0 141.0 671.0 0.0 0.0 1726023.0 865801.5 144842.0 3852.0 3915.0 1908.0 678.0 3261.0 0.0 2.0 0.0 0.0 20.0 0.0 0.0 0.0 0.0 0.0 0.0 0.0 0.0
8746.0 51567.0 29.0 302901.0 100607.0 131.0 486.0 1.0 0.0 1773949.0 882337.0 146107.0 2737.0 2792.0 1325.0 742.0 3060.0 8.0 0.0 9.0 0.0 10.0 0.0 0.0 0.0 0.0 0.0 0.0 0.0 0.0
8743.0 52060.0 31.0 308471.0 103725.0 146.0 556.0 3.0 0.0 1823430.0 918441.5 155285.0 3212.0 3269.0 1717.0 728.0 3445.0 33.0 1.0 36.0 1.0 6.0 0.0 0.0 1.0 0.0 0.0 0.0 0.0 0.0
8873.0 52833.0 41.0 314375.0 103835.0 151.0 730.0 1.0 0.0 1865890.0 926190.0 151369.0 4372.0 4231.0 2081.0 743.0 3602.0 13.0 0.0 10.0 3.0 20.0 0.0 0.0 0.0 0.0 0.0 0.0 0.0 0.0
8772.0 52595.0 26.0 313857.0 105309.0 169.0 503.0 0.0 0.0 1868735.0 938633.5 156899.0 3214.0 2982.0 1641.0 780.0 4048.0 0.0 2.0 0.0 1.0 22.0 0.0 0.0 0.0 0.0 0.0 0.0 0.0 0.0
8708.0 51078.0 42.0 298648.0 99046.0 182.0 732.0 1.0 0.0 1742194.0 865053.0 142446.0 4204.0 4162.0 2115.0 713.0 4179.0 12.0 2.0 15.0 2.0 26.0 0.0 0.0 0.0 0.0 0.0 0.0 0.0 0.0
8511.0 49087.0 38.0 281404.0 95071.0 140.0 616.0 0.0 0.0 1608861.0 812366.0 139649.0 3297.0 3505.0 1658.0 635.0 3246.0 0.0 2.0 0.0 1.0 16.0 0.0 0.0 0.0 0.0 0.0 0.0 0.0 0.0
8673.0 51296.0 37.0 302447.0 101635.0 157.0 633.0 0.0 0.0 1777664.0 898145.5 151349.0 3560.0 3662.0 1750.0 755.0 3707.0 0.0 0.0 0.0 2.0 8.0 0.0 0.0 0.0 0.0 0.0 0.0 0.0 0.0
8813.0 52427.0 38.0 310382.0 104154.0 157.0 669.0 4.0 0.0 1833215.0 920954.0 156418.0 3879.0 3942.0 1915.0 737.0 3778.0 52.0 1.0 50.0 0.0 20.0 0.0 0.0 1.0 0.0 0.0 0.0 0.0 0.0
8776.0 51918.0 31.0 306759.0 101865.0 135.0 564.0 0.0 0.0 1810106.0 901391.0 149136.0 3384.0 3200.0 1749.0 775.0 3238.0 0.0 1.0 0.0 1.0 6.0 0.0 0.0 0.0 0.0 0.0 0.0 0.0 0.0
8807.0 52439.0 35.0 310527.0 103662.0 169.0 662.0 0.0 0.0 1832579.0 914522.5 152526.0 4140.0 3837.0 2049.0 795.0 3899.0 0.0 2.0 0.0 1.0 18.0 0.0 0.0 0.0 0.0 0.0 0.0 0.0 0.0
8772.0 51842.0 21.0 305826.0 101102.0 154.0 348.0 1.0 0.0 1800409.0 892611.0 145488.0 1989.0 2038.0 952.0 684.0 3577.0 10.0 0.0 15.0 1.0 6.0 0.0 0.0 0.0 0.0 0.0 0.0 0.0 0.0
8756.0 51630.0 38.0 303297.0 100963.0 156.0 678.0 0.0 0.0 1776953.0 887166.5 147345.0 4053.0 4084.0 2024.0 715.0 3675.0 0.0 4.0 0.0 2.0 12.0 0.0 0.0 0.0 0.0 0.0 0.0 0.0 0.0
8793.0 51792.0 43.0 305152.0 100498.0 153.0 769.0 0.0 0.0 1795035.0 888355.5 144988.0 4598.0 4582.0 2246.0 728.0 3573.0 0.0 3.0 0.0 3.0 18.0 0.0 0.0 0.0 0.0 0.0 0.0 0.0 0.0
8780.0 52329.0 41.0 310865.0 104713.0 147.0 692.0 1.0 0.0 1839696.0 930004.0 159273.0 3829.0 4010.0 2134.0 747.0 3428.0 10.0 2.0 9.0 2.0 12.0 0.0 0.0 0.0 0.0 0.0 0.0 0.0 0.0
8740.0 51701.0 22.0 305352.0 101552.0 153.0 376.0 0.0 0.0 1797651.0 897939.0 148415.0 2164.0 2197.0 1040.0 739.0 3468.0 0.0 2.0 0.0 0.0 24.0 0.0 0.0 0.0 0.0 0.0 0.0 0.0 0.0
8826.0 52442.0 31.0 310573.0 102947.0 159.0 546.0 0.0 0.0 1833769.0 911374.5 150073.0 3269.0 3219.0 1616.0 783.0 3658.0 0.0 1.0 0.0 1.0 14.0 0.0 0.0 0.0 0.0 0.0 0.0 0.0 0.0
8681.0 50817.0 28.0 296540.0 98428.0 149.0 518.0 0.0 0.0 1726406.0 858927.0 141793.0 3159.0 3071.0 1558.0 651.0 3546.0 0.0 1.0 0.0 0.0 16.0 0.0 0.0 0.0 0.0 0.0 0.0 0.0 0.0
8812.0 52793.0 31.0 315214.0 105527.0 165.0 548.0 1.0 0.0 1878076.0 941469.0 157137.0 3195.0 3380.0 1604.0 729.0 3934.0 10.0 1.0 9.0 1.0 14.0 0.0 0.0 0.0 0.0 0.0 0.0 0.0 0.0
8805.0 52780.0 36.0 316031.0 105734.0 125.0 669.0 0.0 0.0 1885715.0 947673.0 158877.0 4086.0 3959.0 2003.0 799.0 2920.0 0.0 1.0 0.0 0.0 12.0 0.0 0.0 0.0 0.0 0.0 0.0 0.0 0.0
8749.0 51981.0 36.0 307252.0 103077.0 148.0 612.0 1.0 0.0 1810485.0 908799.0 153290.0 3482.0 3617.0 1713.0 792.0 3466.0 9.0 1.0 13.0 0.0 8.0 0.0 0.0 0.0 0.0 0.0 0.0 0.0 0.0
8737.0 51416.0 35.0 301563.0 99886.0 147.0 591.0 0.0 0.0 1764786.0 875414.0 143930.0 3282.0 3522.0 1713.0 782.0 3426.0 0.0 1.0 0.0 1.0 14.0 0.0 0.0 0.0 0.0 0.0 0.0 0.0 0.0
8716.0 51359.0 32.0 302179.0 100700.0 147.0 581.0 0.0 0.0 1773875.0 887290.5 147708.0 3456.0 3409.0 1756.0 742.0 3443.0 0.0 4.0 0.0 1.0 14.0 0.0 0.0 0.0 0.0 0.0 0.0 0.0 0.0
8815.0 52732.0 31.0 314386.0 104970.0 164.0 573.0 2.0 0.0 1867612.0 935318.0 155998.0 3579.0 3503.0 1813.0 722.0 3984.0 18.0 1.0 28.0 0.0 4.0 0.0 0.0 0.0 0.0 0.0 0.0 0.0 0.0
8827.0 52877.0 41.0 315580.0 106220.0 169.0 742.0 2.0 0.0 1877750.0 947653.0 161617.0 4587.0 4480.0 2340.0 756.0 4041.0 33.0 2.0 22.0 0.0 8.0 0.0 0.0 0.0 0.0 0.0 0.0 0.0 0.0
8874.0 53193.0 33.0 316724.0 106057.0 157.0 595.0 1.0 0.0 1880093.0 941205.5 158623.0 3530.0 3609.0 1760.0 738.0 3716.0 10.0 2.0 11.0 2.0 6.0 0.0 0.0 0.0 0.0 0.0 0.0 0.0 0.0
8776.0 52007.0 41.0 307922.0 102381.0 156.0 725.0 0.0 0.0 1816305.0 909232.5 150560.0 4295.0 4270.0 2138.0 727.0 3662.0 0.0 5.0 0.0 1.0 26.0 0.0 0.0 0.0 0.0 0.0 0.0 0.0 0.0
8641.0 50650.0 40.0 295876.0 99144.0 129.0 718.0 0.0 0.0 1726008.0 866057.0 145795.0 4303.0 4215.0 2190.0 683.0 3061.0 0.0 2.0 0.0 1.0 12.0 0.0 0.0 0.0 0.0 0.0 0.0 0.0 0.0
8854.0 52844.0 36.0 314337.0 104572.0 147.0 618.0 2.0 0.0 1864446.0 930241.5 153840.0 3472.0 3701.0 1787.0 775.0 3447.0 25.0 0.0 18.0 0.0 18.0 0.0 0.0 0.0 0.0 0.0 0.0 0.0 0.0
8804.0 52598.0 26.0 313862.0 104791.0 156.0 477.0 0.0 0.0 1869387.0 935899.5 155855.0 2924.0 2832.0 1457.0 828.0 3676.0 0.0 3.0 0.0 0.0 6.0 0.0 0.0 0.0 0.0 0.0 0.0 0.0 0.0
8823.0 52593.0 38.0 313350.0 103953.0 147.0 664.0 0.0 0.0 1863011.0 927990.5 153171.0 3894.0 3897.0 1884.0 771.0 3479.0 0.0 2.0 0.0 2.0 10.0 0.0 0.0 0.0 0.0 0.0 0.0 0.0 0.0
8808.0 52593.0 26.0 312836.0 104776.0 186.0 457.0 0.0 0.0 1855250.0 931727.5 156895.0 2662.0 2702.0 1280.0 789.0 4455.0 0.0 1.0 0.0 2.0 22.0 0.0 0.0 0.0 0.0 0.0 0.0 0.0 0.0
8783.0 52303.0 34.0 311201.0 104055.0 166.0 589.0 0.0 0.0 1847489.0 928420.0 156087.0 3256.0 3559.0 1716.0 782.0 4011.0 0.0 1.0 0.0 2.0 10.0 0.0 0.0 0.0 0.0 0.0 0.0 0.0 0.0
8718.0 51522.0 29.0 303357.0 101765.0 140.0 524.0 1.0 0.0 1781272.0 896270.5 151197.0 3136.0 3066.0 1543.0 723.0 3320.0 10.0 5.0 10.0 0.0 16.0 0.0 0.0 0.0 0.0 0.0 0.0 0.0 0.0
8788.0 52573.0 39.0 313841.0 104585.0 151.0 708.0 1.0 0.0 1868672.0 935206.5 154862.0 4314.0 4308.0 2114.0 713.0 3655.0 13.0 2.0 18.0 0.0 32.0 0.0 0.0 0.0 0.0 0.0 0.0 0.0 0.0
8683.0 50757.0 43.0 295837.0 98501.0 151.0 744.0 0.0 0.0 1721514.0 859435.0 142909.0 4213.0 4339.0 2116.0 663.0 3572.0 0.0 0.0 0.0 1.0 18.0 0.0 0.0 0.0 0.0 0.0 0.0 0.0 0.0
8756.0 51739.0 50.0 305934.0 101863.0 152.0 874.0 0.0 0.0 1804766.0 903775.0 150583.0 5246.0 5173.0 2582.0 737.0 3589.0 0.0 2.0 0.0 0.0 28.0 0.0 0.0 0.0 0.0 0.0 0.0 0.0 0.0
8726.0 51696.0 37.0 306263.0 101910.0 150.0 729.0 2.0 0.0 1809646.0 906479.0 149909.0 4756.0 4275.0 2321.0 762.0 3474.0 28.0 2.0 21.0 0.0 20.0 0.0 0.0 1.0 1.0 0.0 0.0 0.0 0.0
8901.0 53436.0 40.0 320195.0 106389.0 172.0 708.0 0.0 0.0 1913580.0 954419.5 157887.0 4161.0 4311.0 2057.0 781.0 4164.0 0.0 1.0 0.0 2.0 12.0 0.0 0.0 0.0 0.0 0.0 0.0 0.0 0.0
8711.0 51506.0 30.0 303559.0 101387.0 151.0 510.0 1.0 0.0 1785317.0 893389.0 149110.0 2830.0 3023.0 1452.0 747.0 3580.0 14.0 0.0 13.0 0.0 16.0 0.0 0.0 0.0 0.0 0.0 0.0 0.0 0.0
8947.0 54351.0 24.0 330199.0 110135.0 171.0 440.0 1.0 0.0 2000654.0 1005524.0 167151.0 2637.0 2698.0 1363.0 844.0 4231.0 8.0 0.0 13.0 0.0 12.0 0.0 0.0 0.0 0.0 0.0 0.0 0.0 0.0
8913.0 53495.0 39.0 320899.0 106156.0 155.0 689.0 2.0 0.0 1919774.0 954406.5 156426.0 4031.0 4050.0 1994.0 787.0 3719.0 14.0 1.0 19.0 5.0 24.0 0.0 0.0 0.0 0.0 0.0 0.0 0.0 0.0
8725.0 51406.0 38.0 302836.0 100014.0 160.0 696.0 0.0 0.0 1779574.0 882399.0 143708.0 4245.0 4024.0 2103.0 721.0 3705.0 0.0 1.0 0.0 0.0 14.0 0.0 0.0 0.0 0.0 0.0 0.0 0.0 0.0
8619.0 49998.0 44.0 289300.0 95355.0 146.0 749.0 1.0 0.0 1671590.0 826036.0 133370.0 4234.0 4337.0 2061.0 654.0 3331.0 7.0 9.0 13.0 2.0 4.0 0.0 0.0 0.0 0.0 0.0 0.0 0.0 0.0
8733.0 51397.0 26.0 301022.0 100236.0 157.0 455.0 0.0 0.0 1762188.0 875329.5 146524.0 2650.0 2645.0 1324.0 661.0 3625.0 0.0 0.0 0.0 0.0 10.0 0.0 0.0 0.0 0.0 0.0 0.0 0.0 0.0
8764.0 52504.0 34.0 313682.0 106075.0 163.0 578.0 0.0 0.0 1869359.0 948595.5 162597.0 3244.0 3389.0 1670.0 770.0 3981.0 0.0 4.0 0.0 0.0 18.0 0.0 0.0 0.0 0.0 0.0 0.0 0.0 0.0
8792.0 52185.0 35.0 309623.0 103320.0 164.0 609.0 0.0 0.0 1832316.0 919267.0 154828.0 3468.0 3635.0 1758.0 805.0 3934.0 0.0 3.0 0.0 1.0 20.0 0.0 0.0 0.0 0.0 0.0 0.0 0.0 0.0
8660.0 50863.0 35.0 297982.0 99542.0 139.0 577.0 0.0 0.0 1741131.0 873335.5 146033.0 3075.0 3432.0 1619.0 700.0 3254.0 0.0 1.0 0.0 0.0 16.0 0.0 0.0 0.0 0.0 0.0 0.0 0.0 0.0
8811.0 52472.0 33.0 311617.0 104483.0 155.0 630.0 0.0 0.0 1846166.0 928449.0 157506.0 3957.0 3766.0 2070.0 713.0 3749.0 0.0 1.0 0.0 2.0 14.0 0.0 0.0 0.0 0.0 0.0 0.0 0.0 0.0
8809.0 52787.0 39.0 315231.0 105593.0 166.0 710.0 0.0 0.0 1877173.0 943991.0 158170.0 4275.0 4197.0 2223.0 742.0 3934.0 0.0 4.0 0.0 1.0 20.0 0.0 0.0 0.0 0.0 0.0 0.0 0.0 0.0
8963.0 54210.0 51.0 327253.0 108725.0 174.0 903.0 2.0 0.0 1971309.0 982564.0 162388.0 5187.0 5296.0 2776.0 785.0 4263.0 21.0 3.0 27.0 1.0 10.0 0.0 0.0 0.0 0.0 0.0 0.0 0.0 0.0
8940.0 54584.0 32.0 332039.0 112113.0 185.0 604.0 1.0 0.0 2014501.0 1019494.5 174412.0 3786.0 3602.0 1817.0 873.0 4574.0 9.0 1.0 13.0 2.0 10.0 0.0 0.0 0.0 0.0 0.0 0.0 0.0 0.0
8707.0 51353.0 29.0 301941.0 100385.0 128.0 521.0 0.0 0.0 1770998.0 883307.5 145528.0 3069.0 3007.0 1522.0 730.0 2978.0 0.0 2.0 0.0 1.0 4.0 0.0 0.0 0.0 0.0 0.0 0.0 0.0 0.0
8829.0 52904.0 36.0 315462.0 105701.0 160.0 582.0 0.0 0.0 1875608.0 940588.0 158494.0 3312.0 3446.0 1586.0 735.0 3847.0 0.0 1.0 0.0 1.0 6.0 0.0 0.0 0.0 0.0 0.0 0.0 0.0 0.0
8851.0 53187.0 37.0 317575.0 106225.0 162.0 686.0 0.0 0.0 1892398.0 945882.5 157760.0 4193.0 4048.0 2100.0 764.0 3899.0 0.0 3.0 0.0 1.0 0.0 0.0 0.0 0.0 0.0 0.0 0.0 0.0 0.0
8733.0 51425.0 27.0 302245.0 100097.0 174.0 467.0 2.0 0.0 1773981.0 880694.5 144021.0 2700.0 2650.0 1277.0 702.0 4057.0 17.0 0.0 26.0 0.0 22.0 0.0 0.0 0.0 0.0 0.0 0.0 0.0 0.0
8838.0 52867.0 38.0 316140.0 105247.0 136.0 695.0 1.0 0.0 1885942.0 944274.0 156358.0 4230.0 4229.0 2097.0 743.0 3232.0 15.0 5.0 10.0 0.0 22.0 0.0 0.0 0.0 0.0 0.0 0.0 0.0 0.0
8979.0 54381.0 35.0 328835.0 108527.0 162.0 617.0 1.0 0.0 1983096.0 983361.5 159611.0 3496.0 3768.0 1761.0 850.0 3820.0 7.0 1.0 14.0 3.0 14.0 0.0 0.0 0.0 0.0 0.0 0.0 0.0 0.0
8666.0 50761.0 36.0 295152.0 98510.0 166.0 613.0 1.0 0.0 1713834.0 853048.0 142222.0 3501.0 3561.0 1641.0 642.0 3732.0 10.0 7.0 12.0 1.0 12.0 0.0 0.0 0.0 0.0 0.0 0.0 0.0 0.0
8870.0 53219.0 29.0 318232.0 106182.0 177.0 500.0 0.0 0.0 1897720.0 949381.0 157996.0 2927.0 2893.0 1432.0 753.0 4338.0 0.0 1.0 0.0 2.0 16.0 0.0 0.0 0.0 0.0 0.0 0.0 0.0 0.0
8818.0 52345.0 36.0 310381.0 102448.0 153.0 614.0 0.0 0.0 1838510.0 910941.5 148123.0 3492.0 3589.0 1769.0 674.0 3620.0 0.0 1.0 0.0 2.0 18.0 0.0 0.0 0.0 0.0 0.0 0.0 0.0 0.0
8790.0 52158.0 23.0 308434.0 102614.0 160.0 412.0 0.0 0.0 1818249.0 907310.0 150366.0 2442.0 2437.0 1225.0 731.0 3806.0 0.0 1.0 0.0 0.0 12.0 0.0 0.0 0.0 0.0 0.0 0.0 0.0 0.0
8634.0 50073.0 31.0 290281.0 96081.0 147.0 508.0 1.0 0.0 1677723.0 836464.0 136596.0 2665.0 2918.0 1374.0 684.0 3367.0 11.0 0.0 10.0 1.0 6.0 0.0 0.0 0.0 0.0 0.0 0.0 0.0 0.0
8777.0 52153.0 38.0 308609.0 103108.0 146.0 642.0 0.0 0.0 1822751.0 910881.0 152495.0 3548.0 3752.0 1842.0 765.0 3433.0 0.0 7.0 0.0 0.0 16.0 0.0 0.0 0.0 0.0 0.0 0.0 0.0 0.0
8811.0 52632.0 36.0 313675.0 104450.0 158.0 631.0 1.0 0.0 1864926.0 932153.5 154306.0 3682.0 3791.0 1822.0 778.0 3726.0 13.0 1.0 11.0 1.0 26.0 0.0 0.0 0.0 0.0 0.0 0.0 0.0 0.0
8788.0 51917.0 33.0 306456.0 101204.0 162.0 570.0 0.0 0.0 1804710.0 894494.0 146596.0 3432.0 3222.0 1622.0 714.0 3879.0 0.0 2.0 0.0 2.0 18.0 0.0 0.0 0.0 0.0 0.0 0.0 0.0 0.0
8761.0 51820.0 30.0 305989.0 101844.0 135.0 558.0 1.0 0.0 1803060.0 900422.5 149596.0 3498.0 3199.0 1729.0 710.0 3251.0 7.0 1.0 11.0 1.0 18.0 0.0 0.0 0.0 0.0 0.0 0.0 0.0 0.0
8677.0 51540.0 27.0 305179.0 102893.0 155.0 473.0 0.0 0.0 1801746.0 911723.5 154606.0 2668.0 2760.0 1399.0 706.0 3666.0 0.0 1.0 0.0 2.0 24.0 0.0 0.0 0.0 0.0 0.0 0.0 0.0 0.0
8735.0 51874.0 41.0 307427.0 102899.0 164.0 749.0 1.0 0.0 1820171.0 914167.5 152469.0 4565.0 4374.0 2289.0 755.0 3824.0 4.0 2.0 15.0 3.0 18.0 0.0 0.0 0.0 0.0 0.0 0.0 0.0 0.0
8696.0 51218.0 37.0 301095.0 100439.0 152.0 611.0 0.0 0.0 1764355.0 883347.5 146758.0 3271.0 3625.0 1675.0 686.0 3533.0 0.0 3.0 0.0 2.0 10.0 0.0 0.0 0.0 0.0 0.0 0.0 0.0 0.0
8659.0 50524.0 30.0 292153.0 97916.0 148.0 540.0 0.0 0.0 1684079.0 841293.0 142099.0 3194.0 3078.0 1592.0 688.0 3404.0 0.0 2.0 0.0 0.0 10.0 0.0 0.0 0.0 0.0 0.0 0.0 0.0 0.0
8901.0 53543.0 37.0 321019.0 106996.0 158.0 670.0 1.0 0.0 1919416.0 959826.5 159622.0 4053.0 3938.0 2040.0 773.0 3654.0 6.0 1.0 13.0 1.0 30.0 0.0 0.0 0.0 0.0 0.0 0.0 0.0 0.0
8762.0 51614.0 35.0 303657.0 100618.0 168.0 621.0 1.0 0.0 1783461.0 885745.0 146277.0 3631.0 3613.0 1823.0 701.0 3861.0 11.0 0.0 12.0 1.0 6.0 0.0 0.0 0.0 0.0 0.0 0.0 0.0 0.0
8626.0 50281.0 34.0 292602.0 97328.0 145.0 604.0 0.0 0.0 1699496.0 848912.5 140224.0 3543.0 3376.0 1857.0 698.0 3359.0 0.0 1.0 0.0 0.0 18.0 0.0 0.0 0.0 0.0 0.0 0.0 0.0 0.0
8855.0 52851.0 29.0 314740.0 104770.0 165.0 525.0 1.0 0.0 1868897.0 933784.0 155189.0 3169.0 3141.0 1597.0 753.0 3932.0 12.0 0.0 15.0 1.0 16.0 0.0 0.0 0.0 0.0 0.0 0.0 0.0 0.0
8788.0 52544.0 37.0 312982.0 104941.0 145.0 669.0 0.0 0.0 1857841.0 933757.0 157053.0 4020.0 4041.0 2021.0 731.0 3441.0 0.0 1.0 0.0 0.0 8.0 0.0 0.0 0.0 0.0 0.0 0.0 0.0 0.0
8695.0 50798.0 35.0 295662.0 98109.0 146.0 601.0 0.0 0.0 1718572.0 853773.0 141165.0 3485.0 3392.0 1684.0 601.0 3314.0 0.0 3.0 0.0 0.0 22.0 0.0 0.0 0.0 0.0 0.0 0.0 0.0 0.0
8734.0 51411.0 37.0 302191.0 100436.0 119.0 617.0 0.0 0.0 1770458.0 884288.0 146764.0 3416.0 3533.0 1683.0 721.0 2708.0 0.0 1.0 0.0 3.0 10.0 0.0 0.0 0.0 0.0 0.0 0.0 0.0 0.0
8798.0 52103.0 38.0 308001.0 101805.0 158.0 657.0 1.0 0.0 1816024.0 901896.5 147155.0 3779.0 3915.0 1914.0 728.0 3719.0 17.0 1.0 17.0 3.0 4.0 0.0 0.0 0.0 0.0 0.0 0.0 0.0 0.0
8834.0 52561.0 29.0 312012.0 103060.0 153.0 534.0 0.0 0.0 1846755.0 915865.5 149058.0 3247.0 3176.0 1596.0 735.0 3756.0 0.0 1.0 0.0 4.0 16.0 0.0 0.0 0.0 0.0 0.0 0.0 0.0 0.0
8794.0 52334.0 29.0 311015.0 103525.0 171.0 504.0 0.0 0.0 1844288.0 921163.0 153222.0 2938.0 2932.0 1544.0 793.0 4005.0 0.0 3.0 0.0 4.0 10.0 0.0 0.0 0.0 0.0 0.0 0.0 0.0 0.0
8535.0 49175.0 33.0 283469.0 94135.0 113.0 587.0 2.0 0.0 1629822.0 814330.0 134687.0 3508.0 3386.0 1725.0 605.0 2588.0 27.0 1.0 23.0 0.0 6.0 0.0 0.0 0.0 1.0 0.0 0.0 0.0 0.0
8641.0 50932.0 37.0 299843.0 100550.0 169.0 665.0 0.0 0.0 1760300.0 887724.5 148995.0 3978.0 4027.0 1936.0 742.0 3908.0 0.0 0.0 0.0 4.0 22.0 0.0 0.0 0.0 0.0 0.0 0.0 0.0 0.0
8785.0 52326.0 26.0 311101.0 103997.0 163.0 447.0 0.0 0.0 1845838.0 926013.5 155217.0 2639.0 2589.0 1251.0 730.0 3971.0 0.0 1.0 0.0 2.0 20.0 0.0 0.0 0.0 0.0 0.0 0.0 0.0 0.0
8662.0 50941.0 31.0 299597.0 100248.0 132.0 575.0 0.0 0.0 1754932.0 884928.0 149030.0 3569.0 3435.0 1745.0 685.0 3127.0 0.0 3.0 0.0 2.0 26.0 0.0 0.0 0.0 0.0 0.0 0.0 0.0 0.0
8702.0 51583.0 29.0 306377.0 101414.0 150.0 524.0 0.0 0.0 1816294.0 904463.5 146962.0 3196.0 3206.0 1520.0 780.0 3459.0 0.0 2.0 0.0 0.0 12.0 0.0 0.0 0.0 0.0 0.0 0.0 0.0 0.0
8770.0 51963.0 31.0 307191.0 102698.0 155.0 554.0 1.0 0.0 1810855.0 908599.0 152831.0 3334.0 3371.0 1665.0 701.0 3499.0 10.0 1.0 10.0 0.0 4.0 0.0 0.0 0.0 0.0 0.0 0.0 0.0 0.0
8816.0 52053.0 36.0 306692.0 101050.0 158.0 570.0 0.0 0.0 1802190.0 891815.0 144934.0 3022.0 3334.0 1401.0 770.0 3722.0 0.0 3.0 0.0 0.0 18.0 0.0 0.0 0.0 0.0 0.0 0.0 0.0 0.0
8851.0 52749.0 29.0 313336.0 104108.0 145.0 515.0 1.0 0.0 1855519.0 924665.5 152932.0 3077.0 3074.0 1505.0 727.0 3551.0 12.0 1.0 16.0 1.0 20.0 0.0 0.0 0.0 0.0 0.0 0.0 0.0 0.0
8718.0 51248.0 31.0 299827.0 99958.0 162.0 561.0 0.0 0.0 1750115.0 872636.5 146027.0 3390.0 3306.0 1724.0 724.0 3669.0 0.0 4.0 0.0 1.0 18.0 0.0 0.0 0.0 0.0 0.0 0.0 0.0 0.0
8722.0 51981.0 38.0 308652.0 103892.0 170.0 712.0 1.0 0.0 1828004.0 922968.0 156490.0 4559.0 4318.0 2363.0 752.0 3959.0 16.0 3.0 13.0 6.0 30.0 0.0 0.0 0.0 0.0 0.0 0.0 0.0 0.0
8845.0 53660.0 35.0 323271.0 109715.0 163.0 617.0 0.0 0.0 1940165.0 983473.0 170370.0 3529.0 3732.0 1890.0 790.0 4030.0 0.0 0.0 0.0 3.0 14.0 0.0 0.0 0.0 0.0 0.0 0.0 0.0 0.0
8742.0 51905.0 27.0 307672.0 103106.0 155.0 459.0 0.0 0.0 1821709.0 914828.5 154545.0 2535.0 2696.0 1296.0 711.0 3660.0 0.0 1.0 0.0 3.0 8.0 0.0 0.0 0.0 0.0 0.0 0.0 0.0 0.0
8693.0 51580.0 34.0 305879.0 102968.0 157.0 611.0 0.0 0.0 1808162.0 914937.5 155770.0 3613.0 3618.0 1839.0 742.0 3668.0 0.0 0.0 0.0 3.0 24.0 0.0 0.0 0.0 0.0 0.0 0.0 0.0 0.0
8650.0 50644.0 23.0 296600.0 98515.0 164.0 392.0 0.0 0.0 1732149.0 865568.0 143359.0 2257.0 2245.0 1182.0 709.0 3905.0 0.0 0.0 0.0 1.0 8.0 0.0 0.0 0.0 0.0 0.0 0.0 0.0 0.0
8769.0 51994.0 32.0 306480.0 102686.0 154.0 577.0 0.0 0.0 1802195.0 902309.5 152851.0 3451.0 3385.0 1696.0 681.0 3577.0 0.0 2.0 0.0 3.0 20.0 0.0 0.0 0.0 0.0 0.0 0.0 0.0 0.0
8655.0 50854.0 34.0 298359.0 99584.0 157.0 595.0 1.0 0.0 1744972.0 875560.5 145853.0 3494.0 3501.0 1776.0 716.0 3700.0 14.0 2.0 8.0 3.0 12.0 0.0 0.0 0.0 0.0 0.0 0.0 0.0 0.0
8787.0 52192.0 37.0 309337.0 102534.0 144.0 662.0 2.0 0.0 1827499.0 909749.0 148782.0 3952.0 3790.0 1913.0 711.0 3450.0 26.0 1.0 25.0 0.0 10.0 0.0 0.0 0.0 1.0 0.0 0.0 0.0 0.0
8678.0 50956.0 34.0 298724.0 99509.0 148.0 617.0 0.0 0.0 1746421.0 873537.5 145882.0 3738.0 3659.0 1855.0 727.0 3485.0 0.0 2.0 0.0 1.0 6.0 0.0 0.0 0.0 0.0 0.0 0.0 0.0 0.0
8653.0 50440.0 33.0 293831.0 97830.0 140.0 572.0 0.0 0.0 1704888.0 855960.5 141907.0 3353.0 3350.0 1641.0 662.0 3237.0 0.0 1.0 0.0 2.0 12.0 0.0 0.0 0.0 0.0 0.0 0.0 0.0 0.0
8773.0 52018.0 44.0 308285.0 102348.0 158.0 798.0 0.0 0.0 1823813.0 909269.5 150353.0 4912.0 4692.0 2346.0 754.0 3737.0 0.0 3.0 0.0 0.0 14.0 0.0 0.0 0.0 0.0 0.0 0.0 0.0 0.0
8882.0 53642.0 46.0 323115.0 108350.0 158.0 842.0 0.0 0.0 1940617.0 977045.0 164089.0 5075.0 5017.0 2519.0 806.0 3879.0 0.0 3.0 0.0 0.0 16.0 0.0 0.0 0.0 0.0 0.0 0.0 0.0 0.0
8778.0 52284.0 34.0 310421.0 103899.0 161.0 599.0 2.0 0.0 1840032.0 923243.0 154716.0 3593.0 3500.0 1776.0 754.0 3786.0 17.0 1.0 28.0 0.0 22.0 0.0 0.0 0.0 0.0 0.0 0.0 0.0 0.0
8668.0 50956.0 39.0 299008.0 99839.0 153.0 671.0 0.0 0.0 1752118.0 878164.0 146541.0 3816.0 3878.0 1815.0 683.0 3591.0 0.0 0.0 0.0 2.0 10.0 0.0 0.0 0.0 0.0 0.0 0.0 0.0 0.0
8742.0 51590.0 33.0 303940.0 101429.0 156.0 585.0 2.0 0.0 1784575.0 894600.5 149741.0 3452.0 3549.0 1753.0 755.0 3592.0 29.0 3.0 28.0 1.0 10.0 0.0 0.0 0.0 0.0 0.0 0.0 0.0 0.0
8699.0 51242.0 38.0 300708.0 100262.0 148.0 683.0 0.0 0.0 1758663.0 879665.5 146284.0 3922.0 3961.0 2092.0 678.0 3433.0 0.0 3.0 0.0 1.0 14.0 0.0 0.0 0.0 0.0 0.0 0.0 0.0 0.0
8832.0 52419.0 40.0 310695.0 102625.0 161.0 733.0 2.0 0.0 1835551.0 911449.5 149039.0 4338.0 4290.0 2209.0 726.0 3851.0 23.0 3.0 29.0 2.0 26.0 0.0 0.0 0.0 0.0 0.0 0.0 0.0 0.0
8699.0 51217.0 38.0 301905.0 100374.0 150.0 645.0 0.0 0.0 1774808.0 887456.0 147622.0 3664.0 3782.0 1868.0 723.0 3407.0 0.0 1.0 0.0 1.0 16.0 0.0 0.0 0.0 0.0 0.0 0.0 0.0 0.0
8751.0 51748.0 29.0 305421.0 101368.0 172.0 469.0 0.0 0.0 1798843.0 895544.0 147384.0 2498.0 2756.0 1258.0 737.0 4156.0 0.0 1.0 0.0 2.0 14.0 0.0 0.0 0.0 0.0 0.0 0.0 0.0 0.0
8858.0 53057.0 39.0 317039.0 105951.0 170.0 745.0 0.0 0.0 1891524.0 948394.5 158726.0 4765.0 4363.0 2321.0 743.0 4062.0 0.0 2.0 0.0 1.0 24.0 0.0 0.0 0.0 0.0 0.0 0.0 0.0 0.0
8594.0 49560.0 38.0 286020.0 94356.0 131.0 622.0 1.0 0.0 1647710.0 817154.0 133614.0 3323.0 3668.0 1664.0 660.0 2989.0 15.0 3.0 9.0 0.0 2.0 0.0 0.0 0.0 0.0 0.0 0.0 0.0 0.0
8918.0 53828.0 36.0 324292.0 108241.0 175.0 674.0 0.0 0.0 1949714.0 976558.5 163444.0 4172.0 4003.0 2127.0 780.0 4265.0 0.0 5.0 0.0 1.0 8.0 0.0 0.0 0.0 0.0 0.0 0.0 0.0 0.0
8782.0 52042.0 40.0 307882.0 102510.0 165.0 681.0 1.0 0.0 1817230.0 907895.0 150940.0 3802.0 4106.0 1864.0 755.0 3857.0 9.0 0.0 12.0 2.0 28.0 0.0 0.0 0.0 0.0 0.0 0.0 0.0 0.0
8687.0 51034.0 32.0 299008.0 100134.0 141.0 516.0 1.0 0.0 1750128.0 878048.5 147918.0 2827.0 3032.0 1405.0 676.0 3324.0 12.0 1.0 18.0 0.0 8.0 0.0 0.0 0.0 0.0 0.0 0.0 0.0 0.0
8691.0 50790.0 39.0 295854.0 98007.0 146.0 696.0 1.0 0.0 1721217.0 853192.0 140060.0 4136.0 4088.0 2100.0 680.0 3371.0 6.0 2.0 8.0 1.0 12.0 0.0 0.0 0.0 0.0 0.0 0.0 0.0 0.0
8674.0 50458.0 33.0 292813.0 96638.0 138.0 551.0 1.0 0.0 1694234.0 839623.5 136665.0 3042.0 3134.0 1458.0 683.0 3104.0 11.0 1.0 15.0 0.0 24.0 0.0 0.0 0.0 0.0 0.0 0.0 0.0 0.0
8835.0 52860.0 44.0 315911.0 105157.0 157.0 829.0 1.0 0.0 1885112.0 942331.5 156049.0 5114.0 4951.0 2623.0 728.0 3768.0 15.0 3.0 16.0 0.0 14.0 0.0 0.0 0.0 0.0 0.0 0.0 0.0 0.0
8663.0 51553.0 35.0 305026.0 103403.0 141.0 622.0 0.0 0.0 1800097.0 912566.5 156994.0 3613.0 3613.0 1847.0 699.0 3312.0 0.0 0.0 0.0 0.0 14.0 0.0 0.0 0.0 0.0 0.0 0.0 0.0 0.0
8831.0 52756.0 37.0 314664.0 104880.0 167.0 641.0 0.0 0.0 1872301.0 937074.0 155999.0 3741.0 3873.0 1893.0 759.0 3991.0 0.0 2.0 0.0 1.0 20.0 0.0 0.0 0.0 0.0 0.0 0.0 0.0 0.0
8749.0 51646.0 37.0 303604.0 100796.0 146.0 668.0 1.0 0.0 1778877.0 884195.5 145727.0 4009.0 3903.0 1929.0 709.0 3389.0 12.0 5.0 11.0 2.0 14.0 0.0 0.0 0.0 0.0 0.0 0.0 0.0 0.0
8667.0 51125.0 36.0 299655.0 101091.0 140.0 650.0 0.0 0.0 1752466.0 883230.0 151670.0 3962.0 3836.0 2098.0 723.0 3195.0 0.0 3.0 0.0 0.0 14.0 0.0 0.0 0.0 0.0 0.0 0.0 0.0 0.0
8894.0 53489.0 37.0 321967.0 107094.0 170.0 678.0 3.0 0.0 1931446.0 967524.5 160495.0 4102.0 4020.0 2033.0 829.0 4155.0 42.0 4.0 28.0 1.0 16.0 0.0 0.0 0.0 0.0 0.0 0.0 0.0 0.0
8800.0 52293.0 40.0 310516.0 103472.0 168.0 726.0 1.0 0.0 1837469.0 921499.5 154181.0 4430.0 4277.0 2144.0 726.0 3992.0 15.0 2.0 8.0 0.0 14.0 0.0 0.0 0.0 0.0 0.0 0.0 0.0 0.0
8676.0 50973.0 43.0 298714.0 99971.0 132.0 737.0 3.0 0.0 1747976.0 876309.5 147258.0 4085.0 4424.0 2124.0 743.0 3079.0 37.0 3.0 38.0 0.0 10.0 0.0 0.0 0.0 0.0 0.0 0.0 0.0 0.0
8763.0 51758.0 36.0 305025.0 101435.0 173.0 612.0 1.0 0.0 1792284.0 895367.0 149218.0 3488.0 3497.0 1641.0 703.0 3994.0 13.0 1.0 7.0 2.0 14.0 0.0 0.0 0.0 0.0 0.0 0.0 0.0 0.0
8552.0 49311.0 36.0 282465.0 93982.0 124.0 602.0 3.0 0.0 1613860.0 801871.0 132929.0 3377.0 3392.0 1680.0 668.0 2689.0 31.0 3.0 25.0 0.0 10.0 0.0 0.0 0.0 0.0 0.0 0.0 0.0 0.0
8712.0 51397.0 33.0 302747.0 100825.0 140.0 601.0 0.0 0.0 1778284.0 887189.0 148197.0 3645.0 3515.0 1843.0 682.0 3234.0 0.0 2.0 0.0 0.0 10.0 0.0 0.0 0.0 0.0 0.0 0.0 0.0 0.0
8911.0 53424.0 33.0 319849.0 106089.0 178.0 579.0 0.0 0.0 1909276.0 951212.5 157038.0 3342.0 3402.0 1685.0 728.0 4300.0 0.0 3.0 0.0 3.0 20.0 0.0 0.0 0.0 0.0 0.0 0.0 0.0 0.0
8883.0 53615.0 45.0 322570.0 107806.0 182.0 838.0 0.0 0.0 1937326.0 971110.0 161028.0 5172.0 5004.0 2613.0 782.0 4316.0 0.0 3.0 0.0 0.0 16.0 0.0 0.0 0.0 0.0 0.0 0.0 0.0 0.0
8768.0 52132.0 34.0 309643.0 104136.0 183.0 629.0 2.0 0.0 1832162.0 926207.0 158163.0 3759.0 3757.0 1986.0 704.0 4398.0 19.0 4.0 22.0 1.0 16.0 0.0 0.0 1.0 0.0 0.0 0.0 0.0 0.0
8754.0 51905.0 46.0 307537.0 103047.0 150.0 820.0 1.0 0.0 1817938.0 914980.5 154816.0 4800.0 5061.0 2439.0 768.0 3594.0 6.0 2.0 9.0 0.0 22.0 0.0 0.0 0.0 0.0 0.0 0.0 0.0 0.0
8712.0 51417.0 30.0 302880.0 101114.0 143.0 550.0 0.0 0.0 1779219.0 891943.0 148235.0 3304.0 3306.0 1708.0 704.0 3292.0 0.0 3.0 0.0 2.0 12.0 0.0 0.0 0.0 0.0 0.0 0.0 0.0 0.0
8741.0 51534.0 29.0 302916.0 100881.0 142.0 539.0 0.0 0.0 1772294.0 887213.5 147502.0 3232.0 3205.0 1682.0 710.0 3361.0 0.0 0.0 0.0 2.0 28.0 0.0 0.0 0.0 0.0 0.0 0.0 0.0 0.0
8642.0 50240.0 41.0 292010.0 96837.0 113.0 727.0 1.0 0.0 1693056.0 844335.5 138558.0 4210.0 4191.0 2134.0 662.0 2658.0 8.0 3.0 14.0 1.0 8.0 0.0 0.0 0.0 0.0 0.0 0.0 0.0 0.0
8640.0 50035.0 32.0 290291.0 95472.0 151.0 554.0 0.0 0.0 1680165.0 832427.0 134786.0 3098.0 3248.0 1627.0 616.0 3433.0 0.0 2.0 0.0 0.0 10.0 0.0 0.0 0.0 0.0 0.0 0.0 0.0 0.0
8754.0 51803.0 34.0 305026.0 101858.0 149.0 629.0 0.0 0.0 1790722.0 894164.5 149660.0 3862.0 3644.0 1915.0 684.0 3486.0 0.0 3.0 0.0 1.0 18.0 0.0 0.0 0.0 0.0 0.0 0.0 0.0 0.0
8873.0 53120.0 38.0 316628.0 105188.0 159.0 675.0 0.0 0.0 1882548.0 935951.5 154795.0 4010.0 3991.0 2040.0 796.0 3696.0 0.0 1.0 0.0 2.0 14.0 0.0 0.0 0.0 0.0 0.0 0.0 0.0 0.0
8807.0 52329.0 48.0 310429.0 102694.0 162.0 783.0 1.0 0.0 1836931.0 910851.0 148959.0 4238.0 4639.0 2099.0 745.0 3749.0 7.0 3.0 12.0 0.0 16.0 0.0 0.0 0.0 0.0 0.0 0.0 0.0 0.0
8722.0 51197.0 26.0 299441.0 99670.0 142.0 454.0 0.0 0.0 1746150.0 871135.0 145184.0 2628.0 2707.0 1295.0 715.0 3273.0 0.0 1.0 0.0 1.0 6.0 0.0 0.0 0.0 0.0 0.0 0.0 0.0 0.0
8773.0 52378.0 34.0 311191.0 103894.0 143.0 625.0 1.0 0.0 1843963.0 922053.0 152807.0 3742.0 3714.0 1928.0 764.0 3421.0 16.0 2.0 14.0 0.0 22.0 0.0 0.0 0.0 0.0 0.0 0.0 0.0 0.0
8733.0 51915.0 39.0 307506.0 103024.0 174.0 694.0 0.0 0.0 1818387.0 912864.5 152721.0 4144.0 4094.0 1998.0 746.0 4089.0 0.0 5.0 0.0 1.0 22.0 0.0 0.0 0.0 0.0 0.0 0.0 0.0 0.0
8742.0 51447.0 31.0 301991.0 100144.0 155.0 524.0 0.0 0.0 1767843.0 879867.0 144631.0 2982.0 3176.0 1408.0 703.0 3629.0 0.0 0.0 0.0 1.0 8.0 0.0 0.0 0.0 0.0 0.0 0.0 0.0 0.0
8848.0 52656.0 24.0 312483.0 104246.0 168.0 394.0 0.0 0.0 1848884.0 923982.5 155185.0 2091.0 2364.0 1093.0 760.0 4055.0 0.0 2.0 0.0 2.0 14.0 0.0 0.0 0.0 0.0 0.0 0.0 0.0 0.0
8823.0 52521.0 45.0 311168.0 103647.0 161.0 792.0 1.0 0.0 1839509.0 916036.0 152112.0 4682.0 4677.0 2309.0 739.0 3734.0 11.0 5.0 14.0 1.0 18.0 0.0 0.0 0.0 0.0 0.0 0.0 0.0 0.0
8731.0 51560.0 29.0 302946.0 100770.0 158.0 499.0 0.0 0.0 1774199.0 882875.0 146524.0 2790.0 2903.0 1449.0 697.0 3741.0 0.0 2.0 0.0 1.0 12.0 0.0 0.0 0.0 0.0 0.0 0.0 0.0 0.0
8646.0 50468.0 30.0 292935.0 97509.0 139.0 555.0 1.0 0.0 1696998.0 844165.0 140285.0 3353.0 3126.0 1678.0 673.0 3180.0 10.0 5.0 13.0 0.0 10.0 0.0 0.0 0.0 0.0 0.0 0.0 0.0 0.0
8720.0 51531.0 23.0 304649.0 101328.0 180.0 420.0 0.0 0.0 1796642.0 899093.5 149366.0 2595.0 2569.0 1317.0 809.0 4368.0 0.0 3.0 0.0 6.0 4.0 0.0 0.0 0.0 0.0 0.0 0.0 0.0 0.0
8812.0 52691.0 33.0 314594.0 105083.0 163.0 609.0 0.0 0.0 1871362.0 939822.5 157365.0 3744.0 3607.0 1834.0 757.0 3905.0 0.0 2.0 0.0 2.0 10.0 0.0 0.0 0.0 0.0 0.0 0.0 0.0 0.0
8717.0 51538.0 36.0 305031.0 101718.0 166.0 665.0 1.0 0.0 1799790.0 903810.5 150193.0 4069.0 3896.0 2083.0 708.0 3933.0 18.0 1.0 10.0 1.0 14.0 0.0 0.0 0.0 0.0 0.0 0.0 0.0 0.0
8810.0 52363.0 43.0 309961.0 102270.0 147.0 789.0 0.0 0.0 1830416.0 904291.0 146677.0 4711.0 4627.0 2391.0 720.0 3446.0 0.0 3.0 0.0 2.0 14.0 0.0 0.0 0.0 0.0 0.0 0.0 0.0 0.0
8753.0 51534.0 37.0 303198.0 100063.0 157.0 663.0 1.0 0.0 1780166.0 882029.5 144124.0 3928.0 3855.0 1977.0 710.0 3651.0 5.0 1.0 20.0 2.0 14.0 0.0 0.0 0.0 0.0 0.0 0.0 0.0 0.0
8893.0 53364.0 37.0 319284.0 106086.0 166.0 657.0 2.0 0.0 1906554.0 949373.5 156745.0 3897.0 3923.0 1918.0 786.0 3954.0 21.0 0.0 12.0 1.0 24.0 0.0 0.0 0.0 0.0 0.0 0.0 0.0 0.0
8790.0 51980.0 38.0 306853.0 101603.0 159.0 655.0 0.0 0.0 1805858.0 898217.0 147562.0 3767.0 3910.0 1858.0 748.0 3746.0 0.0 2.0 0.0 0.0 18.0 0.0 0.0 0.0 0.0 0.0 0.0 0.0 0.0
8922.0 53944.0 29.0 325981.0 108882.0 175.0 542.0 0.0 0.0 1965081.0 987316.5 165937.0 3335.0 3261.0 1695.0 814.0 4289.0 0.0 1.0 0.0 4.0 12.0 0.0 0.0 0.0 0.0 0.0 0.0 0.0 0.0
8686.0 51110.0 37.0 300703.0 99701.0 169.0 678.0 0.0 0.0 1766446.0 879678.5 144221.0 4095.0 4066.0 2108.0 715.0 3820.0 0.0 3.0 0.0 1.0 16.0 0.0 0.0 0.0 0.0 0.0 0.0 0.0 0.0
8750.0 51237.0 29.0 300404.0 98424.0 157.0 533.0 0.0 0.0 1756527.0 866426.0 138936.0 3360.0 3170.0 1631.0 697.0 3592.0 0.0 4.0 0.0 1.0 10.0 0.0 0.0 0.0 0.0 0.0 0.0 0.0 0.0
8832.0 52518.0 30.0 311573.0 103016.0 139.0 495.0 0.0 0.0 1844800.0 915299.5 149692.0 2727.0 2912.0 1319.0 754.0 3219.0 0.0 0.0 0.0 1.0 8.0 0.0 0.0 0.0 0.0 0.0 0.0 0.0 0.0
8650.0 50665.0 41.0 296239.0 99008.0 144.0 677.0 1.0 0.0 1725647.0 866959.0 145400.0 3690.0 3919.0 1802.0 665.0 3356.0 14.0 1.0 16.0 0.0 16.0 0.0 0.0 0.0 0.0 0.0 0.0 0.0 0.0
8787.0 51728.0 33.0 302750.0 100486.0 180.0 567.0 0.0 0.0 1767866.0 876994.5 145006.0 3262.0 3283.0 1638.0 726.0 4206.0 0.0 1.0 0.0 3.0 10.0 0.0 0.0 0.0 0.0 0.0 0.0 0.0 0.0
8621.0 50302.0 32.0 292950.0 97973.0 139.0 613.0 0.0 0.0 1701040.0 853862.0 143345.0 3886.0 3580.0 1932.0 681.0 3175.0 0.0 0.0 0.0 1.0 4.0 0.0 0.0 0.0 0.0 0.0 0.0 0.0 0.0
8848.0 52580.0 45.0 312088.0 103458.0 144.0 783.0 2.0 0.0 1848066.0 920559.5 151995.0 4432.0 4729.0 2270.0 736.0 3375.0 24.0 3.0 25.0 0.0 16.0 0.0 0.0 0.0 0.0 0.0 0.0 0.0 0.0
8670.0 50734.0 34.0 294910.0 98154.0 137.0 619.0 0.0 0.0 1709890.0 850153.0 140588.0 3681.0 3591.0 1847.0 674.0 3182.0 0.0 1.0 0.0 2.0 12.0 0.0 0.0 0.0 0.0 0.0 0.0 0.0 0.0
8586.0 49893.0 30.0 289748.0 96755.0 128.0 525.0 0.0 0.0 1676359.0 841532.0 142489.0 3043.0 2920.0 1508.0 686.0 3078.0 0.0 3.0 0.0 0.0 8.0 0.0 0.0 0.0 0.0 0.0 0.0 0.0 0.0
8841.0 52671.0 34.0 313467.0 103817.0 151.0 613.0 0.0 0.0 1858896.0 925620.5 151652.0 3757.0 3622.0 1809.0 804.0 3538.0 0.0 1.0 0.0 1.0 24.0 0.0 0.0 0.0 0.0 0.0 0.0 0.0 0.0
8896.0 53725.0 42.0 323435.0 107875.0 166.0 790.0 1.0 0.0 1942579.0 969670.5 162034.0 4840.0 4640.0 2551.0 785.0 3940.0 19.0 1.0 13.0 1.0 18.0 0.0 0.0 0.0 0.0 0.0 0.0 0.0 0.0
8937.0 54179.0 33.0 328432.0 109177.0 150.0 619.0 0.0 0.0 1983613.0 992118.5 164395.0 3919.0 3754.0 1961.0 828.0 3606.0 0.0 3.0 0.0 0.0 14.0 0.0 0.0 0.0 0.0 0.0 0.0 0.0 0.0
8712.0 51371.0 43.0 302790.0 100276.0 160.0 731.0 1.0 0.0 1780145.0 885769.5 144822.0 4180.0 4352.0 2021.0 731.0 3630.0 16.0 0.0 13.0 0.0 10.0 0.0 0.0 0.0 0.0 0.0 0.0 0.0 0.0
8674.0 50729.0 31.0 296070.0 98543.0 137.0 527.0 0.0 0.0 1722458.0 861076.5 143750.0 2929.0 3104.0 1486.0 669.0 3284.0 0.0 1.0 0.0 1.0 6.0 0.0 0.0 0.0 0.0 0.0 0.0 0.0 0.0
8859.0 52827.0 43.0 313541.0 104171.0 165.0 701.0 1.0 0.0 1855039.0 922704.0 152343.0 3745.0 4135.0 1957.0 716.0 3841.0 14.0 1.0 15.0 1.0 16.0 0.0 0.0 0.0 0.0 0.0 0.0 0.0 0.0
8745.0 51661.0 33.0 303336.0 100602.0 149.0 583.0 0.0 0.0 1777337.0 880960.5 144413.0 3439.0 3323.0 1646.0 699.0 3432.0 0.0 0.0 0.0 2.0 4.0 0.0 0.0 0.0 0.0 0.0 0.0 0.0 0.0
8736.0 52025.0 39.0 309253.0 103508.0 171.0 708.0 1.0 0.0 1836966.0 920700.5 154152.0 4285.0 4242.0 2166.0 730.0 4014.0 15.0 4.0 12.0 3.0 24.0 0.0 0.0 0.0 0.0 0.0 0.0 0.0 0.0
8710.0 51345.0 28.0 301729.0 101225.0 168.0 512.0 0.0 0.0 1768862.0 888021.0 151504.0 3045.0 3076.0 1570.0 670.0 3859.0 0.0 0.0 0.0 1.0 16.0 0.0 0.0 0.0 0.0 0.0 0.0 0.0 0.0
8862.0 52813.0 39.0 313553.0 104584.0 137.0 689.0 2.0 0.0 1856698.0 928770.5 155420.0 4025.0 4096.0 2008.0 720.0 3231.0 17.0 1.0 21.0 1.0 12.0 0.0 0.0 0.0 0.0 0.0 0.0 0.0 0.0
8780.0 51988.0 39.0 308025.0 101970.0 162.0 739.0 0.0 0.0 1822509.0 908042.5 149275.0 4826.0 4307.0 2427.0 775.0 3781.0 0.0 1.0 0.0 1.0 18.0 0.0 0.0 0.0 0.0 0.0 0.0 0.0 0.0
8624.0 50206.0 29.0 292362.0 97230.0 149.0 524.0 3.0 0.0 1699494.0 847939.0 140964.0 3243.0 3071.0 1620.0 713.0 3438.0 34.0 1.0 37.0 1.0 8.0 0.0 0.0 0.0 0.0 0.0 0.0 0.0 0.0
8888.0 54118.0 41.0 329067.0 110406.0 163.0 772.0 2.0 0.0 1995456.0 1005157.0 169175.0 4904.0 4754.0 2429.0 906.0 4016.0 20.0 1.0 16.0 2.0 34.0 0.0 0.0 0.0 0.0 0.0 0.0 0.0 0.0
8845.0 53006.0 41.0 315648.0 106197.0 162.0 746.0 1.0 0.0 1874675.0 942002.0 160333.0 4452.0 4386.0 2235.0 789.0 3952.0 9.0 2.0 14.0 1.0 12.0 0.0 0.0 0.0 0.0 0.0 0.0 0.0 0.0
8774.0 52274.0 30.0 310188.0 104397.0 166.0 513.0 2.0 0.0 1835445.0 926606.5 157559.0 2940.0 3020.0 1457.0 703.0 4037.0 21.0 2.0 25.0 5.0 22.0 0.0 0.0 0.0 0.0 0.0 0.0 0.0 0.0
8570.0 49522.0 30.0 285366.0 94338.0 137.0 510.0 0.0 0.0 1639707.0 812010.5 132129.0 2904.0 3016.0 1410.0 669.0 3125.0 0.0 3.0 0.0 3.0 8.0 0.0 0.0 0.0 0.0 0.0 0.0 0.0 0.0
8775.0 51545.0 35.0 300923.0 99793.0 141.0 624.0 1.0 0.0 1754927.0 868362.0 143147.0 3754.0 3563.0 1834.0 696.0 3220.0 10.0 0.0 12.0 2.0 10.0 0.0 0.0 0.0 0.0 0.0 0.0 0.0 0.0
8872.0 53197.0 35.0 317656.0 106496.0 163.0 658.0 1.0 0.0 1892150.0 948206.0 161093.0 4084.0 3902.0 2070.0 743.0 3871.0 12.0 2.0 15.0 1.0 20.0 0.0 0.0 0.0 0.0 0.0 0.0 0.0 0.0
9025.0 55408.0 43.0 339556.0 114075.0 168.0 842.0 4.0 0.0 2076287.0 1045974.0 178322.0 5424.0 5109.0 2771.0 882.0 4102.0 63.0 2.0 54.0 0.0 14.0 0.0 0.0 0.0 0.0 0.0 0.0 0.0 0.0
8808.0 52703.0 38.0 314649.0 105386.0 161.0 685.0 1.0 0.0 1872413.0 941860.5 157882.0 4056.0 4078.0 2100.0 748.0 3857.0 10.0 2.0 14.0 0.0 20.0 0.0 0.0 0.0 0.0 0.0 0.0 0.0 0.0
8867.0 53099.0 26.0 316565.0 106020.0 155.0 499.0 0.0 0.0 1882178.0 944188.0 159262.0 3144.0 2922.0 1631.0 785.0 3753.0 0.0 1.0 0.0 0.0 18.0 0.0 0.0 0.0 0.0 0.0 0.0 0.0 0.0
8728.0 52090.0 39.0 309870.0 104350.0 148.0 712.0 5.0 0.0 1837234.0 928005.0 157977.0 4302.0 4260.0 2260.0 725.0 3548.0 42.0 5.0 55.0 1.0 12.0 1.0 0.0 0.0 0.0 0.0 0.0 0.0 0.0
8686.0 51303.0 32.0 301934.0 101013.0 153.0 565.0 2.0 0.0 1773043.0 888766.5 148139.0 3354.0 3305.0 1635.0 706.0 3640.0 32.0 0.0 19.0 1.0 10.0 0.0 0.0 0.0 1.0 0.0 0.0 0.0 0.0
8662.0 50470.0 32.0 293115.0 97154.0 147.0 511.0 1.0 0.0 1699821.0 843606.5 138585.0 2778.0 2947.0 1323.0 620.0 3381.0 8.0 0.0 11.0 2.0 12.0 0.0 0.0 0.0 0.0 0.0 0.0 0.0 0.0
8637.0 50345.0 29.0 292503.0 97279.0 152.0 505.0 1.0 0.0 1695574.0 844494.0 139850.0 2929.0 2989.0 1447.0 634.0 3518.0 12.0 0.0 7.0 2.0 14.0 0.0 0.0 0.0 0.0 0.0 0.0 0.0 0.0
8962.0 54599.0 28.0 332187.0 111392.0 155.0 466.0 0.0 0.0 2014016.0 1015575.0 171341.0 2565.0 2906.0 1310.0 868.0 3890.0 0.0 0.0 0.0 0.0 4.0 0.0 0.0 0.0 0.0 0.0 0.0 0.0 0.0
8898.0 53591.0 37.0 322720.0 107500.0 145.0 632.0 2.0 0.0 1939165.0 970078.5 161916.0 3596.0 3798.0 1771.0 824.0 3536.0 28.0 0.0 33.0 2.0 8.0 0.0 0.0 0.0 0.0 0.0 0.0 0.0 0.0
8655.0 50870.0 31.0 298978.0 100290.0 173.0 560.0 0.0 0.0 1754667.0 883823.5 149203.0 3307.0 3370.0 1774.0 716.0 4127.0 0.0 2.0 0.0 2.0 24.0 0.0 0.0 0.0 0.0 0.0 0.0 0.0 0.0
8623.0 50346.0 25.0 293638.0 97762.0 119.0 442.0 0.0 0.0 1708730.0 854820.5 142194.0 2772.0 2563.0 1311.0 643.0 2711.0 0.0 0.0 0.0 1.0 6.0 0.0 0.0 0.0 0.0 0.0 0.0 0.0 0.0
8691.0 51236.0 26.0 302079.0 101047.0 155.0 463.0 0.0 0.0 1777894.0 893974.5 150622.0 2679.0 2646.0 1384.0 711.0 3594.0 0.0 1.0 0.0 0.0 16.0 0.0 0.0 0.0 0.0 0.0 0.0 0.0 0.0
8834.0 52648.0 34.0 312439.0 103959.0 162.0 590.0 3.0 0.0 1852302.0 922008.0 152671.0 3457.0 3472.0 1712.0 716.0 3833.0 28.0 2.0 31.0 2.0 6.0 0.0 0.0 0.0 0.0 0.0 0.0 0.0 0.0
8716.0 51038.0 38.0 297938.0 98773.0 143.0 632.0 1.0 0.0 1736328.0 862178.0 141885.0 3521.0 3786.0 1702.0 661.0 3282.0 13.0 1.0 12.0 1.0 20.0 0.0 0.0 0.0 0.0 0.0 0.0 0.0 0.0
8730.0 51605.0 41.0 303440.0 101482.0 166.0 761.0 1.0 0.0 1779069.0 890836.0 149487.0 4678.0 4578.0 2400.0 691.0 3995.0 8.0 5.0 11.0 1.0 14.0 0.0 0.0 0.0 0.0 0.0 0.0 0.0 0.0
8800.0 52362.0 37.0 310864.0 103918.0 164.0 624.0 1.0 0.0 1841259.0 923073.5 154937.0 3428.0 3562.0 1860.0 735.0 3872.0 20.0 0.0 4.0 4.0 14.0 0.0 0.0 0.0 0.0 0.0 0.0 0.0 0.0
8632.0 50265.0 41.0 291801.0 96911.0 144.0 694.0 2.0 0.0 1691017.0 841085.5 139137.0 3804.0 3981.0 1946.0 681.0 3312.0 16.0 1.0 24.0 0.0 16.0 0.0 0.0 1.0 0.0 0.0 0.0 0.0 0.0
8759.0 51788.0 40.0 305518.0 101412.0 144.0 710.0 2.0 0.0 1799705.0 894516.5 147695.0 4208.0 4115.0 2137.0 732.0 3352.0 23.0 2.0 28.0 1.0 12.0 0.0 0.0 0.0 0.0 0.0 0.0 0.0 0.0
8657.0 50502.0 29.0 294765.0 97111.0 171.0 484.0 1.0 0.0 1716406.0 851127.5 137807.0 2719.0 2780.0 1305.0 702.0 3853.0 14.0 4.0 9.0 1.0 6.0 0.0 0.0 0.0 0.0 0.0 0.0 0.0 0.0
8666.0 50844.0 34.0 297162.0 99741.0 150.0 613.0 0.0 0.0 1733405.0 870988.5 147483.0 3749.0 3570.0 1882.0 702.0 3555.0 0.0 1.0 0.0 0.0 12.0 0.0 0.0 0.0 0.0 0.0 0.0 0.0 0.0
8517.0 49232.0 34.0 284752.0 94917.0 119.0 583.0 0.0 0.0 1643314.0 824079.0 136748.0 3318.0 3382.0 1641.0 633.0 2827.0 0.0 2.0 0.0 1.0 18.0 0.0 0.0 0.0 0.0 0.0 0.0 0.0 0.0
8727.0 51320.0 30.0 300834.0 100106.0 141.0 547.0 1.0 0.0 1758078.0 876621.0 146487.0 3298.0 3210.0 1616.0 677.0 3329.0 13.0 2.0 9.0 1.0 20.0 0.0 0.0 0.0 0.0 0.0 0.0 0.0 0.0
8709.0 51050.0 31.0 298997.0 98583.0 135.0 567.0 1.0 0.0 1746237.0 865378.5 140583.0 3501.0 3348.0 1712.0 696.0 3154.0 10.0 1.0 9.0 0.0 8.0 0.0 0.0 0.0 0.0 0.0 0.0 0.0 0.0
8758.0 51826.0 29.0 304973.0 101469.0 154.0 506.0 0.0 0.0 1789990.0 890970.0 146723.0 2842.0 2982.0 1406.0 720.0 3553.0 0.0 3.0 0.0 0.0 2.0 0.0 0.0 0.0 0.0 0.0 0.0 0.0 0.0
8761.0 51805.0 31.0 305176.0 102005.0 126.0 532.0 1.0 0.0 1795176.0 898295.5 150493.0 2963.0 3144.0 1523.0 713.0 3081.0 12.0 1.0 11.0 0.0 8.0 0.0 0.0 0.0 0.0 0.0 0.0 0.0 0.0
8791.0 52258.0 30.0 309453.0 103023.0 153.0 525.0 0.0 0.0 1828040.0 911589.5 150557.0 2957.0 3066.0 1545.0 698.0 3550.0 0.0 2.0 0.0 2.0 12.0 0.0 0.0 0.0 0.0 0.0 0.0 0.0 0.0
8830.0 52916.0 28.0 316352.0 106118.0 169.0 500.0 1.0 0.0 1884308.0 949241.0 160493.0 2998.0 2988.0 1527.0 812.0 4054.0 8.0 0.0 14.0 0.0 14.0 0.0 0.0 0.0 0.0 0.0 0.0 0.0 0.0
8572.0 49719.0 29.0 288186.0 96034.0 124.0 520.0 0.0 0.0 1666717.0 833542.5 138609.0 3054.0 3052.0 1510.0 654.0 2845.0 0.0 1.0 0.0 0.0 10.0 0.0 0.0 0.0 0.0 0.0 0.0 0.0 0.0
8693.0 51279.0 31.0 301371.0 101180.0 130.0 558.0 0.0 0.0 1765366.0 889155.5 150126.0 3277.0 3288.0 1699.0 681.0 3051.0 0.0 2.0 0.0 0.0 14.0 0.0 0.0 0.0 0.0 0.0 0.0 0.0 0.0
8838.0 52955.0 36.0 316252.0 105459.0 162.0 665.0 0.0 0.0 1884145.0 941444.0 156608.0 4041.0 4010.0 2027.0 789.0 3921.0 0.0 0.0 0.0 0.0 16.0 0.0 0.0 0.0 0.0 0.0 0.0 0.0 0.0
8832.0 53070.0 37.0 318094.0 107084.0 146.0 675.0 1.0 0.0 1902027.0 960860.0 163747.0 4071.0 4134.0 2055.0 797.0 3553.0 10.0 3.0 13.0 1.0 12.0 0.0 0.0 0.0 0.0 0.0 0.0 0.0 0.0
8860.0 52538.0 33.0 310127.0 102345.0 151.0 569.0 0.0 0.0 1828111.0 901730.0 147758.0 3369.0 3299.0 1596.0 701.0 3538.0 0.0 3.0 0.0 1.0 14.0 0.0 0.0 0.0 0.0 0.0 0.0 0.0 0.0
8680.0 50862.0 36.0 296905.0 98962.0 144.0 634.0 0.0 0.0 1728326.0 863273.5 143933.0 3630.0 3701.0 1893.0 721.0 3363.0 0.0 2.0 0.0 1.0 12.0 0.0 0.0 0.0 0.0 0.0 0.0 0.0 0.0
8817.0 52084.0 27.0 305406.0 101148.0 157.0 476.0 0.0 0.0 1786778.0 882931.0 145160.0 2777.0 2760.0 1387.0 710.0 3662.0 0.0 0.0 0.0 1.0 14.0 0.0 0.0 0.0 0.0 0.0 0.0 0.0 0.0
8766.0 52024.0 43.0 307845.0 102227.0 158.0 733.0 3.0 0.0 1818869.0 905978.0 148602.0 4170.0 4336.0 2057.0 705.0 3772.0 29.0 3.0 33.0 1.0 22.0 0.0 0.0 0.0 0.0 0.0 0.0 0.0 0.0
8763.0 51943.0 38.0 307547.0 102118.0 156.0 677.0 0.0 0.0 1817401.0 906146.0 149025.0 4080.0 4021.0 2034.0 752.0 3758.0 0.0 3.0 0.0 0.0 10.0 0.0 0.0 0.0 0.0 0.0 0.0 0.0 0.0
8761.0 51672.0 28.0 303387.0 100810.0 152.0 462.0 0.0 0.0 1776190.0 883952.5 146069.0 2667.0 2654.0 1314.0 736.0 3593.0 0.0 0.0 0.0 2.0 4.0 0.0 0.0 0.0 0.0 0.0 0.0 0.0 0.0
8625.0 50678.0 36.0 297265.0 99833.0 158.0 625.0 1.0 0.0 1741604.0 876932.5 149166.0 3672.0 3513.0 1910.0 740.0 3714.0 15.0 7.0 8.0 2.0 22.0 0.0 0.0 0.0 0.0 0.0 0.0 0.0 0.0
8865.0 53093.0 34.0 317020.0 105620.0 186.0 641.0 0.0 0.0 1886160.0 944127.5 157243.0 4066.0 3850.0 2012.0 764.0 4332.0 0.0 2.0 0.0 6.0 8.0 0.0 0.0 0.0 0.0 0.0 0.0 0.0 0.0
8729.0 51312.0 39.0 301175.0 100208.0 158.0 720.0 0.0 0.0 1763311.0 882052.0 147502.0 4400.0 4155.0 2231.0 777.0 3779.0 0.0 3.0 0.0 0.0 20.0 0.0 0.0 0.0 0.0 0.0 0.0 0.0 0.0
8664.0 50549.0 37.0 293724.0 97735.0 138.0 628.0 3.0 0.0 1703210.0 848290.5 141563.0 3548.0 3583.0 1821.0 661.0 3130.0 42.0 0.0 24.0 3.0 10.0 1.0 0.0 0.0 0.0 0.0 0.0 0.0 0.0
8858.0 52965.0 37.0 316278.0 105560.0 160.0 700.0 1.0 0.0 1882474.0 943623.5 157787.0 4376.0 4199.0 2197.0 769.0 3852.0 19.0 4.0 14.0 5.0 30.0 0.0 0.0 0.0 0.0 0.0 0.0 0.0 0.0
8760.0 51941.0 26.0 307839.0 102460.0 168.0 463.0 0.0 0.0 1820568.0 910163.5 151310.0 2687.0 2704.0 1361.0 752.0 4036.0 0.0 1.0 0.0 2.0 16.0 0.0 0.0 0.0 0.0 0.0 0.0 0.0 0.0
8699.0 50990.0 36.0 298247.0 98866.0 162.0 657.0 0.0 0.0 1740465.0 865495.5 142311.0 4005.0 3871.0 1969.0 695.0 3791.0 0.0 3.0 0.0 2.0 12.0 0.0 0.0 0.0 0.0 0.0 0.0 0.0 0.0
8834.0 52887.0 43.0 316619.0 105793.0 128.0 773.0 0.0 0.0 1891355.0 950353.0 158847.0 4533.0 4729.0 2374.0 801.0 3053.0 0.0 3.0 0.0 0.0 16.0 0.0 0.0 0.0 0.0 0.0 0.0 0.0 0.0
8756.0 51934.0 32.0 306688.0 102589.0 155.0 589.0 0.0 0.0 1807673.0 905136.0 152088.0 3534.0 3416.0 1850.0 743.0 3633.0 0.0 2.0 0.0 2.0 30.0 0.0 0.0 0.0 0.0 0.0 0.0 0.0 0.0
8550.0 49698.0 33.0 287542.0 96729.0 145.0 557.0 1.0 0.0 1660948.0 834791.0 141951.0 3092.0 3253.0 1574.0 650.0 3423.0 19.0 0.0 9.0 0.0 6.0 0.0 0.0 0.0 0.0 0.0 0.0 0.0 0.0
8634.0 50754.0 32.0 298001.0 99788.0 163.0 597.0 0.0 0.0 1743970.0 877899.0 146758.0 3636.0 3464.0 1813.0 710.0 3824.0 0.0 1.0 0.0 2.0 24.0 0.0 0.0 0.0 0.0 0.0 0.0 0.0 0.0
8702.0 50914.0 40.0 297096.0 98188.0 154.0 738.0 1.0 0.0 1727609.0 856991.0 139386.0 4531.0 4399.0 2239.0 710.0 3483.0 15.0 5.0 10.0 2.0 24.0 0.0 0.0 0.0 0.0 0.0 0.0 0.0 0.0
8635.0 50351.0 39.0 293396.0 97344.0 155.0 670.0 1.0 0.0 1705706.0 849271.5 139855.0 3841.0 3955.0 1932.0 682.0 3600.0 6.0 4.0 10.0 1.0 10.0 0.0 0.0 0.0 0.0 0.0 0.0 0.0 0.0
8897.0 53210.0 29.0 317440.0 104973.0 164.0 502.0 0.0 0.0 1888113.0 937879.0 153931.0 2905.0 3058.0 1379.0 809.0 3923.0 0.0 2.0 0.0 1.0 14.0 0.0 0.0 0.0 0.0 0.0 0.0 0.0 0.0
8728.0 51800.0 32.0 306470.0 103003.0 150.0 588.0 1.0 0.0 1808996.0 911456.5 154200.0 3602.0 3353.0 1811.0 691.0 3553.0 14.0 0.0 18.0 1.0 20.0 0.0 0.0 0.0 0.0 0.0 0.0 0.0 0.0
8918.0 53884.0 46.0 325282.0 108655.0 162.0 855.0 1.0 0.0 1958611.0 982857.5 164931.0 5445.0 5295.0 2691.0 841.0 3924.0 12.0 3.0 16.0 1.0 30.0 0.0 0.0 0.0 0.0 0.0 0.0 0.0 0.0
8632.0 50582.0 36.0 295658.0 99015.0 139.0 640.0 0.0 0.0 1723960.0 866608.0 144913.0 3695.0 3717.0 1879.0 729.0 3308.0 0.0 1.0 0.0 1.0 6.0 0.0 0.0 0.0 0.0 0.0 0.0 0.0 0.0
8748.0 51705.0 37.0 304526.0 101516.0 146.0 658.0 0.0 0.0 1791535.0 893025.5 149215.0 3875.0 3910.0 1949.0 661.0 3397.0 0.0 2.0 0.0 3.0 12.0 0.0 0.0 0.0 0.0 0.0 0.0 0.0 0.0
8704.0 51286.0 42.0 300077.0 100701.0 156.0 776.0 0.0 0.0 1751298.0 876814.0 148417.0 4765.0 4580.0 2339.0 694.0 3636.0 0.0 5.0 0.0 2.0 30.0 0.0 0.0 0.0 0.0 0.0 0.0 0.0 0.0
8828.0 52638.0 44.0 313197.0 104342.0 136.0 756.0 2.0 0.0 1857696.0 930345.0 154853.0 4227.0 4429.0 2148.0 749.0 3259.0 21.0 1.0 27.0 1.0 10.0 0.0 0.0 0.0 0.0 0.0 0.0 0.0 0.0
8834.0 52451.0 39.0 310642.0 102586.0 160.0 690.0 0.0 0.0 1835471.0 909435.0 147961.0 3980.0 4046.0 1959.0 775.0 3825.0 0.0 3.0 0.0 1.0 8.0 0.0 0.0 0.0 0.0 0.0 0.0 0.0 0.0
8858.0 53165.0 39.0 319386.0 106759.0 176.0 740.0 2.0 0.0 1911995.0 963851.5 162284.0 4631.0 4489.0 2425.0 799.0 4132.0 33.0 6.0 24.0 1.0 10.0 0.0 0.0 0.0 0.0 0.0 0.0 0.0 0.0
8829.0 52403.0 39.0 311364.0 102808.0 144.0 717.0 0.0 0.0 1845229.0 917221.5 149710.0 4443.0 4292.0 2172.0 808.0 3364.0 0.0 2.0 0.0 1.0 14.0 0.0 0.0 0.0 0.0 0.0 0.0 0.0 0.0
8865.0 53063.0 28.0 316626.0 105095.0 145.0 500.0 1.0 0.0 1884658.0 939054.0 154111.0 2972.0 2978.0 1457.0 766.0 3460.0 7.0 1.0 6.0 0.0 10.0 0.0 0.0 0.0 0.0 0.0 0.0 0.0 0.0
8710.0 51069.0 27.0 298025.0 99094.0 145.0 474.0 1.0 0.0 1734527.0 862329.5 143464.0 2788.0 2662.0 1368.0 690.0 3334.0 16.0 0.0 13.0 1.0 12.0 0.0 0.0 0.0 0.0 0.0 0.0 0.0 0.0
8935.0 53925.0 30.0 324510.0 107963.0 153.0 512.0 0.0 0.0 1946621.0 972585.0 161467.0 2871.0 3026.0 1501.0 783.0 3608.0 0.0 2.0 0.0 1.0 14.0 0.0 0.0 0.0 0.0 0.0 0.0 0.0 0.0
8635.0 50696.0 30.0 297860.0 99712.0 150.0 562.0 0.0 0.0 1743791.0 878820.0 148030.0 3515.0 3329.0 1683.0 717.0 3623.0 0.0 1.0 0.0 1.0 10.0 0.0 0.0 0.0 0.0 0.0 0.0 0.0 0.0
8870.0 52925.0 33.0 314851.0 104164.0 163.0 579.0 0.0 0.0 1868309.0 927718.5 151997.0 3325.0 3456.0 1663.0 712.0 3910.0 0.0 2.0 0.0 1.0 18.0 0.0 0.0 0.0 0.0 0.0 0.0 0.0 0.0
8694.0 50538.0 27.0 293545.0 96461.0 145.0 438.0 0.0 0.0 1702290.0 839076.0 135581.0 2360.0 2527.0 1148.0 655.0 3220.0 0.0 1.0 0.0 1.0 12.0 0.0 0.0 0.0 0.0 0.0 0.0 0.0 0.0
8896.0 53527.0 37.0 322035.0 106984.0 169.0 649.0 0.0 0.0 1931988.0 966340.5 159465.0 3764.0 3928.0 1869.0 786.0 4083.0 0.0 5.0 0.0 0.0 10.0 0.0 0.0 0.0 0.0 0.0 0.0 0.0 0.0
8963.0 54288.0 34.0 328280.0 108917.0 186.0 568.0 1.0 0.0 1979084.0 985982.0 162030.0 3179.0 3302.0 1540.0 804.0 4519.0 14.0 1.0 8.0 5.0 16.0 0.0 0.0 0.0 0.0 0.0 0.0 0.0 0.0
8740.0 51412.0 32.0 300877.0 100040.0 154.0 564.0 1.0 0.0 1757108.0 873863.5 144796.0 3333.0 3179.0 1631.0 754.0 3488.0 9.0 1.0 9.0 0.0 18.0 0.0 0.0 0.0 0.0 0.0 0.0 0.0 0.0
8754.0 51601.0 36.0 303498.0 101380.0 125.0 602.0 1.0 0.0 1778732.0 891721.0 149981.0 3364.0 3588.0 1662.0 649.0 2909.0 3.0 1.0 17.0 0.0 10.0 0.0 0.0 0.0 0.0 0.0 0.0 0.0 0.0
8727.0 51327.0 31.0 301571.0 99691.0 159.0 558.0 0.0 0.0 1766070.0 877819.5 143300.0 3381.0 3247.0 1584.0 718.0 3747.0 0.0 0.0 0.0 3.0 20.0 0.0 0.0 0.0 0.0 0.0 0.0 0.0 0.0
8622.0 50006.0 36.0 289463.0 96425.0 149.0 610.0 0.0 0.0 1674484.0 835555.0 139843.0 3307.0 3367.0 1693.0 648.0 3486.0 0.0 5.0 0.0 3.0 18.0 0.0 0.0 0.0 0.0 0.0 0.0 0.0 0.0
8750.0 52016.0 33.0 309637.0 103490.0 168.0 590.0 0.0 0.0 1839170.0 925572.0 155210.0 3472.0 3457.0 1778.0 732.0 4130.0 0.0 3.0 0.0 1.0 10.0 0.0 0.0 0.0 0.0 0.0 0.0 0.0 0.0
8650.0 50320.0 31.0 292395.0 96769.0 138.0 553.0 1.0 0.0 1694091.0 842267.0 138064.0 3391.0 3229.0 1608.0 628.0 3159.0 9.0 2.0 16.0 2.0 16.0 0.0 0.0 0.0 0.0 0.0 0.0 0.0 0.0
8527.0 48871.0 33.0 279850.0 92770.0 132.0 593.0 0.0 0.0 1598956.0 795971.0 131408.0 3477.0 3323.0 1774.0 586.0 2970.0 0.0 2.0 0.0 1.0 10.0 0.0 0.0 0.0 0.0 0.0 0.0 0.0 0.0
8693.0 51212.0 31.0 300744.0 100183.0 146.0 538.0 0.0 0.0 1762137.0 879957.5 145475.0 3127.0 3112.0 1566.0 702.0 3371.0 0.0 1.0 0.0 2.0 16.0 0.0 0.0 0.0 0.0 0.0 0.0 0.0 0.0
8718.0 51710.0 33.0 306204.0 102843.0 125.0 561.0 0.0 0.0 1809924.0 912174.0 154661.0 3198.0 3315.0 1612.0 728.0 3039.0 0.0 0.0 0.0 0.0 2.0 0.0 0.0 0.0 0.0 0.0 0.0 0.0 0.0
8725.0 51222.0 34.0 299541.0 98948.0 130.0 572.0 0.0 0.0 1747806.0 864377.0 140647.0 3218.0 3309.0 1598.0 711.0 3004.0 0.0 1.0 0.0 1.0 12.0 0.0 0.0 0.0 0.0 0.0 0.0 0.0 0.0
8716.0 51534.0 34.0 304158.0 101867.0 172.0 605.0 0.0 0.0 1791172.0 899045.0 151934.0 3645.0 3510.0 1797.0 741.0 3983.0 0.0 1.0 0.0 2.0 16.0 0.0 0.0 0.0 0.0 0.0 0.0 0.0 0.0
8724.0 51359.0 37.0 301826.0 100246.0 157.0 622.0 0.0 0.0 1771340.0 882606.0 145599.0 3412.0 3660.0 1733.0 680.0 3682.0 0.0 1.0 0.0 3.0 12.0 0.0 0.0 0.0 0.0 0.0 0.0 0.0 0.0
8793.0 52634.0 31.0 314000.0 105588.0 164.0 535.0 0.0 0.0 1868588.0 941304.0 160068.0 3061.0 3202.0 1560.0 777.0 3866.0 0.0 2.0 0.0 2.0 14.0 0.0 0.0 0.0 0.0 0.0 0.0 0.0 0.0
8713.0 51188.0 37.0 300078.0 99843.0 124.0 601.0 0.0 0.0 1756700.0 874962.0 145453.0 3208.0 3577.0 1607.0 692.0 2932.0 0.0 1.0 0.0 0.0 6.0 0.0 0.0 0.0 0.0 0.0 0.0 0.0 0.0
8759.0 51857.0 40.0 305481.0 102051.0 168.0 719.0 0.0 0.0 1795446.0 896723.5 149979.0 4358.0 4203.0 2142.0 721.0 3902.0 0.0 1.0 0.0 2.0 20.0 0.0 0.0 0.0 0.0 0.0 0.0 0.0 0.0
8789.0 52263.0 35.0 310157.0 103383.0 178.0 625.0 2.0 0.0 1837700.0 918879.5 153084.0 3688.0 3736.0 1951.0 722.0 4260.0 27.0 1.0 25.0 2.0 18.0 0.0 0.0 0.0 1.0 0.0 0.0 0.0 0.0
8663.0 50896.0 32.0 298822.0 99570.0 151.0 553.0 4.0 0.0 1750414.0 874698.0 145783.0 3175.0 3207.0 1566.0 665.0 3518.0 25.0 2.0 37.0 2.0 12.0 1.0 0.0 2.0 0.0 0.0 0.0 0.0 0.0
8837.0 52796.0 30.0 314074.0 104525.0 143.0 558.0 0.0 0.0 1863569.0 927186.0 153486.0 3535.0 3285.0 1740.0 736.0 3445.0 0.0 3.0 0.0 0.0 12.0 0.0 0.0 0.0 0.0 0.0 0.0 0.0 0.0
8832.0 52818.0 38.0 315132.0 105320.0 155.0 707.0 0.0 0.0 1871523.0 939288.5 157679.0 4254.0 4186.0 2172.0 788.0 3824.0 0.0 2.0 0.0 1.0 18.0 0.0 0.0 0.0 0.0 0.0 0.0 0.0 0.0
8693.0 50754.0 32.0 295889.0 97844.0 165.0 539.0 0.0 0.0 1721578.0 854099.5 140163.0 3075.0 3127.0 1539.0 656.0 3824.0 0.0 1.0 0.0 0.0 14.0 0.0 0.0 0.0 0.0 0.0 0.0 0.0 0.0
8848.0 52622.0 33.0 312604.0 103375.0 147.0 545.0 0.0 0.0 1851509.0 919832.0 150273.0 3007.0 3227.0 1528.0 742.0 3521.0 0.0 0.0 0.0 1.0 12.0 0.0 0.0 0.0 0.0 0.0 0.0 0.0 0.0
8625.0 50285.0 34.0 292002.0 97711.0 157.0 572.0 1.0 0.0 1692528.0 847001.5 143246.0 3244.0 3344.0 1564.0 700.0 3566.0 11.0 2.0 13.0 0.0 6.0 0.0 0.0 0.0 0.0 0.0 0.0 0.0 0.0
8876.0 53412.0 44.0 321206.0 107057.0 151.0 821.0 0.0 0.0 1925180.0 966202.0 160689.0 5035.0 4879.0 2560.0 790.0 3686.0 0.0 2.0 0.0 4.0 20.0 0.0 0.0 0.0 0.0 0.0 0.0 0.0 0.0
8678.0 51017.0 46.0 297593.0 99673.0 126.0 783.0 1.0 0.0 1732463.0 866123.5 144998.0 4415.0 4540.0 2183.0 673.0 2885.0 18.0 5.0 7.0 1.0 20.0 0.0 0.0 0.0 0.0 0.0 0.0 0.0 0.0
8691.0 51223.0 31.0 301216.0 100690.0 148.0 513.0 0.0 0.0 1767858.0 885250.5 148987.0 2718.0 2994.0 1416.0 718.0 3445.0 0.0 0.0 0.0 1.0 12.0 0.0 0.0 0.0 0.0 0.0 0.0 0.0 0.0
8756.0 52087.0 26.0 308730.0 103558.0 164.0 462.0 0.0 0.0 1824738.0 916931.5 154837.0 2696.0 2702.0 1363.0 682.0 3889.0 0.0 1.0 0.0 0.0 10.0 0.0 0.0 0.0 0.0 0.0 0.0 0.0 0.0
8708.0 51219.0 30.0 300862.0 100139.0 141.0 548.0 0.0 0.0 1760918.0 880850.5 146802.0 3277.0 3149.0 1610.0 699.0 3213.0 0.0 1.0 0.0 1.0 14.0 0.0 0.0 0.0 0.0 0.0 0.0 0.0 0.0
8735.0 51512.0 32.0 303578.0 100320.0 146.0 573.0 0.0 0.0 1782494.0 885687.5 144168.0 3423.0 3461.0 1697.0 692.0 3337.0 0.0 1.0 0.0 1.0 16.0 0.0 0.0 0.0 0.0 0.0 0.0 0.0 0.0
8757.0 51507.0 30.0 302436.0 100379.0 171.0 519.0 0.0 0.0 1770336.0 883541.0 145838.0 2953.0 3038.0 1539.0 719.0 3963.0 0.0 0.0 0.0 1.0 16.0 0.0 0.0 0.0 0.0 0.0 0.0 0.0 0.0
8847.0 53093.0 39.0 318725.0 106262.0 147.0 722.0 1.0 0.0 1910421.0 957437.5 159549.0 4547.0 4168.0 2215.0 809.0 3456.0 10.0 3.0 9.0 1.0 6.0 0.0 0.0 0.0 0.0 0.0 0.0 0.0 0.0
8774.0 51978.0 34.0 306674.0 102117.0 159.0 617.0 0.0 0.0 1804394.0 900396.5 148887.0 3688.0 3710.0 1822.0 730.0 3784.0 0.0 3.0 0.0 1.0 12.0 0.0 0.0 0.0 0.0 0.0 0.0 0.0 0.0
8846.0 53305.0 38.0 319614.0 108037.0 175.0 672.0 2.0 0.0 1909517.0 966734.0 166667.0 4054.0 3967.0 2038.0 785.0 4177.0 16.0 2.0 19.0 1.0 20.0 0.0 0.0 0.0 0.0 0.0 0.0 0.0 0.0
8771.0 51814.0 39.0 305440.0 101799.0 138.0 703.0 0.0 0.0 1795761.0 898702.0 150242.0 4172.0 4073.0 2030.0 753.0 3205.0 0.0 0.0 0.0 1.0 14.0 0.0 0.0 0.0 0.0 0.0 0.0 0.0 0.0
8881.0 53148.0 29.0 316946.0 105397.0 161.0 504.0 0.0 0.0 1885864.0 938971.0 156143.0 2910.0 3046.0 1418.0 739.0 3745.0 0.0 1.0 0.0 2.0 14.0 0.0 0.0 0.0 0.0 0.0 0.0 0.0 0.0
8839.0 52906.0 46.0 315469.0 105446.0 165.0 797.0 2.0 0.0 1874358.0 938485.0 157423.0 4539.0 4822.0 2315.0 731.0 4050.0 30.0 7.0 23.0 0.0 20.0 0.0 0.0 0.0 0.0 0.0 0.0 0.0 0.0
8753.0 51767.0 39.0 305688.0 101614.0 146.0 687.0 1.0 0.0 1801145.0 898414.5 148843.0 4068.0 4019.0 2036.0 776.0 3470.0 12.0 2.0 7.0 1.0 10.0 0.0 0.0 0.0 0.0 0.0 0.0 0.0 0.0
8766.0 51730.0 33.0 304952.0 100854.0 137.0 557.0 1.0 0.0 1792763.0 892106.5 145609.0 3159.0 3315.0 1559.0 712.0 3176.0 7.0 0.0 11.0 0.0 14.0 0.0 0.0 0.0 0.0 0.0 0.0 0.0 0.0
8856.0 53029.0 40.0 316622.0 105540.0 158.0 726.0 0.0 0.0 1887248.0 941772.5 157126.0 4399.0 4389.0 2152.0 734.0 3884.0 0.0 0.0 0.0 2.0 16.0 0.0 0.0 0.0 0.0 0.0 0.0 0.0 0.0
8741.0 51907.0 34.0 307373.0 102781.0 161.0 614.0 2.0 0.0 1815244.0 909750.5 152334.0 3737.0 3564.0 1844.0 736.0 3739.0 27.0 0.0 29.0 0.0 4.0 0.0 0.0 0.0 0.0 0.0 0.0 0.0 0.0
8640.0 50381.0 25.0 292472.0 98351.0 127.0 444.0 0.0 0.0 1693277.0 852506.0 146371.0 2643.0 2539.0 1274.0 653.0 2998.0 0.0 2.0 0.0 0.0 8.0 0.0 0.0 0.0 0.0 0.0 0.0 0.0 0.0
8718.0 51529.0 27.0 302638.0 100714.0 142.0 457.0 1.0 0.0 1775286.0 881686.0 145753.0 2556.0 2696.0 1238.0 686.0 3312.0 11.0 4.0 9.0 2.0 8.0 0.0 0.0 0.0 0.0 0.0 0.0 0.0 0.0
8851.0 52755.0 38.0 313223.0 104457.0 133.0 668.0 0.0 0.0 1854193.0 925616.5 156037.0 3900.0 4019.0 1890.0 671.0 3129.0 0.0 2.0 0.0 1.0 12.0 0.0 0.0 0.0 0.0 0.0 0.0 0.0 0.0
8785.0 52381.0 32.0 311294.0 103953.0 162.0 579.0 1.0 0.0 1843872.0 923593.0 153620.0 3441.0 3532.0 1762.0 786.0 3895.0 15.0 0.0 11.0 1.0 18.0 0.0 0.0 0.0 0.0 0.0 0.0 0.0 0.0
8677.0 51111.0 28.0 300468.0 100590.0 149.0 465.0 1.0 0.0 1762664.0 885648.5 148620.0 2494.0 2759.0 1291.0 672.0 3412.0 11.0 0.0 10.0 1.0 10.0 0.0 0.0 0.0 0.0 0.0 0.0 0.0 0.0
8661.0 50513.0 36.0 295004.0 97659.0 154.0 570.0 1.0 0.0 1718676.0 856256.0 140754.0 2997.0 3302.0 1462.0 699.0 3529.0 13.0 2.0 14.0 1.0 16.0 0.0 0.0 0.0 0.0 0.0 0.0 0.0 0.0
8671.0 50711.0 43.0 295110.0 98600.0 146.0 745.0 2.0 0.0 1712603.0 856788.5 143507.0 4312.0 4306.0 2129.0 663.0 3460.0 34.0 3.0 21.0 1.0 14.0 0.0 0.0 1.0 0.0 0.0 0.0 0.0 0.0
8597.0 49515.0 38.0 284800.0 93841.0 146.0 638.0 1.0 0.0 1633932.0 808653.0 132568.0 3379.0 3712.0 1819.0 601.0 3259.0 11.0 3.0 11.0 2.0 18.0 0.0 0.0 0.0 0.0 0.0 0.0 0.0 0.0
8682.0 50720.0 32.0 296306.0 98437.0 156.0 554.0 0.0 0.0 1726483.0 861697.5 143260.0 3222.0 3206.0 1579.0 649.0 3661.0 0.0 2.0 0.0 2.0 12.0 0.0 0.0 0.0 0.0 0.0 0.0 0.0 0.0
8742.0 51648.0 29.0 303452.0 101553.0 178.0 543.0 0.0 0.0 1775037.0 890227.0 149783.0 3271.0 3241.0 1761.0 743.0 4206.0 0.0 1.0 0.0 0.0 18.0 0.0 0.0 0.0 0.0 0.0 0.0 0.0 0.0
8698.0 51123.0 34.0 299505.0 100056.0 179.0 626.0 1.0 0.0 1751501.0 876471.0 147200.0 3755.0 3746.0 1967.0 712.0 4119.0 13.0 1.0 5.0 2.0 14.0 0.0 0.0 0.0 0.0 0.0 0.0 0.0 0.0
8789.0 52254.0 32.0 308907.0 103646.0 155.0 548.0 2.0 0.0 1820138.0 914389.5 154627.0 3068.0 3227.0 1545.0 721.0 3631.0 30.0 1.0 24.0 3.0 8.0 0.0 0.0 0.0 0.0 0.0 0.0 0.0 0.0
8738.0 51792.0 31.0 306452.0 102492.0 154.0 583.0 0.0 0.0 1809182.0 909008.5 153046.0 3679.0 3528.0 1869.0 730.0 3647.0 0.0 1.0 0.0 1.0 8.0 0.0 0.0 0.0 0.0 0.0 0.0 0.0 0.0
8842.0 53246.0 35.0 319676.0 106761.0 169.0 645.0 1.0 0.0 1913022.0 958120.5 159145.0 3955.0 3866.0 1970.0 729.0 3994.0 13.0 0.0 14.0 4.0 10.0 0.0 0.0 0.0 0.0 0.0 0.0 0.0 0.0
8754.0 51471.0 39.0 302542.0 100858.0 136.0 675.0 0.0 0.0 1772168.0 888843.0 149641.0 3928.0 3918.0 1940.0 755.0 3117.0 0.0 2.0 0.0 0.0 12.0 0.0 0.0 0.0 0.0 0.0 0.0 0.0 0.0
8869.0 53182.0 40.0 318400.0 106004.0 167.0 666.0 0.0 0.0 1899583.0 950786.0 157589.0 3687.0 3869.0 1856.0 776.0 4039.0 0.0 0.0 0.0 0.0 18.0 0.0 0.0 0.0 0.0 0.0 0.0 0.0 0.0
8776.0 51842.0 34.0 306201.0 101184.0 157.0 619.0 0.0 0.0 1802382.0 896100.0 146317.0 3838.0 3711.0 1905.0 738.0 3726.0 0.0 0.0 0.0 2.0 18.0 0.0 0.0 0.0 0.0 0.0 0.0 0.0 0.0
8743.0 51800.0 35.0 306844.0 102565.0 149.0 608.0 0.0 0.0 1812906.0 911260.5 153501.0 3504.0 3572.0 1737.0 778.0 3473.0 0.0 2.0 0.0 1.0 4.0 0.0 0.0 0.0 0.0 0.0 0.0 0.0 0.0
8574.0 49626.0 36.0 287520.0 95737.0 135.0 617.0 1.0 0.0 1662397.0 832996.5 138787.0 3483.0 3581.0 1808.0 669.0 3199.0 15.0 1.0 5.0 0.0 8.0 0.0 0.0 0.0 0.0 0.0 0.0 0.0 0.0
8723.0 51268.0 40.0 300700.0 99582.0 160.0 690.0 0.0 0.0 1759887.0 875036.5 143400.0 3938.0 3986.0 1934.0 693.0 3641.0 0.0 1.0 0.0 1.0 20.0 0.0 0.0 0.0 0.0 0.0 0.0 0.0 0.0
8782.0 52225.0 21.0 309014.0 103285.0 167.0 388.0 1.0 0.0 1825171.0 912654.5 152356.0 2334.0 2309.0 1166.0 717.0 3877.0 17.0 0.0 8.0 1.0 4.0 0.0 0.0 0.0 0.0 0.0 0.0 0.0 0.0
8771.0 52113.0 36.0 309621.0 103765.0 173.0 606.0 2.0 0.0 1836891.0 924589.5 156309.0 3275.0 3483.0 1730.0 723.0 4164.0 26.0 4.0 20.0 1.0 20.0 0.0 0.0 0.0 0.0 0.0 0.0 0.0 0.0
8699.0 51339.0 26.0 302377.0 100946.0 137.0 495.0 0.0 0.0 1777025.0 889573.0 148522.0 3090.0 2799.0 1637.0 727.0 3104.0 0.0 0.0 0.0 1.0 6.0 0.0 0.0 0.0 0.0 0.0 0.0 0.0 0.0
8584.0 49556.0 29.0 285011.0 94655.0 155.0 481.0 0.0 0.0 1633718.0 813100.0 134712.0 2658.0 2782.0 1268.0 685.0 3610.0 0.0 2.0 0.0 4.0 10.0 0.0 0.0 0.0 0.0 0.0 0.0 0.0 0.0
8795.0 52280.0 35.0 310081.0 102873.0 156.0 636.0 0.0 0.0 1834940.0 912085.5 149347.0 3816.0 3797.0 1864.0 745.0 3731.0 0.0 0.0 0.0 2.0 10.0 0.0 0.0 0.0 0.0 0.0 0.0 0.0 0.0
8748.0 52134.0 31.0 310015.0 103598.0 151.0 541.0 0.0 0.0 1837808.0 922250.0 153117.0 3102.0 3210.0 1516.0 768.0 3627.0 0.0 2.0 0.0 3.0 6.0 0.0 0.0 0.0 0.0 0.0 0.0 0.0 0.0
8596.0 50029.0 37.0 291050.0 96524.0 147.0 638.0 1.0 0.0 1690915.0 842363.5 138656.0 3600.0 3651.0 1817.0 721.0 3382.0 11.0 1.0 10.0 1.0 10.0 0.0 0.0 0.0 0.0 0.0 0.0 0.0 0.0
8697.0 51399.0 28.0 303486.0 101462.0 153.0 473.0 1.0 0.0 1788681.0 898756.5 150686.0 2600.0 2743.0 1292.0 786.0 3679.0 7.0 2.0 14.0 2.0 10.0 0.0 0.0 0.0 0.0 0.0 0.0 0.0 0.0
8639.0 50644.0 38.0 297451.0 99266.0 131.0 686.0 3.0 0.0 1745795.0 877309.5 146443.0 4066.0 4024.0 2083.0 733.0 3175.0 37.0 3.0 37.0 0.0 20.0 0.0 0.0 0.0 0.0 0.0 0.0 0.0 0.0
8785.0 51862.0 36.0 305272.0 101032.0 162.0 591.0 0.0 0.0 1791904.0 890420.5 146088.0 3197.0 3472.0 1664.0 681.0 3827.0 0.0 1.0 0.0 1.0 20.0 0.0 0.0 0.0 0.0 0.0 0.0 0.0 0.0
8608.0 49932.0 41.0 289443.0 95726.0 162.0 699.0 0.0 0.0 1675647.0 831508.5 135592.0 3995.0 4129.0 1928.0 667.0 3782.0 0.0 1.0 0.0 4.0 22.0 0.0 0.0 0.0 0.0 0.0 0.0 0.0 0.0
8696.0 51024.0 39.0 298156.0 99139.0 135.0 632.0 0.0 0.0 1738912.0 865142.0 143428.0 3424.0 3673.0 1736.0 693.0 3148.0 0.0 3.0 0.0 1.0 16.0 0.0 0.0 0.0 0.0 0.0 0.0 0.0 0.0
8476.0 48500.0 22.0 276583.0 91947.0 121.0 372.0 1.0 0.0 1575010.0 783420.0 129502.0 2140.0 2058.0 1046.0 633.0 2765.0 9.0 0.0 9.0 0.0 8.0 0.0 0.0 0.0 0.0 0.0 0.0 0.0 0.0
8911.0 53872.0 32.0 324587.0 108825.0 177.0 543.0 0.0 0.0 1951296.0 979754.0 165071.0 3054.0 3275.0 1498.0 815.0 4360.0 0.0 0.0 0.0 2.0 18.0 0.0 0.0 0.0 0.0 0.0 0.0 0.0 0.0
8755.0 51804.0 31.0 306170.0 101548.0 153.0 549.0 0.0 0.0 1803469.0 899487.5 147636.0 3251.0 3247.0 1639.0 710.0 3581.0 0.0 1.0 0.0 0.0 12.0 0.0 0.0 0.0 0.0 0.0 0.0 0.0 0.0
8612.0 50126.0 33.0 290962.0 97233.0 124.0 547.0 0.0 0.0 1685428.0 844127.0 141793.0 3025.0 3171.0 1528.0 637.0 2911.0 0.0 0.0 0.0 1.0 18.0 0.0 0.0 0.0 0.0 0.0 0.0 0.0 0.0
8675.0 50759.0 40.0 297161.0 98491.0 157.0 710.0 0.0 0.0 1737818.0 865816.5 142219.0 4167.0 4251.0 2044.0 710.0 3685.0 0.0 5.0 0.0 2.0 12.0 0.0 0.0 0.0 0.0 0.0 0.0 0.0 0.0
8669.0 51122.0 37.0 300412.0 100670.0 127.0 646.0 1.0 0.0 1759165.0 884175.0 148529.0 3746.0 3871.0 1885.0 689.0 2983.0 14.0 2.0 12.0 1.0 14.0 0.0 0.0 0.0 0.0 0.0 0.0 0.0 0.0
8812.0 52947.0 40.0 318038.0 106770.0 190.0 718.0 2.0 0.0 1904601.0 961523.0 162413.0 4234.0 4418.0 2170.0 815.0 4680.0 22.0 3.0 33.0 1.0 14.0 0.0 0.0 0.0 0.0 0.0 0.0 0.0 0.0
8755.0 51846.0 41.0 306268.0 102052.0 142.0 727.0 1.0 0.0 1806517.0 902375.5 149841.0 4243.0 4246.0 2155.0 703.0 3241.0 10.0 3.0 12.0 1.0 18.0 0.0 0.0 0.0 0.0 0.0 0.0 0.0 0.0
8925.0 53952.0 39.0 325188.0 108853.0 165.0 742.0 0.0 0.0 1953929.0 983208.0 164795.0 4629.0 4430.0 2401.0 786.0 4034.0 0.0 2.0 0.0 0.0 20.0 0.0 0.0 0.0 0.0 0.0 0.0 0.0 0.0
8857.0 53246.0 26.0 319576.0 106732.0 184.0 491.0 0.0 0.0 1911380.0 961254.0 159996.0 3025.0 2960.0 1521.0 769.0 4315.0 0.0 1.0 0.0 2.0 18.0 0.0 0.0 0.0 0.0 0.0 0.0 0.0 0.0
8743.0 51604.0 32.0 303633.0 101285.0 154.0 539.0 0.0 0.0 1781558.0 890584.5 149208.0 2943.0 3136.0 1489.0 717.0 3671.0 0.0 0.0 0.0 0.0 8.0 0.0 0.0 0.0 0.0 0.0 0.0 0.0 0.0
8742.0 51726.0 23.0 305992.0 101585.0 158.0 441.0 0.0 0.0 1809696.0 901696.0 149014.0 2718.0 2691.0 1430.0 711.0 3705.0 0.0 0.0 0.0 2.0 10.0 0.0 0.0 0.0 0.0 0.0 0.0 0.0 0.0
8712.0 51883.0 34.0 308185.0 103496.0 178.0 622.0 0.0 0.0 1826955.0 919075.5 154743.0 3707.0 3701.0 1827.0 753.0 4348.0 0.0 0.0 0.0 0.0 20.0 0.0 0.0 0.0 0.0 0.0 0.0 0.0 0.0
8712.0 51504.0 41.0 304205.0 101393.0 156.0 761.0 0.0 0.0 1791533.0 896471.5 149470.0 4648.0 4425.0 2325.0 756.0 3689.0 0.0 4.0 0.0 3.0 20.0 0.0 0.0 0.0 0.0 0.0 0.0 0.0 0.0
8677.0 51107.0 32.0 300325.0 99906.0 126.0 552.0 1.0 0.0 1759124.0 879128.5 145259.0 3119.0 3263.0 1623.0 614.0 2990.0 13.0 1.0 16.0 1.0 8.0 0.0 0.0 0.0 0.0 0.0 0.0 0.0 0.0
8780.0 51873.0 43.0 305930.0 101521.0 154.0 804.0 0.0 0.0 1798865.0 896585.5 148961.0 5033.0 4709.0 2500.0 693.0 3661.0 0.0 2.0 0.0 0.0 14.0 0.0 0.0 0.0 0.0 0.0 0.0 0.0 0.0
8832.0 52624.0 30.0 312813.0 104219.0 156.0 502.0 0.0 0.0 1853887.0 927271.0 154375.0 2833.0 2953.0 1442.0 725.0 3620.0 0.0 0.0 0.0 0.0 8.0 0.0 0.0 0.0 0.0 0.0 0.0 0.0 0.0
