14109.0 1716851.0 37631.0 18151514.0 558966859.0 140.0 16783248.0 1029348.0 138684.0 97956074.0 2863925783.0 182323728714.0 624488213.0 79786397.0 6985498613.0 257.0 33259.0 675785760.0 20577039.0 43342356.0 0.0 3400.0 44665802.0 72837603.0 12396871.0 165.0 11884470.0 1832.0 1677098.0 490733.0
9202.0 151878.0 8967.0 2387537.0 3996686.0 103.0 818083.0 59323.0 11585.0 18571556.0 82299760.0 113434286.0 26377890.0 8552352.0 33014009.0 166.0 21726.0 5233065.0 755521.0 2786874.0 0.0 2108.0 283112.0 1729506.0 313788.0 141.0 256530.0 568.0 43024.0 13104.0
12109.0 755807.0 25226.0 11727018.0 90831799.0 84.0 7369526.0 610298.0 76026.0 65651710.0 1087268981.5 10614075068.0 358647458.0 47621207.0 1176505012.0 149.0 18568.0 210193422.0 8539142.0 25909381.0 0.0 1530.0 24996136.0 29684945.0 5235236.0 98.0 6132148.0 825.0 877943.0 209210.0
12521.0 869309.0 28615.0 13303659.0 118933608.0 161.0 8461667.0 854981.0 97733.0 74605630.0 1310948697.0 16057736897.0 403079920.0 53144975.0 1494508438.0 155.0 36649.0 240155361.0 9547150.0 33400673.0 0.0 3120.0 65260204.0 37578457.0 5853616.0 292.0 8561096.0 2029.0 1164994.0 323957.0
11103.0 1017224.0 16987.0 9689289.0 240154802.0 43.0 7033690.0 376789.0 32830.0 38571120.0 1502653395.5 52145411063.0 300986403.0 31186155.0 2274131576.0 30.0 13447.0 223475065.0 7300167.0 13246561.0 0.0 474.0 19972994.0 17635424.0 3242663.0 24.0 2774222.0 282.0 270724.0 55335.0
11701.0 702374.0 20858.0 10689483.0 84212979.0 103.0 6035336.0 459341.0 50204.0 57002278.0 1029477499.5 9527300710.0 306425079.0 40175691.0 974044888.0 73.0 21949.0 161707888.0 6709787.0 20781851.0 0.0 1630.0 19446932.0 20275715.0 3764394.0 101.0 3953195.0 910.0 522671.0 109662.0
10604.0 316668.0 16884.0 5802302.0 16134523.0 88.0 2640116.0 237003.0 41609.0 42297063.0 301995579.0 869171836.0 110567876.0 24250803.0 189748818.0 149.0 20986.0 37369019.0 2863984.0 11871696.0 0.0 2112.0 4118493.0 9697318.0 1659709.0 117.0 1897381.0 795.0 325690.0 99542.0
9726.0 414724.0 11061.0 4893980.0 57581015.0 48.0 2490111.0 130428.0 17257.0 23252098.0 504421402.5 8299631942.0 83371364.0 15570857.0 495210728.0 26.0 9093.0 40870646.0 2542611.0 5813415.0 0.0 544.0 2825511.0 5497925.0 902070.0 33.0 743006.0 265.0 98588.0 24938.0
14384.0 2520053.0 35901.0 18867476.0 1187818633.0 113.0 21422610.0 1242754.0 124807.0 83716675.0 3956454434.5 523895830158.0 585220690.0 73474010.0 12951727096.0 71.0 30418.0 1139485938.0 22774489.0 37450707.0 0.0 2368.0 84796278.0 79452595.0 14128400.0 137.0 13418681.0 1494.0 1652229.0 449120.0
10333.0 635792.0 14220.0 7079207.0 108214480.0 46.0 4351460.0 225579.0 27653.0 31641184.0 838466959.0 17743843405.0 174417547.0 22835108.0 1032206221.0 28.0 8823.0 97776063.0 4453082.0 9838684.0 0.0 506.0 5751196.0 11579125.0 1914499.0 31.0 1604381.0 343.0 193327.0 51420.0
10047.0 312507.0 12991.0 5084395.0 20880542.0 50.0 2188329.0 147592.0 23707.0 32247948.0 322977667.5 1462579660.0 90624746.0 18863740.0 212921736.0 59.0 10972.0 29307475.0 2294901.0 7776491.0 0.0 868.0 1838046.0 6093445.0 1069532.0 37.0 961675.0 358.0 149101.0 39020.0
11661.0 1133015.0 19424.0 12118783.0 219882663.0 53.0 8325932.0 639163.0 40552.0 45098586.0 1776345748.5 36511229823.0 475976944.0 37745755.0 2125898797.0 31.0 12904.0 334862223.0 8095897.0 19541326.0 0.0 556.0 50874156.0 22513519.0 4140696.0 28.0 4964340.0 388.0 513226.0 73477.0
12261.0 1092455.0 24692.0 12396948.0 222517702.0 88.0 9574001.0 690925.0 64015.0 56141888.0 1656521480.5 42940956190.0 414597790.0 47789916.0 2588215798.0 66.0 21615.0 356278572.0 11190584.0 23530015.0 0.0 1500.0 42444727.0 31269427.0 6068608.0 95.0 6435893.0 717.0 747467.0 147488.0
10750.0 656514.0 15408.0 7993371.0 100258129.0 53.0 4668090.0 325555.0 28747.0 37649272.0 898569359.5 14413987465.0 194832219.0 27030216.0 972343355.0 31.0 11091.0 136357830.0 4762824.0 11792574.0 0.0 648.0 17108974.0 11841475.0 2191896.0 39.0 2360519.0 369.0 258149.0 46328.0
10428.0 508070.0 14977.0 7551240.0 52662984.0 39.0 3712306.0 273275.0 33459.0 37807708.0 633503902.5 5634586251.0 188266721.0 23509821.0 510052959.0 45.0 8623.0 79438475.0 3265872.0 13090449.0 0.0 398.0 7397533.0 12177296.0 1949117.0 34.0 2030766.0 227.0 285968.0 79287.0
10040.0 308401.0 12050.0 5205478.0 17579009.0 71.0 2030954.0 134829.0 19729.0 32280107.0 313054714.5 939516001.0 95030544.0 17660148.0 165496966.0 58.0 14036.0 25635732.0 1959201.0 7702960.0 0.0 1274.0 1799920.0 5434048.0 921640.0 60.0 810634.0 420.0 123515.0 30746.0
12159.0 1790945.0 20482.0 12643489.0 653552270.0 76.0 11772831.0 882089.0 40235.0 42721869.0 2761793472.5 211523987088.0 306011622.0 40086040.0 5725377494.0 54.0 20326.0 629396967.0 11743678.0 16947534.0 0.0 1040.0 136274115.0 26810952.0 5273606.0 73.0 6111074.0 502.0 474448.0 70211.0
10205.0 383419.0 13706.0 5334931.0 34779537.0 66.0 2689499.0 234485.0 24637.0 29316684.0 416704081.5 3107445577.0 98635687.0 19330121.0 343932414.0 38.0 14647.0 53931667.0 2729446.0 8855010.0 0.0 784.0 7613422.0 6753078.0 1465875.0 46.0 1550674.0 327.0 210486.0 39597.0
10149.0 616180.0 12136.0 6065357.0 131828256.0 58.0 3753369.0 149753.0 18908.0 26702221.0 831752299.5 27446339179.0 115801409.0 19172122.0 1141703922.0 64.0 11783.0 70653669.0 3882696.0 6621396.0 0.0 762.0 2647299.0 8141108.0 1340579.0 58.0 907695.0 357.0 113423.0 27103.0
10942.0 601082.0 16417.0 8291773.0 83786370.0 75.0 4541424.0 263707.0 33786.0 43369239.0 842175929.5 12108489316.0 206836659.0 29300531.0 872455566.0 74.0 15358.0 98211332.0 4871130.0 13061873.0 0.0 1398.0 5759864.0 13384616.0 2381314.0 70.0 2011412.0 549.0 283500.0 64912.0
11993.0 1507828.0 19964.0 11132643.0 581869104.0 120.0 10243117.0 385364.0 44594.0 45513641.0 2386496711.5 201192587479.0 311374534.0 37339349.0 5427418500.0 236.0 24942.0 319407591.0 11266715.0 14110425.0 0.0 2798.0 15017926.0 27302475.0 4091779.0 158.0 3078774.0 1091.0 378625.0 97184.0
11876.0 776993.0 24082.0 10897820.0 121727917.0 82.0 6976374.0 489947.0 74855.0 60753657.0 1159682287.0 19400221444.0 315958157.0 42693254.0 1445807930.0 109.0 18722.0 177914407.0 7926152.0 23734240.0 0.0 1810.0 15102358.0 28454352.0 4345912.0 94.0 4749961.0 855.0 758997.0 226208.0
10941.0 681806.0 16768.0 8334923.0 109880214.0 47.0 5116046.0 335533.0 34893.0 40708744.0 933596467.5 17282307368.0 205506346.0 29068281.0 1134349987.0 20.0 10718.0 135799673.0 5568562.0 12954200.0 0.0 608.0 17585355.0 14461825.0 2514313.0 39.0 2577879.0 346.0 281707.0 67234.0
12205.0 1197326.0 24408.0 12298069.0 346211550.0 122.0 9759504.0 550093.0 72353.0 60907339.0 1841000896.0 99837798862.0 346368796.0 45350661.0 3697325229.0 186.0 26007.0 313827318.0 10374663.0 23219690.0 0.0 2468.0 17200879.0 34852223.0 5808514.0 157.0 5225565.0 1025.0 762862.0 213307.0
10573.0 524093.0 15046.0 7410849.0 59025708.0 61.0 3913752.0 228373.0 29769.0 38756912.0 688408696.0 6179507918.0 181901960.0 25738368.0 622944040.0 58.0 13779.0 78497735.0 4241377.0 11157713.0 0.0 982.0 5574426.0 11302135.0 1921223.0 49.0 1686207.0 427.0 221038.0 53647.0
10243.0 478453.0 15145.0 6666314.0 54911969.0 36.0 3546609.0 228995.0 33735.0 35071402.0 591515208.5 6353952240.0 153711751.0 23127483.0 563290012.0 40.0 8013.0 65450685.0 3626379.0 11386746.0 0.0 396.0 4409089.0 11275256.0 1765823.0 20.0 1711082.0 212.0 254096.0 72717.0
8722.0 160817.0 7330.0 2168874.0 7028597.0 28.0 766278.0 52501.0 8029.0 12448469.0 106650955.0 325505513.0 23270802.0 6693537.0 51733508.0 28.0 4385.0 6477214.0 649269.0 2129464.0 0.0 286.0 607227.0 1278443.0 230224.0 27.0 214184.0 125.0 30548.0 7628.0
9988.0 553097.0 12247.0 5992569.0 97738875.0 52.0 3545384.0 175246.0 20724.0 27393153.0 700024401.0 17383086849.0 121431264.0 18921443.0 881462576.0 66.0 10480.0 76206809.0 3516187.0 7248437.0 0.0 666.0 4307662.0 8339383.0 1484761.0 40.0 1144401.0 308.0 136982.0 32738.0
14177.0 1356677.0 41083.0 19788260.0 273861218.0 111.0 15346265.0 1249539.0 182286.0 108161371.0 2283182173.0 60096236135.0 783480506.0 80449538.0 3869930069.0 106.0 29786.0 584391952.0 16326147.0 58102794.0 0.0 2244.0 49338818.0 83600338.0 13652028.0 161.0 15652063.0 1761.0 2532972.0 820156.0
11330.0 783230.0 20114.0 10147459.0 122460678.0 70.0 6520400.0 407669.0 53005.0 48517103.0 1120643402.5 18785153737.0 318513701.0 35708921.0 1366225763.0 68.0 17369.0 178385735.0 6749135.0 18263075.0 0.0 914.0 11141826.0 23043530.0 3846173.0 65.0 3673731.0 593.0 531013.0 135260.0
10988.0 894809.0 15885.0 8350695.0 213747563.0 30.0 5898934.0 426551.0 28636.0 35304218.0 1307303679.5 46414603116.0 157353812.0 27545426.0 1974958422.0 39.0 5845.0 169562574.0 6574867.0 10976459.0 0.0 430.0 52863220.0 13435949.0 2229609.0 11.0 2783546.0 169.0 216557.0 46389.0
10895.0 583098.0 18144.0 8585369.0 66487919.0 70.0 4585342.0 441174.0 42595.0 45993985.0 761663536.5 7467434248.0 207415058.0 30345461.0 707528946.0 26.0 15085.0 98382493.0 4738310.0 17072113.0 0.0 920.0 31347167.0 14779214.0 2517350.0 99.0 3471187.0 573.0 403326.0 93638.0
9709.0 271933.0 12155.0 4512497.0 13872261.0 54.0 1882325.0 153314.0 22462.0 28186202.0 243036135.0 684798489.0 79011445.0 16087801.0 136608483.0 42.0 10126.0 24124042.0 1849665.0 7310159.0 0.0 918.0 2703449.0 5396019.0 902408.0 71.0 1011328.0 299.0 144060.0 39471.0
9429.0 437780.0 9921.0 4384635.0 81360181.0 62.0 2380860.0 91594.0 14345.0 20399667.0 539847598.5 14986193985.0 65541989.0 13071540.0 640119515.0 24.0 17779.0 31135356.0 2328002.0 4400955.0 0.0 786.0 933875.0 4941437.0 655438.0 90.0 468325.0 356.0 70488.0 19274.0
9234.0 209516.0 9662.0 3160028.0 11410273.0 35.0 1269794.0 81123.0 14644.0 20385942.0 165822531.5 771785920.0 44076645.0 11026546.0 106591446.0 22.0 5432.0 12048422.0 1283864.0 3945361.0 0.0 414.0 665115.0 3028762.0 488762.0 21.0 439965.0 177.0 67764.0 20749.0
10763.0 639502.0 15928.0 8278578.0 93053221.0 70.0 4769177.0 286840.0 33190.0 40909660.0 877322702.5 13247744046.0 218772536.0 28004135.0 954053422.0 64.0 16752.0 112662405.0 5041189.0 12570903.0 0.0 1070.0 10458682.0 13932434.0 2326759.0 71.0 2200880.0 611.0 268791.0 65696.0
11152.0 1122590.0 16927.0 9751679.0 260085733.0 33.0 7245257.0 759688.0 31373.0 34300396.0 1563269084.5 51822310676.0 241713082.0 29834929.0 2206141897.0 16.0 12047.0 363409012.0 6259677.0 13771282.0 0.0 256.0 95433510.0 15726192.0 3570579.0 21.0 4955443.0 209.0 484484.0 50379.0
11849.0 712048.0 23593.0 10518145.0 96934683.0 136.0 6536410.0 486644.0 69162.0 59313369.0 1020894690.5 13799006478.0 300362965.0 42418841.0 1179996523.0 150.0 32249.0 164543097.0 7375338.0 22772507.0 0.0 2612.0 13456208.0 25946063.0 4487812.0 200.0 4644479.0 1536.0 729878.0 191157.0
10954.0 744534.0 15907.0 7977315.0 161938064.0 63.0 5260512.0 246517.0 30137.0 39621497.0 1067929984.5 34822512148.0 176846430.0 27740405.0 1615017255.0 83.0 10994.0 120989174.0 5988147.0 10874032.0 0.0 1022.0 6383613.0 13495537.0 2308574.0 45.0 1759438.0 401.0 214185.0 52130.0
11384.0 692211.0 20635.0 9345670.0 116789975.0 38.0 5780598.0 390106.0 58016.0 51714527.0 967413706.0 21707942217.0 230449346.0 34626388.0 1301056742.0 44.0 7159.0 139534184.0 6038963.0 18726000.0 0.0 492.0 10320068.0 21551797.0 3448874.0 25.0 3454127.0 277.0 540917.0 165676.0
9887.0 289850.0 11973.0 4608618.0 19479368.0 78.0 1983335.0 128825.0 20608.0 29498457.0 286304734.0 1469685273.0 76484051.0 16784781.0 198932795.0 68.0 13487.0 25852231.0 2089802.0 6459524.0 0.0 1124.0 1650507.0 5337245.0 958859.0 88.0 791844.0 474.0 115627.0 33837.0
11669.0 687185.0 22839.0 10601614.0 73401233.0 80.0 6026229.0 722406.0 65117.0 57122733.0 922213594.0 7178499913.0 298247224.0 38240333.0 829565819.0 52.0 19817.0 172112391.0 5909808.0 25378783.0 0.0 1012.0 48137612.0 22482788.0 3859594.0 104.0 6437337.0 734.0 899951.0 173257.0
9774.0 357689.0 12454.0 5441782.0 29199408.0 41.0 2464080.0 162480.0 26467.0 29683404.0 392338351.5 2385942265.0 114362560.0 17434637.0 278786245.0 32.0 8438.0 36654294.0 2331621.0 8467107.0 0.0 574.0 3128603.0 7937411.0 958985.0 45.0 1153678.0 299.0 174124.0 58882.0
11044.0 540970.0 18068.0 8490445.0 55416246.0 49.0 4376293.0 312112.0 42624.0 47530078.0 729126131.5 5611435320.0 218463462.0 30915747.0 613542114.0 36.0 11427.0 85924481.0 4609118.0 16423750.0 0.0 740.0 6612903.0 14849055.0 2507853.0 35.0 2513037.0 361.0 415827.0 93960.0
11108.0 896627.0 16917.0 10110012.0 166241806.0 53.0 6393357.0 408809.0 34231.0 41881836.0 1320303092.0 28865387602.0 323552634.0 31299750.0 1581860744.0 32.0 12372.0 212493866.0 6014856.0 15475659.0 0.0 664.0 21073236.0 17355518.0 3235436.0 48.0 3078174.0 380.0 361131.0 62423.0
12009.0 941602.0 23819.0 12203476.0 160474218.0 120.0 8278974.0 629698.0 66456.0 59320373.0 1431655737.5 26586458936.0 400006347.0 44785967.0 1866148826.0 78.0 29362.0 270946567.0 8627175.0 25226439.0 0.0 1818.0 26170459.0 29900533.0 5655978.0 146.0 5835966.0 1007.0 798077.0 176125.0
13926.0 3928283.0 26083.0 19228792.0 2365615481.0 62.0 24604922.0 1409184.0 55397.0 51740927.0 6278260960.0 1.24250007352e+12 956028825.0 55569279.0 19278414940.0 29.0 21560.0 1942884869.0 21013609.0 22224595.0 0.0 932.0 220576951.0 57105436.0 11317992.0 49.0 10899644.0 516.0 893698.0 106997.0
10182.0 564546.0 12657.0 5776238.0 112627267.0 82.0 3627236.0 141984.0 20151.0 26975438.0 747609478.0 22198411310.0 106155852.0 19375343.0 1053834394.0 88.0 16497.0 62049727.0 4216770.0 6405794.0 0.0 1222.0 2382241.0 8114819.0 1173255.0 87.0 876632.0 490.0 109736.0 27439.0
9859.0 324515.0 11841.0 4720903.0 29969231.0 71.0 2163526.0 131060.0 20011.0 28568161.0 345523170.0 3254548353.0 79901785.0 16418729.0 296063975.0 62.0 13616.0 29043986.0 2266618.0 6728143.0 0.0 950.0 1524571.0 5563780.0 962066.0 61.0 784840.0 436.0 119818.0 31706.0
10802.0 536937.0 16972.0 7434342.0 62716516.0 75.0 4247808.0 327265.0 37549.0 39549005.0 669892281.5 7312070259.0 177820827.0 27445596.0 686846025.0 99.0 14635.0 99967584.0 4504410.0 13110790.0 0.0 924.0 10887984.0 12862392.0 2530467.0 83.0 2614225.0 495.0 355913.0 77594.0
11140.0 1328927.0 16071.0 10076499.0 443198592.0 91.0 7849027.0 485718.0 32358.0 37944329.0 2036841139.5 129495236666.0 218805463.0 28963151.0 3530632579.0 121.0 24577.0 297914558.0 7329950.0 12151514.0 0.0 1484.0 71421848.0 18667893.0 2753260.0 140.0 3123768.0 825.0 241503.0 66491.0
10035.0 396379.0 13483.0 5860041.0 35637057.0 80.0 2807209.0 193015.0 25694.0 32037907.0 459370141.0 3082692373.0 119938342.0 20380742.0 361126872.0 77.0 17247.0 45327750.0 2971317.0 9007003.0 0.0 1178.0 5773935.0 7931749.0 1291313.0 78.0 1325529.0 489.0 168145.0 44396.0
12668.0 3128558.0 19961.0 14968219.0 1633940904.0 52.0 17845778.0 1153539.0 34170.0 37891447.0 4750965521.0 701952124023.0 579076610.0 40433558.0 12504016170.0 44.0 16011.0 1299941982.0 15467664.0 13880800.0 0.0 680.0 270979585.0 33589492.0 6806003.0 31.0 7262572.0 347.0 417139.0 51024.0
9369.0 209130.0 9989.0 3156360.0 10932563.0 69.0 1256890.0 87939.0 13944.0 20479660.0 167150599.0 658691578.0 41506857.0 11304663.0 101629390.0 62.0 10556.0 13562395.0 1303265.0 3933532.0 0.0 942.0 1067781.0 2720655.0 498421.0 62.0 458510.0 327.0 62840.0 17008.0
12268.0 1302950.0 24547.0 12684747.0 368922262.0 94.0 10448663.0 638437.0 68911.0 54707331.0 2039932934.5 102556888152.0 438572402.0 45305386.0 3862135951.0 34.0 23010.0 363372327.0 11109012.0 23187627.0 0.0 1492.0 28588617.0 35749807.0 5732264.0 130.0 5981042.0 999.0 833793.0 179085.0
9610.0 199278.0 12080.0 3338243.0 7250567.0 154.0 1339750.0 119130.0 23213.0 24920165.0 140105220.5 292220950.0 46721455.0 13385550.0 71529885.0 175.0 29827.0 12120331.0 1411177.0 5610823.0 0.0 2788.0 1151922.0 3828120.0 717968.0 320.0 753947.0 1132.0 134477.0 41206.0
10982.0 1098671.0 16868.0 9288600.0 262767287.0 31.0 7316997.0 690569.0 31817.0 32973911.0 1489635436.5 55227588170.0 228492840.0 29134068.0 2344711042.0 15.0 7295.0 325173473.0 6726131.0 12916151.0 0.0 310.0 83975465.0 16169173.0 3703637.0 12.0 4673601.0 170.0 453513.0 51732.0
11548.0 540848.0 22715.0 9467325.0 47529168.0 186.0 5172999.0 405611.0 69590.0 60622496.0 706993459.0 4223451715.0 249082266.0 39542918.0 616237054.0 138.0 44691.0 103425736.0 5939081.0 21293660.0 0.0 4458.0 8315548.0 22342329.0 3602481.0 421.0 3859816.0 2280.0 660459.0 205852.0
9515.0 251426.0 10907.0 3715422.0 18415980.0 92.0 1613780.0 103920.0 18387.0 24057776.0 228827550.5 1692766332.0 53663540.0 13321861.0 178028571.0 65.0 17905.0 17898194.0 1698886.0 5036986.0 0.0 1644.0 1066682.0 4217168.0 668661.0 97.0 587274.0 678.0 91382.0 30042.0
13383.0 2409368.0 27404.0 16923646.0 1154114512.0 87.0 17131653.0 942094.0 76146.0 64385161.0 4003328123.5 506145387702.0 518775684.0 56279526.0 10643539598.0 55.0 22542.0 900336714.0 16318027.0 27917166.0 0.0 1320.0 73607527.0 52666458.0 9093424.0 75.0 8319019.0 924.0 982120.0 214994.0
12587.0 1235692.0 24901.0 14236086.0 259318026.0 86.0 10622281.0 706763.0 62740.0 62071483.0 2048647172.0 50073432065.0 557246652.0 51152750.0 2976153741.0 107.0 21762.0 407152411.0 11754645.0 26343088.0 0.0 1348.0 36763682.0 34404905.0 6697032.0 83.0 6475654.0 772.0 787562.0 143302.0
11202.0 476671.0 20386.0 8615527.0 35783997.0 115.0 4375873.0 341106.0 61413.0 53181518.0 578581924.5 2811242499.0 220789514.0 32911653.0 444726477.0 81.0 25839.0 78254047.0 4556938.0 19090368.0 0.0 2122.0 6138161.0 19295928.0 2879078.0 168.0 3163942.0 1338.0 540775.0 190757.0
13291.0 1474588.0 30187.0 16673014.0 343746679.0 88.0 13598008.0 980716.0 93319.0 74049874.0 2478596807.5 75226540844.0 694593229.0 62064805.0 4158867407.0 85.0 24023.0 576834238.0 15024605.0 34449080.0 0.0 1592.0 60233475.0 51435407.0 9249123.0 100.0 9983320.0 1042.0 1259130.0 277092.0
11932.0 554712.0 25551.0 10631764.0 42486163.0 164.0 5612806.0 479910.0 82695.0 71776141.0 740805048.0 3203405180.0 294925905.0 45900573.0 577881985.0 105.0 36621.0 106541338.0 6706423.0 27303802.0 0.0 3356.0 11164950.0 26092866.0 3909057.0 266.0 4833370.0 1809.0 809773.0 248481.0
11764.0 607452.0 23975.0 9041705.0 68606708.0 145.0 5759974.0 604140.0 66289.0 54117522.0 770025985.5 8009832975.0 200993906.0 41061437.0 885340544.0 131.0 30924.0 159248794.0 7212681.0 20755310.0 0.0 2924.0 30246865.0 20292235.0 4211974.0 195.0 5722364.0 1508.0 772556.0 164692.0
10639.0 538106.0 15614.0 7723719.0 57728440.0 59.0 3996498.0 300746.0 31964.0 39179531.0 700508074.5 5665016697.0 194316387.0 26336467.0 584431866.0 38.0 13876.0 92605048.0 3943392.0 12931926.0 0.0 588.0 10581767.0 11602341.0 2115153.0 64.0 2247184.0 431.0 295173.0 59005.0
12426.0 1969141.0 21493.0 14000690.0 748906726.0 32.0 13327861.0 721383.0 45623.0 46436322.0 3162411948.5 251131493140.0 550047248.0 43297758.0 6749594630.0 30.0 4580.0 690965286.0 12638013.0 18188295.0 0.0 582.0 63162826.0 33491530.0 6321449.0 15.0 5690202.0 213.0 545933.0 89164.0
10968.0 758682.0 17282.0 9621818.0 111557001.0 68.0 5781029.0 407793.0 39884.0 43313741.0 1069714302.5 14967228997.0 297001277.0 30346910.0 1133797630.0 100.0 13548.0 167168248.0 5466934.0 15891039.0 0.0 1116.0 19261229.0 18051138.0 3134878.0 93.0 3319556.0 640.0 403713.0 88172.0
11724.0 819122.0 22216.0 11527033.0 118245110.0 84.0 7200405.0 525623.0 60838.0 57689290.0 1215937547.5 16824448099.0 370487807.0 41480001.0 1372254152.0 65.0 21361.0 213327656.0 7312506.0 23136742.0 0.0 1428.0 17837533.0 26422238.0 4881148.0 105.0 4883295.0 822.0 678126.0 156259.0
11919.0 846414.0 24200.0 12207998.0 115570927.0 70.0 7590457.0 730498.0 73519.0 60818086.0 1215925076.5 15350948878.0 390753027.0 42607029.0 1301336159.0 39.0 15305.0 267273146.0 6992566.0 28086019.0 0.0 1086.0 37768887.0 30217741.0 5107303.0 109.0 6805029.0 780.0 1001275.0 217456.0
11448.0 1212997.0 18015.0 11209652.0 360306484.0 68.0 8248724.0 398462.0 38224.0 45450002.0 1900475296.0 103129577131.0 352201241.0 34159903.0 3268672876.0 12.0 18739.0 261739591.0 7884679.0 16208653.0 0.0 1044.0 14390838.0 22253918.0 3871588.0 75.0 3120333.0 492.0 386595.0 76372.0
12419.0 2619036.0 20082.0 13563386.0 1489014047.0 38.0 15287372.0 573977.0 40351.0 41555467.0 4065442996.0 728852191028.0 379520553.0 39715435.0 11823538956.0 16.0 8557.0 720002716.0 14275807.0 14382489.0 0.0 444.0 47447290.0 33750929.0 5605436.0 35.0 4201475.0 259.0 370857.0 78074.0
11581.0 1032817.0 19288.0 10409673.0 244015075.0 63.0 7627453.0 471095.0 41695.0 45957231.0 1562195712.5 52940599385.0 290448758.0 35805494.0 2444570814.0 59.0 14408.0 259240779.0 8195342.0 16007515.0 0.0 978.0 35189226.0 21159045.0 3684875.0 64.0 3714233.0 503.0 381266.0 83918.0
9314.0 195075.0 9388.0 3151717.0 7637609.0 47.0 1108770.0 82910.0 13280.0 21645082.0 142504111.0 325975782.0 41024506.0 10519032.0 64944879.0 39.0 8514.0 9713929.0 1014590.0 3990775.0 0.0 736.0 966892.0 2599128.0 414600.0 49.0 423022.0 188.0 59792.0 18949.0
11081.0 644351.0 17683.0 9399842.0 80667609.0 71.0 5173617.0 316951.0 41478.0 48297001.0 909333718.0 9911590390.0 268468358.0 31974525.0 882502293.0 72.0 16559.0 117946299.0 5307244.0 16327431.0 0.0 964.0 7227289.0 17379085.0 2967407.0 65.0 2604365.0 576.0 379618.0 95778.0
14784.0 4822583.0 29531.0 21556410.0 3157927141.0 67.0 30276964.0 2339540.0 61983.0 54957041.0 7477918663.0 1.79366556498e+12 647011124.0 64657484.0 25818938659.0 30.0 26574.0 2998569720.0 25740733.0 25248985.0 0.0 792.0 593408333.0 67278879.0 14861792.0 75.0 16655204.0 471.0 1248705.0 113143.0
13161.0 1254013.0 29785.0 16615421.0 230150427.0 115.0 12040565.0 894284.0 91791.0 78087106.0 2106275756.5 39628627822.0 695719877.0 61631097.0 2845481423.0 124.0 30647.0 468919817.0 12625766.0 37385287.0 0.0 1956.0 40969132.0 47936870.0 9033225.0 169.0 9271901.0 1185.0 1321879.0 264448.0
10754.0 534496.0 16762.0 7770738.0 62468850.0 106.0 4125565.0 280851.0 38395.0 42353971.0 701416462.0 7375120113.0 189119541.0 27464345.0 668407932.0 113.0 26437.0 82341344.0 4241871.0 13849800.0 0.0 1730.0 6879290.0 13468868.0 2252837.0 145.0 2193179.0 971.0 312406.0 86291.0
11062.0 508545.0 20172.0 8214491.0 51658478.0 144.0 4476849.0 364715.0 56233.0 50137739.0 631304497.0 5978947538.0 200363763.0 32232638.0 615108502.0 52.0 30417.0 89843601.0 4756673.0 18735070.0 0.0 2692.0 7224674.0 17369211.0 3022227.0 266.0 3200094.0 1445.0 545273.0 149442.0
15615.0 5442764.0 34733.0 23430300.0 3490713064.0 82.0 36053021.0 3008234.0 84539.0 61548681.0 8627464585.5 1.82344649085e+12 1184802831.0 74077166.0 30320480103.0 76.0 22863.0 3517899656.0 33010327.0 29730431.0 0.0 1204.0 976858852.0 90913680.0 16679171.0 60.0 22914421.0 746.0 1781985.0 187170.0
13870.0 1717278.0 36384.0 17980197.0 560339103.0 177.0 16188481.0 998733.0 137185.0 91489348.0 2935637436.0 182454235476.0 678390812.0 74643983.0 6626943310.0 229.0 42847.0 629303351.0 18647820.0 42105882.0 0.0 4566.0 42845497.0 72419549.0 10945187.0 281.0 11616560.0 2656.0 1761664.0 493739.0
12348.0 1334436.0 23701.0 12744618.0 392313112.0 142.0 10517014.0 597212.0 59053.0 57633044.0 2123641691.0 110266799999.0 397936891.0 46483147.0 4136044139.0 230.0 35456.0 375069593.0 12039831.0 22102329.0 0.0 3232.0 30959819.0 32167715.0 5598334.0 261.0 5274368.0 1341.0 618766.0 135339.0
13494.0 2375809.0 28571.0 17785752.0 896574509.0 55.0 18250029.0 1233280.0 75576.0 63015603.0 3946794523.5 298017707758.0 862676381.0 58822610.0 9031918288.0 18.0 15487.0 1045177848.0 17930592.0 29129002.0 0.0 924.0 142530242.0 55047263.0 10519376.0 54.0 10993691.0 518.0 1077138.0 188404.0
12249.0 2203983.0 20530.0 11749237.0 1180527668.0 112.0 13702347.0 451768.0 42384.0 42120735.0 3301099782.0 541746631654.0 289517928.0 38755254.0 10084739010.0 149.0 24820.0 489966914.0 14535528.0 12426559.0 0.0 2030.0 23894123.0 32123101.0 4943099.0 126.0 3523631.0 925.0 362062.0 79647.0
10601.0 475157.0 15678.0 6916706.0 57115388.0 108.0 3559478.0 213247.0 33158.0 40736313.0 611150083.5 7597038119.0 149431289.0 25293714.0 594602155.0 93.0 22452.0 61584782.0 3849445.0 11481404.0 0.0 1800.0 3332703.0 11027308.0 1789496.0 140.0 1591656.0 785.0 239470.0 65757.0
11739.0 859165.0 21807.0 11047917.0 154656897.0 92.0 7110029.0 477815.0 57698.0 56419017.0 1307684393.5 28104315032.0 323069312.0 40191538.0 1701158416.0 176.0 21439.0 206265533.0 7525712.0 21670199.0 0.0 1550.0 15776843.0 24802010.0 4396883.0 92.0 4186994.0 841.0 579537.0 145616.0
11085.0 1496466.0 14876.0 8101782.0 714640861.0 73.0 8324049.0 201537.0 24218.0 28776978.0 2234627488.5 285223019603.0 121913874.0 24685116.0 5720418466.0 79.0 22060.0 171398964.0 9015136.0 6830868.0 0.0 1068.0 3942182.0 16125797.0 1990169.0 43.0 1235307.0 404.0 154540.0 35476.0
10358.0 386730.0 14103.0 5617655.0 35524944.0 43.0 2785482.0 189450.0 27543.0 31872239.0 442204591.0 3329469271.0 109129231.0 20858555.0 366101410.0 36.0 9027.0 47714513.0 2958570.0 8477364.0 0.0 642.0 3937603.0 7862421.0 1415875.0 36.0 1334089.0 266.0 182571.0 51633.0
11323.0 869588.0 18001.0 8849494.0 228579608.0 107.0 6094276.0 281055.0 37708.0 44069428.0 1335021585.0 58811985611.0 195137919.0 31994322.0 2210284083.0 94.0 24596.0 133442918.0 6920755.0 13483512.0 0.0 1910.0 5642894.0 16698679.0 2658366.0 122.0 2085348.0 869.0 295975.0 73630.0
11350.0 524668.0 20591.0 9166872.0 46494376.0 125.0 4744756.0 359681.0 55817.0 57643502.0 684305902.0 4287908218.0 240664605.0 35527130.0 577186173.0 133.0 28575.0 89408137.0 5311928.0 20336809.0 0.0 2562.0 6637196.0 18854718.0 3016762.0 227.0 3132617.0 1223.0 567775.0 144451.0
12561.0 1697248.0 24859.0 12842682.0 747599325.0 125.0 12356505.0 492733.0 72443.0 62158560.0 2628709139.0 297867057608.0 318577975.0 46513979.0 7273851567.0 114.0 30064.0 374380147.0 13285672.0 21545050.0 0.0 2258.0 11828108.0 40655866.0 5932219.0 204.0 4621762.0 1392.0 667064.0 218984.0
9713.0 265923.0 11116.0 4159633.0 17576059.0 86.0 1655444.0 113384.0 16871.0 26774471.0 253756964.0 1345732052.0 63134223.0 14436084.0 163733349.0 44.0 16525.0 20310692.0 1624020.0 5782973.0 0.0 1266.0 1496896.0 3957537.0 719098.0 84.0 615997.0 520.0 89676.0 22514.0
12392.0 1659078.0 22604.0 13358559.0 608622014.0 59.0 11745910.0 667804.0 52212.0 54074265.0 2685509359.5 205435384538.0 375871538.0 45066358.0 5740586353.0 57.0 17054.0 496003002.0 12176652.0 20943246.0 0.0 934.0 58507238.0 32451571.0 5703811.0 49.0 5371769.0 525.0 552478.0 113242.0
11473.0 735208.0 20295.0 10570155.0 100513006.0 81.0 6166642.0 471761.0 51309.0 54226216.0 1045743912.5 14252875702.0 320677171.0 36417341.0 1107910407.0 39.0 20376.0 175651375.0 5939347.0 21286244.0 0.0 960.0 15386810.0 21447856.0 4020930.0 125.0 4068452.0 713.0 597229.0 122729.0
11238.0 601472.0 19967.0 9714989.0 57757541.0 51.0 5113616.0 491154.0 52493.0 51418489.0 790789616.5 5291828633.0 275213152.0 33044463.0 640957288.0 58.0 11440.0 132280258.0 4559008.0 21885401.0 0.0 784.0 17992951.0 18783256.0 3517623.0 57.0 4206513.0 460.0 609846.0 135822.0
11632.0 579579.0 20824.0 9878639.0 54230573.0 114.0 5147591.0 359860.0 51631.0 58594730.0 817068540.0 4768247048.0 267568950.0 39401466.0 666763949.0 149.0 23626.0 106904309.0 6009977.0 19832001.0 0.0 2114.0 7437261.0 18601347.0 3270739.0 115.0 3115932.0 934.0 489784.0 119206.0
12326.0 2746700.0 18332.0 13783922.0 1370305749.0 21.0 15510429.0 771226.0 29753.0 32744588.0 4282004778.0 572062282143.0 613316234.0 37206105.0 10513477821.0 12.0 7036.0 995408338.0 13842487.0 11975151.0 0.0 238.0 115968031.0 28706701.0 5479159.0 7.0 4918287.0 96.0 306429.0 43179.0
10770.0 600403.0 16784.0 8153422.0 79817863.0 69.0 4612932.0 358639.0 37084.0 42611307.0 784301231.5 10515241927.0 192289478.0 28186566.0 831515405.0 64.0 14083.0 124962629.0 4525098.0 14257015.0 0.0 1122.0 15856251.0 13887258.0 2729523.0 65.0 2787969.0 584.0 350707.0 77902.0
8822.0 134476.0 7552.0 1903388.0 4060768.0 58.0 628006.0 45663.0 8460.0 12930514.0 71930704.5 142364730.0 18812048.0 5875108.0 30514058.0 42.0 8644.0 4193299.0 515405.0 1881819.0 0.0 888.0 265598.0 1137231.0 201700.0 37.0 174776.0 233.0 28307.0 8609.0
11549.0 1097391.0 18656.0 10457059.0 258214781.0 89.0 8098438.0 401022.0 37587.0 42382353.0 1699056987.5 52723668374.0 360551718.0 35464065.0 2635144253.0 138.0 25845.0 266110208.0 9191394.0 14122790.0 0.0 1878.0 21022964.0 21375797.0 3652041.0 98.0 3178788.0 700.0 328763.0 66086.0
9320.0 197491.0 10029.0 3315004.0 7113805.0 53.0 1256632.0 94339.0 17374.0 22678314.0 139076733.0 257840034.0 50674504.0 11206679.0 65246283.0 13.0 9705.0 11980173.0 1117011.0 4824132.0 0.0 912.0 875202.0 3635517.0 540486.0 60.0 571015.0 286.0 94603.0 31277.0
10756.0 525210.0 17233.0 7576907.0 62242038.0 88.0 4222784.0 316304.0 39572.0 42323840.0 662107725.5 7984593371.0 173051254.0 28205012.0 686728224.0 80.0 18680.0 95228023.0 4419269.0 14043525.0 0.0 1498.0 7848678.0 13438209.0 2614929.0 103.0 2535424.0 719.0 368640.0 84477.0
10525.0 422822.0 15872.0 6981700.0 35686253.0 101.0 3332393.0 223316.0 38614.0 41758651.0 503687426.0 3131875146.0 161878556.0 24349966.0 386310970.0 114.0 21004.0 51959152.0 3320969.0 12783027.0 0.0 2096.0 3038924.0 12317064.0 1731293.0 197.0 1749945.0 955.0 314886.0 97690.0
12510.0 1417298.0 24597.0 14299031.0 352635625.0 48.0 11549782.0 761707.0 65324.0 57777725.0 2285900372.5 79342040711.0 580076016.0 48609049.0 3747429488.0 98.0 15363.0 505293871.0 11519121.0 25012015.0 0.0 742.0 48726752.0 37715916.0 7036481.0 39.0 7004535.0 357.0 807622.0 166831.0
12904.0 1232865.0 27725.0 14866743.0 280308483.0 171.0 11183345.0 737858.0 81704.0 74941708.0 2031372279.0 63063218816.0 511906523.0 57007890.0 3350681152.0 184.0 51367.0 407513956.0 12679193.0 30615443.0 0.0 3808.0 34200792.0 41530845.0 7552102.0 278.0 7354872.0 1923.0 944450.0 229876.0
9539.0 237602.0 11368.0 3870617.0 11627328.0 77.0 1566385.0 141071.0 19187.0 24754906.0 200358627.5 587250554.0 58444922.0 14066944.0 110107649.0 61.0 14394.0 20009581.0 1539389.0 6201959.0 0.0 1044.0 2634120.0 4040747.0 745014.0 118.0 871865.0 462.0 123047.0 30137.0
10322.0 352303.0 15124.0 5747994.0 23394977.0 74.0 2726319.0 280735.0 32844.0 35828786.0 347798516.5 1601010613.0 114349776.0 20752533.0 247801178.0 74.0 15458.0 53701004.0 2498288.0 11683408.0 0.0 1210.0 8019372.0 8480727.0 1770161.0 75.0 2114710.0 461.0 315375.0 67620.0
11826.0 922221.0 20717.0 11621591.0 154861987.0 95.0 7606259.0 506664.0 49518.0 53808701.0 1412558066.5 24051709286.0 389152315.0 40281377.0 1715053943.0 30.0 22252.0 252085729.0 8064304.0 20083506.0 0.0 1394.0 24138131.0 24138446.0 4403540.0 124.0 4446073.0 705.0 533441.0 108681.0
11017.0 499477.0 17312.0 7505713.0 56462086.0 109.0 3955143.0 235697.0 37657.0 44560114.0 666226356.5 6685962957.0 168435829.0 29271895.0 640423828.0 194.0 25451.0 68460279.0 4762590.0 12314038.0 0.0 2202.0 4501803.0 12659970.0 2003044.0 112.0 1805273.0 890.0 258382.0 76095.0
12198.0 900993.0 24080.0 12172961.0 139225763.0 51.0 8043177.0 655748.0 67207.0 59414503.0 1345440557.5 20711726103.0 397736855.0 44753499.0 1622618457.0 36.0 13339.0 275327477.0 8232200.0 25243446.0 0.0 790.0 31644284.0 29290540.0 5499121.0 32.0 6145933.0 354.0 847600.0 179309.0
10611.0 344342.0 16085.0 5866216.0 24644610.0 112.0 2779539.0 189431.0 36230.0 41471571.0 366562317.0 2093626696.0 111342346.0 24287815.0 296082890.0 164.0 25597.0 37739310.0 3334488.0 10274559.0 0.0 2692.0 1993179.0 9444327.0 1513055.0 172.0 1391475.0 1039.0 240558.0 76094.0
11759.0 539813.0 22933.0 10023199.0 45109397.0 109.0 5216479.0 389031.0 71135.0 65673027.0 714347375.5 4009247144.0 270101189.0 40820862.0 589763422.0 119.0 24311.0 97946489.0 5791600.0 22837192.0 0.0 1778.0 6453216.0 23707464.0 3621261.0 144.0 3756484.0 1181.0 637718.0 226787.0
12000.0 773075.0 24367.0 11631701.0 99817610.0 68.0 7182472.0 486850.0 70894.0 61338095.0 1165884817.5 12187114190.0 378432234.0 45841981.0 1250657478.0 25.0 16579.0 184650557.0 8256120.0 24951043.0 0.0 784.0 12430386.0 28489706.0 4690843.0 71.0 4699589.0 552.0 722286.0 190166.0
12762.0 1193947.0 27366.0 15339309.0 238540302.0 104.0 10784507.0 706870.0 83541.0 72357990.0 2015423273.0 45676822567.0 596615305.0 54913597.0 2810370179.0 100.0 27583.0 376231495.0 11089179.0 32870242.0 0.0 1804.0 26217533.0 42608567.0 7311862.0 134.0 7128255.0 1279.0 1015809.0 248100.0
10265.0 386131.0 14196.0 5572181.0 37022296.0 75.0 2890804.0 190408.0 27605.0 32220001.0 432034639.0 3782914306.0 108926370.0 21071248.0 405094762.0 83.0 15953.0 49800744.0 3297406.0 8721968.0 0.0 1094.0 3299217.0 8121332.0 1474574.0 106.0 1355766.0 531.0 195255.0 49528.0
11192.0 698308.0 17973.0 9524350.0 93825267.0 66.0 5371688.0 460164.0 41018.0 46663498.0 965295778.0 12302986981.0 260045601.0 31196271.0 958153260.0 80.0 14452.0 159333471.0 4972854.0 17507498.0 0.0 820.0 22830700.0 16587935.0 3152442.0 66.0 3602058.0 490.0 481234.0 89575.0
9266.0 323838.0 9399.0 3357416.0 45031224.0 47.0 1900773.0 87345.0 11982.0 16000710.0 337653562.0 6520944444.0 42549645.0 11088796.0 408334545.0 38.0 7368.0 26864473.0 2125920.0 3141799.0 0.0 536.0 1270300.0 3584846.0 608259.0 31.0 418704.0 230.0 54761.0 12711.0
9631.0 244779.0 11446.0 3953109.0 13840770.0 71.0 1635698.0 116785.0 20002.0 27099390.0 210208682.5 972159052.0 60793631.0 14361336.0 140304972.0 105.0 13678.0 18183579.0 1662271.0 5809199.0 0.0 1344.0 1284773.0 4547137.0 774783.0 60.0 691363.0 468.0 104126.0 33854.0
15747.0 3925101.0 38927.0 26194036.0 1663470709.0 74.0 31581799.0 3138588.0 105475.0 76999846.0 6861703307.5 601360675614.0 1724922612.0 85637318.0 16978279645.0 64.0 21268.0 2854052043.0 30308943.0 47136868.0 0.0 1022.0 663098835.0 93762282.0 19534111.0 62.0 27525811.0 667.0 2642257.0 255398.0
13761.0 2541994.0 29589.0 17214836.0 1271722191.0 56.0 19111184.0 1031609.0 77700.0 69382885.0 3984791302.0 583432963625.0 536024083.0 62312236.0 12606825349.0 83.0 19265.0 987811179.0 19950581.0 29152879.0 0.0 802.0 69027107.0 56337304.0 10837981.0 37.0 9396837.0 520.0 1109901.0 184349.0
9652.0 277121.0 11353.0 4272238.0 19264133.0 89.0 1777029.0 107444.0 18933.0 26438370.0 271222508.5 1504216116.0 70753956.0 14886326.0 180726702.0 63.0 16964.0 19526737.0 1796778.0 5939212.0 0.0 1236.0 981837.0 4684555.0 732837.0 78.0 613856.0 498.0 100401.0 29140.0
13516.0 2062518.0 30611.0 16658498.0 888030563.0 100.0 16516377.0 909550.0 97183.0 75542260.0 3322570862.5 359932469738.0 518974881.0 61473118.0 9213294688.0 64.0 27981.0 719084689.0 17308328.0 32404217.0 0.0 1806.0 49731566.0 58795290.0 9754446.0 150.0 9180767.0 1215.0 1223534.0 304702.0
11372.0 877254.0 18944.0 10360139.0 156484128.0 85.0 6793200.0 409861.0 44366.0 45958760.0 1320077853.0 26023431868.0 344028036.0 34462350.0 1633205065.0 41.0 18400.0 198224969.0 6851143.0 17014442.0 0.0 1254.0 13505320.0 21277240.0 3642039.0 77.0 3385327.0 775.0 483615.0 97260.0
10796.0 680643.0 15170.0 7784413.0 135285089.0 60.0 4749744.0 225250.0 28784.0 38929432.0 958147615.0 27637746964.0 175546981.0 26465731.0 1325670425.0 69.0 14005.0 100489796.0 5202029.0 10695789.0 0.0 840.0 4969012.0 12408295.0 2081479.0 53.0 1593484.0 408.0 203614.0 50469.0
11019.0 438451.0 19536.0 7921784.0 30025829.0 127.0 3919025.0 327844.0 53041.0 50308012.0 515595004.0 1995551552.0 192854213.0 31479701.0 365330589.0 109.0 28026.0 67014197.0 4332726.0 17834924.0 0.0 2536.0 6305651.0 15686263.0 2541057.0 201.0 2831209.0 1265.0 488540.0 139758.0
10674.0 779368.0 15548.0 7294015.0 211243882.0 82.0 4998646.0 204927.0 33818.0 33934988.0 1163366788.0 54299209373.0 147718778.0 24230849.0 1857570109.0 80.0 15925.0 84740356.0 5481869.0 10192627.0 0.0 1324.0 3128417.0 13901556.0 1658870.0 88.0 1505256.0 630.0 244124.0 72851.0
10237.0 557266.0 13058.0 6462838.0 78557496.0 54.0 3734297.0 236125.0 20918.0 28213037.0 713055413.0 9983089355.0 144488728.0 21172234.0 752647855.0 34.0 11337.0 84366971.0 4219313.0 8161809.0 0.0 800.0 14427741.0 8363891.0 1405248.0 44.0 1558777.0 304.0 130463.0 28587.0
13341.0 4535922.0 21904.0 16521501.0 2981153247.0 63.0 22686469.0 2165332.0 38438.0 36788495.0 6812348848.0 1.53426963832e+12 340184323.0 42410127.0 20699761696.0 23.0 17223.0 1363005600.0 19605228.0 15070128.0 0.0 1004.0 1090355976.0 40824853.0 6191186.0 68.0 11435173.0 515.0 427246.0 61427.0
10768.0 426149.0 16314.0 7387761.0 34589550.0 75.0 3430926.0 233236.0 38280.0 46644846.0 519907328.5 3074591995.0 167150260.0 27091673.0 384309756.0 134.0 15529.0 54458007.0 3644724.0 13600866.0 0.0 1532.0 3397922.0 12179968.0 1900515.0 62.0 1868962.0 639.0 306208.0 90089.0
10976.0 702954.0 18427.0 8523131.0 122936688.0 49.0 5445853.0 382884.0 45800.0 42433746.0 955612519.0 22319080034.0 203792605.0 30285199.0 1288764491.0 33.0 9046.0 148685396.0 5594262.0 15429866.0 0.0 794.0 14227850.0 17445942.0 3084277.0 45.0 3095689.0 463.0 406973.0 110999.0
12805.0 1473987.0 25994.0 14763333.0 393147259.0 82.0 12228959.0 934392.0 65427.0 62829823.0 2334975403.5 100795909931.0 488276415.0 53439778.0 4262614494.0 104.0 26806.0 588606909.0 12934449.0 27110667.0 0.0 1100.0 78046504.0 37164860.0 8026509.0 71.0 8235438.0 687.0 878728.0 151124.0
10487.0 604147.0 14112.0 6573685.0 109562841.0 41.0 4005126.0 237735.0 25268.0 30957576.0 795924094.0 19608881615.0 127378109.0 22099538.0 1006117640.0 33.0 11015.0 101000064.0 4118353.0 8636042.0 0.0 542.0 11566534.0 9792706.0 1705919.0 32.0 1589844.0 264.0 169608.0 42425.0
11721.0 1014145.0 20270.0 11643596.0 180906018.0 79.0 7944331.0 633216.0 45115.0 48690617.0 1558237833.0 27742198339.0 403716704.0 38922318.0 1896735819.0 69.0 22666.0 285345286.0 8506848.0 19533340.0 0.0 1028.0 53249846.0 22934790.0 4059905.0 81.0 5203365.0 605.0 529334.0 88313.0
10805.0 539148.0 16540.0 8171584.0 58692069.0 63.0 4208940.0 275488.0 37272.0 44461441.0 708210956.5 6541176661.0 209940416.0 28218293.0 618392450.0 65.0 15784.0 90639817.0 4136139.0 14180638.0 0.0 932.0 6108119.0 13783222.0 2365017.0 66.0 2187942.0 514.0 323246.0 80969.0
9785.0 335194.0 11464.0 4697624.0 32396752.0 52.0 2185350.0 116141.0 18019.0 26206065.0 365397781.5 3492071483.0 82686580.0 16145672.0 311848777.0 49.0 9618.0 28554924.0 2394665.0 5964359.0 0.0 804.0 1446766.0 5373782.0 835110.0 42.0 666394.0 311.0 99967.0 26561.0
9945.0 539504.0 12154.0 6180810.0 87690006.0 65.0 3412871.0 192614.0 20584.0 28914772.0 690610432.0 14360472288.0 135617162.0 18883348.0 765534719.0 88.0 14162.0 70682583.0 3257146.0 8046910.0 0.0 1086.0 5223347.0 8219282.0 1380403.0 77.0 1253307.0 420.0 168784.0 31832.0
12886.0 1050361.0 28732.0 14612198.0 193381910.0 98.0 10113725.0 661131.0 90375.0 77959364.0 1729963021.5 36523122471.0 504877681.0 58840728.0 2461640727.0 103.0 22683.0 308078861.0 12037253.0 32201989.0 0.0 1708.0 21868024.0 41930449.0 6920418.0 106.0 6836563.0 1077.0 995396.0 272196.0
12311.0 2142252.0 19850.0 12577646.0 1064002293.0 54.0 13505301.0 553456.0 38523.0 43144471.0 3257909051.5 464272856607.0 303108616.0 39584976.0 9138201693.0 33.0 9606.0 605900474.0 13385814.0 13459341.0 0.0 638.0 37803922.0 29860045.0 5688314.0 37.0 4166353.0 343.0 374234.0 70603.0
12084.0 3251627.0 17500.0 10522776.0 2513982694.0 65.0 15894204.0 256449.0 29429.0 27133683.0 4740761514.5 1.53948379499e+12 106933387.0 29894344.0 17716043554.0 93.0 14934.0 391344991.0 15856421.0 5703947.0 0.0 1126.0 7548990.0 28936448.0 2899849.0 63.0 1576829.0 462.0 165871.0 43964.0
14191.0 3428038.0 31022.0 18513419.0 1969279532.0 95.0 24237716.0 1599139.0 80658.0 60401580.0 5275613652.0 1.00965035228e+12 519477079.0 64555377.0 17912764725.0 100.0 27230.0 1779005008.0 22744704.0 26932965.0 0.0 1592.0 209997643.0 66879049.0 13036976.0 80.0 14176874.0 932.0 1476483.0 187898.0
10048.0 253082.0 13172.0 4399081.0 11686137.0 101.0 1803479.0 154621.0 24399.0 31831992.0 215863665.5 605647100.0 70214979.0 17357293.0 123449116.0 86.0 20843.0 21120892.0 1908144.0 7502710.0 0.0 1934.0 2043808.0 5150324.0 993952.0 126.0 981343.0 722.0 168374.0 41542.0
11108.0 542774.0 18641.0 8764904.0 52995130.0 76.0 4620219.0 341195.0 44887.0 50378613.0 719146066.5 5021240053.0 225187722.0 33217809.0 619557341.0 80.0 16445.0 95992387.0 5197028.0 16550453.0 0.0 1154.0 11643914.0 16131792.0 2740103.0 78.0 2880964.0 570.0 394631.0 101142.0
11268.0 407729.0 19765.0 7825106.0 24451946.0 154.0 3664951.0 281533.0 52510.0 54422877.0 472006312.0 1434188232.0 179226208.0 33035620.0 306073147.0 134.0 31538.0 55409826.0 4212034.0 16413217.0 0.0 2856.0 3865011.0 14913716.0 2325197.0 193.0 2424833.0 1355.0 413647.0 139150.0
9920.0 321046.0 13550.0 4944205.0 23447403.0 88.0 2363621.0 224901.0 28157.0 30977740.0 310863952.0 1926343662.0 84339936.0 18071438.0 242689924.0 70.0 19118.0 44928199.0 2168091.0 8941681.0 0.0 1572.0 5247160.0 6936132.0 1483226.0 121.0 1617408.0 613.0 244350.0 56293.0
12568.0 1219755.0 25209.0 13205246.0 308149905.0 106.0 10475672.0 602695.0 67413.0 63732921.0 1951302893.5 76319691975.0 427458245.0 50983143.0 3525876734.0 98.0 22303.0 366067470.0 12182976.0 23689793.0 0.0 2046.0 25078704.0 35229086.0 6470702.0 123.0 5725910.0 1057.0 721569.0 168085.0
11362.0 1006237.0 18046.0 10641900.0 194102613.0 83.0 7081885.0 590369.0 36369.0 40962606.0 1507654561.0 32834935535.0 353710347.0 32907672.0 1779458307.0 20.0 24004.0 271366980.0 6605049.0 17590852.0 0.0 866.0 50620846.0 18405512.0 3561394.0 76.0 4335623.0 435.0 460323.0 65090.0
12816.0 952004.0 31654.0 14541178.0 135064662.0 122.0 10082593.0 832123.0 120055.0 79055835.0 1471253181.5 19114314560.0 527235665.0 58838427.0 1854463336.0 173.0 28314.0 308613223.0 11072682.0 37955326.0 0.0 2552.0 30425862.0 49063885.0 7963792.0 180.0 9426093.0 1633.0 1515645.0 446332.0
10289.0 501295.0 14583.0 6912915.0 59319395.0 38.0 3607570.0 240155.0 32051.0 34940286.0 628571024.0 7058625483.0 163081974.0 22304275.0 581546684.0 38.0 9414.0 73913240.0 3415416.0 11552708.0 0.0 556.0 5520325.0 11253291.0 1784402.0 24.0 1778050.0 232.0 248484.0 73961.0
14264.0 3629943.0 31408.0 18614812.0 2368854296.0 76.0 24983810.0 1175879.0 84640.0 66910093.0 5602941184.0 1.35075634734e+12 558313079.0 66090851.0 21375279347.0 69.0 18496.0 1470486907.0 24656180.0 28342503.0 0.0 1514.0 106646897.0 72090775.0 12835720.0 83.0 10834835.0 907.0 1161392.0 212079.0
15604.0 4219725.0 38948.0 25389356.0 2159330173.0 58.0 32096231.0 3295039.0 111352.0 76627767.0 6917870924.0 990538066643.0 1147868756.0 81348021.0 20653609623.0 52.0 16801.0 3087477537.0 26892454.0 47609637.0 0.0 818.0 681372678.0 95850369.0 20610715.0 66.0 27885738.0 590.0 3349965.0 289573.0
15839.0 1991984.0 52442.0 29025087.0 354393558.0 156.0 23982780.0 2504048.0 229387.0 126594042.0 3878241758.0 54684314654.0 1777070681.0 110273768.0 5211173416.0 124.0 43750.0 1255279526.0 23987818.0 95021880.0 0.0 2834.0 166924954.0 129863288.0 22320683.0 249.0 31667862.0 2377.0 5336569.0 923667.0
15647.0 4449562.0 38945.0 24009853.0 2776628467.0 117.0 33718976.0 2011854.0 120816.0 78620177.0 7235158020.5 1.54411423887e+12 1103399096.0 85204653.0 26899516387.0 123.0 30680.0 2704353048.0 32999202.0 38695428.0 0.0 2200.0 296736361.0 108610095.0 19439939.0 119.0 19776729.0 1392.0 1876839.0 371340.0
13511.0 1208946.0 34976.0 16798538.0 258426711.0 183.0 12699170.0 856860.0 133498.0 95213957.0 1990469327.0 60121707253.0 601042991.0 70939586.0 3493018814.0 170.0 46006.0 413858842.0 15047195.0 43248336.0 0.0 4154.0 24202873.0 60885006.0 9936340.0 303.0 9909008.0 2218.0 1624508.0 499340.0
11633.0 852072.0 19972.0 10705809.0 144264934.0 68.0 6822306.0 436986.0 46193.0 51936018.0 1296680085.5 22873915286.0 321019684.0 38187759.0 1575818644.0 101.0 16440.0 198084763.0 7461517.0 17990232.0 0.0 1414.0 20649048.0 21239918.0 3847647.0 81.0 3626697.0 615.0 420739.0 99351.0
11155.0 559238.0 20189.0 9092183.0 59503573.0 95.0 4964695.0 355130.0 56296.0 52955155.0 735173940.0 7023793424.0 241457669.0 34475249.0 719066896.0 99.0 22384.0 98646360.0 5500344.0 19153996.0 0.0 1790.0 7156141.0 19642814.0 3073015.0 139.0 3152009.0 935.0 510053.0 153976.0
14153.0 2676883.0 32304.0 19516741.0 1213646289.0 85.0 21283401.0 1259621.0 95326.0 75691601.0 4435249723.5 508284783563.0 792765665.0 68455665.0 12409690639.0 118.0 22943.0 1255871660.0 21414044.0 34315725.0 0.0 1762.0 115759771.0 69885411.0 12928592.0 108.0 12329956.0 930.0 1340141.0 275002.0
11302.0 1349145.0 16955.0 11032192.0 412371293.0 38.0 8538842.0 477224.0 33568.0 39885121.0 2051949386.0 112642984038.0 349969868.0 31586629.0 3497457570.0 51.0 11332.0 366430619.0 7364711.0 14557476.0 0.0 482.0 36937252.0 20598480.0 3948142.0 18.0 3382840.0 305.0 326926.0 64600.0
10346.0 318459.0 16097.0 5884800.0 16561302.0 114.0 2635226.0 211872.0 39657.0 40728898.0 314891205.0 875087690.0 118410367.0 23517966.0 192827241.0 137.0 25683.0 34593912.0 2856217.0 11782301.0 0.0 2580.0 2718990.0 9972597.0 1583447.0 160.0 1651223.0 1135.0 284596.0 96853.0
10510.0 498835.0 14509.0 7325230.0 55769599.0 67.0 3633562.0 240457.0 29835.0 38858017.0 624414886.0 6767859415.0 173214926.0 23528013.0 560703009.0 54.0 15933.0 71585675.0 3436298.0 11951445.0 0.0 1012.0 5413883.0 11003980.0 1907172.0 54.0 1754914.0 469.0 248481.0 63261.0
9184.0 173422.0 9946.0 2814800.0 5622018.0 66.0 1042893.0 87652.0 16566.0 20161831.0 111169597.5 193530501.0 36470977.0 10090092.0 50643729.0 82.0 13376.0 8129074.0 1020044.0 4087698.0 0.0 1028.0 873116.0 2718856.0 415524.0 80.0 491175.0 488.0 82443.0 27941.0
14153.0 1777141.0 36750.0 19117224.0 553096336.0 120.0 17178859.0 1114837.0 129915.0 95579892.0 3044976135.0 172577016434.0 738582290.0 78241861.0 6795291097.0 161.0 28518.0 745691270.0 19390989.0 45311021.0 0.0 2488.0 52808370.0 72511568.0 13127213.0 155.0 12562221.0 1543.0 1805387.0 437921.0
11614.0 814395.0 20270.0 10062161.0 137252001.0 52.0 6526248.0 440291.0 45328.0 47987357.0 1222191671.0 22089253792.0 281658314.0 38175108.0 1512229540.0 92.0 10805.0 183617484.0 7626742.0 17493796.0 0.0 786.0 20928254.0 19344080.0 3656351.0 28.0 3598701.0 387.0 394220.0 89881.0
14482.0 2988255.0 33583.0 21056921.0 1122846878.0 57.0 23310572.0 2366900.0 89788.0 64225859.0 4998327939.5 357065335254.0 1125185585.0 69672059.0 11137482954.0 36.0 16697.0 1885837022.0 21947026.0 37236551.0 0.0 890.0 401485855.0 68382062.0 13407991.0 56.0 19957433.0 560.0 2245136.0 215946.0
13090.0 1581194.0 26256.0 16712677.0 402875105.0 93.0 12929503.0 938938.0 64722.0 66584318.0 2743192269.0 96658201024.0 737189216.0 56061133.0 4314441973.0 86.0 27046.0 583034543.0 12962210.0 31866147.0 0.0 1270.0 62612874.0 39961141.0 8319044.0 81.0 8201977.0 755.0 1012581.0 145614.0
14307.0 3873114.0 31498.0 16742985.0 3023693237.0 209.0 25257055.0 749098.0 94449.0 73221278.0 5668702913.5 1.95671282797e+12 314771174.0 63665077.0 26776260564.0 185.0 48386.0 985205032.0 26942831.0 23650676.0 0.0 4956.0 26659801.0 75095635.0 10359390.0 392.0 7511463.0 2824.0 981238.0 285966.0
14596.0 2802966.0 35493.0 21761412.0 1212566513.0 89.0 23282533.0 1531741.0 108370.0 81945550.0 4802946255.0 493418170817.0 995617194.0 77569308.0 12785766433.0 82.0 22569.0 1452878960.0 23049336.0 41554365.0 0.0 1494.0 154275624.0 80796222.0 15462543.0 81.0 15399718.0 1014.0 1715009.0 309991.0
10832.0 511601.0 17095.0 7929350.0 54018732.0 111.0 4133509.0 261515.0 42179.0 45013180.0 661733350.0 5909418280.0 197647914.0 28425116.0 596995815.0 110.0 24262.0 78965699.0 4315507.0 13922324.0 0.0 1806.0 4751527.0 14789560.0 2270216.0 167.0 2172784.0 971.0 335826.0 106041.0
12359.0 1157130.0 23621.0 12857650.0 265903760.0 117.0 9386006.0 684557.0 58599.0 58939879.0 1855381633.5 58696488804.0 376877304.0 47079741.0 2859726559.0 86.0 28333.0 345082964.0 10538178.0 23402416.0 0.0 1596.0 60282159.0 29549380.0 5416637.0 122.0 5807221.0 957.0 598473.0 137878.0
10586.0 916125.0 13837.0 7491114.0 274522158.0 32.0 5388443.0 191389.0 23762.0 28720802.0 1373703171.5 75281901905.0 158442422.0 22808100.0 2255828286.0 26.0 5952.0 115636744.0 5654414.0 8169108.0 0.0 428.0 5493360.0 11984099.0 1585084.0 14.0 1227055.0 172.0 145526.0 37996.0
10036.0 474496.0 13266.0 6343329.0 53006213.0 31.0 3302440.0 226958.0 25032.0 30741478.0 567134260.5 5802747539.0 149372167.0 20234522.0 508754710.0 17.0 8147.0 68781982.0 3189272.0 9733349.0 0.0 328.0 6159508.0 8987489.0 1589227.0 19.0 1602993.0 197.0 210438.0 43847.0
10462.0 551130.0 16133.0 6784946.0 67328175.0 53.0 4269060.0 329496.0 36705.0 31070514.0 668577344.5 7355740061.0 165190550.0 24500481.0 717185911.0 27.0 9526.0 105329224.0 4657709.0 11086362.0 0.0 634.0 15269163.0 12781776.0 2257750.0 43.0 2626313.0 400.0 300842.0 81993.0
10650.0 516580.0 15922.0 7473631.0 65853474.0 84.0 3889216.0 228088.0 34570.0 42438733.0 678739372.0 9309012232.0 172654754.0 26397332.0 684357236.0 93.0 19593.0 70698806.0 4061226.0 12533617.0 0.0 1472.0 3573675.0 12309947.0 2003757.0 90.0 1704138.0 628.0 273561.0 70679.0
10801.0 490641.0 15997.0 7307141.0 52746649.0 67.0 3800934.0 217744.0 31760.0 41422222.0 640947073.0 5678022795.0 166096767.0 27621623.0 590241017.0 86.0 13868.0 69893537.0 4535430.0 11233668.0 0.0 1062.0 4186667.0 11193742.0 1882220.0 43.0 1595682.0 485.0 215097.0 56036.0
11518.0 838540.0 20493.0 10316089.0 161208781.0 78.0 6769589.0 435283.0 53317.0 52412989.0 1238014887.0 31671448168.0 282218958.0 36709720.0 1736532914.0 74.0 21181.0 192660536.0 7061600.0 19324845.0 0.0 1084.0 13710164.0 22932540.0 3937226.0 119.0 3782213.0 666.0 520057.0 138670.0
9639.0 377602.0 11293.0 5272363.0 35697274.0 58.0 2388052.0 179534.0 18978.0 27746465.0 421785647.5 3330832047.0 99141745.0 16420448.0 312418269.0 40.0 12446.0 41776477.0 2156717.0 7648810.0 0.0 676.0 6939267.0 5913976.0 1071586.0 38.0 1118012.0 335.0 135009.0 29542.0
11297.0 1124823.0 17129.0 10327021.0 288387320.0 41.0 7624058.0 384960.0 33497.0 38706644.0 1729385581.5 67733488551.0 342321252.0 32150858.0 2645983099.0 33.0 12321.0 262099570.0 7511299.0 13703885.0 0.0 390.0 18178538.0 19095520.0 3498166.0 28.0 2880537.0 247.0 309630.0 60320.0
11847.0 793189.0 22741.0 11581221.0 111265550.0 60.0 6855806.0 598552.0 66139.0 58461335.0 1179423576.0 16167861905.0 347155534.0 40717789.0 1246295121.0 62.0 13477.0 189748106.0 6824863.0 25261355.0 0.0 924.0 28064548.0 26599328.0 4310806.0 63.0 5459441.0 542.0 770570.0 193774.0
11594.0 820107.0 19728.0 10500117.0 136281362.0 68.0 6510482.0 424483.0 44552.0 50870907.0 1241328695.0 21932174192.0 310577701.0 37621839.0 1477463651.0 43.0 20093.0 182754354.0 7129767.0 18422439.0 0.0 794.0 16633476.0 19766089.0 3675802.0 58.0 3490622.0 579.0 417322.0 93439.0
10689.0 527513.0 16985.0 7783230.0 57482383.0 128.0 4228999.0 332482.0 42399.0 43596612.0 649664811.5 6355629536.0 189906888.0 27187054.0 616643558.0 159.0 29518.0 99530548.0 4052021.0 14407965.0 0.0 2722.0 11888066.0 14667533.0 2488615.0 227.0 2748847.0 1342.0 369728.0 105068.0
9750.0 588783.0 10821.0 6307613.0 99119689.0 21.0 3469505.0 159752.0 16175.0 26088269.0 764754737.0 15837816066.0 147661138.0 17742090.0 815303105.0 39.0 7924.0 75997245.0 3093722.0 6809139.0 0.0 284.0 3812703.0 7373757.0 1381091.0 8.0 967046.0 103.0 108024.0 22510.0
12137.0 2005988.0 19542.0 12243768.0 972602420.0 89.0 12565303.0 470547.0 37864.0 44090370.0 3086150616.5 415425984630.0 314862538.0 38785433.0 8326264576.0 51.0 25166.0 490301627.0 12743969.0 13583200.0 0.0 1212.0 26861543.0 28595050.0 4931184.0 84.0 3529044.0 625.0 346915.0 65206.0
11392.0 843650.0 18666.0 9357662.0 168893717.0 95.0 6482522.0 348907.0 39978.0 43794694.0 1264264492.5 31742665469.0 253995946.0 34409223.0 1805856846.0 131.0 23277.0 182420221.0 7642086.0 13677447.0 0.0 1946.0 14083227.0 18474105.0 3133166.0 99.0 2767900.0 725.0 319816.0 74796.0
11891.0 770786.0 21615.0 11680626.0 97240338.0 87.0 6590509.0 499800.0 54899.0 59876424.0 1162142419.5 11941122541.0 365752620.0 41679658.0 1099695855.0 85.0 20135.0 184930909.0 6778178.0 23412079.0 0.0 1206.0 19339169.0 23469174.0 4175718.0 86.0 4336494.0 708.0 609110.0 133380.0
11771.0 2611427.0 17250.0 11237303.0 1678022035.0 32.0 13609980.0 351272.0 31415.0 32996982.0 3827642044.0 889637585253.0 209785448.0 31596410.0 12243467076.0 36.0 6407.0 447198668.0 12453737.0 9611465.0 0.0 376.0 12879286.0 27174045.0 3946030.0 29.0 2389091.0 213.0 253220.0 55173.0
12839.0 899637.0 30794.0 14702751.0 111814649.0 99.0 9475591.0 835420.0 106509.0 80267122.0 1390675355.0 13737899959.0 526752792.0 58649350.0 1532477026.0 131.0 23431.0 284938400.0 10375760.0 40086841.0 0.0 2292.0 28849971.0 43738354.0 7770294.0 116.0 9039277.0 1285.0 1441892.0 348079.0
13369.0 1347842.0 31970.0 17558395.0 266406351.0 97.0 13064823.0 1002395.0 104198.0 82567617.0 2324625555.5 50511126711.0 752150862.0 66184568.0 3349122496.0 107.0 27531.0 485697577.0 14237855.0 41266832.0 0.0 1522.0 59723079.0 54461108.0 9500469.0 94.0 10491988.0 1111.0 1482138.0 318941.0
11001.0 1163508.0 14742.0 7904158.0 452386958.0 71.0 6857761.0 188507.0 25004.0 32276630.0 1752401517.5 153459447243.0 142391991.0 24884341.0 3820004939.0 103.0 14804.0 133750230.0 7586990.0 7751962.0 0.0 1508.0 2959140.0 14373484.0 1882080.0 68.0 1183531.0 478.0 160594.0 38863.0
13065.0 1266493.0 31959.0 14999947.0 347598087.0 142.0 11613318.0 807861.0 120192.0 79416753.0 2077002355.5 99846615097.0 480455384.0 58302634.0 4041079074.0 227.0 30174.0 360414335.0 12558987.0 39118232.0 0.0 2654.0 22665786.0 52484586.0 7883069.0 187.0 8638936.0 1345.0 1621275.0 448380.0
10159.0 293549.0 13789.0 5193816.0 15325988.0 65.0 2193251.0 167372.0 28131.0 34951902.0 280519855.0 804286191.0 96145142.0 19579331.0 163102271.0 80.0 13027.0 29018663.0 2216738.0 8876343.0 0.0 1166.0 2354947.0 7029184.0 1182076.0 43.0 1203553.0 483.0 190511.0 55223.0
12698.0 1578507.0 24032.0 14699205.0 478435364.0 111.0 12158430.0 679371.0 55906.0 59126391.0 2652705200.5 136144631170.0 570610519.0 50369081.0 4886589294.0 107.0 27934.0 512608838.0 12821840.0 24298842.0 0.0 1650.0 38693601.0 35424261.0 6804003.0 183.0 5833425.0 868.0 663791.0 116204.0
12208.0 3309415.0 18347.0 12162939.0 2438127252.0 43.0 16949560.0 451442.0 34413.0 33718680.0 4731495576.0 1.46482171945e+12 157083255.0 34432829.0 17380125978.0 20.0 18910.0 683967058.0 15085845.0 8923755.0 0.0 438.0 27616377.0 32772403.0 4939841.0 25.0 3223294.0 281.0 287257.0 65107.0
12444.0 1555949.0 23454.0 13212229.0 537273800.0 98.0 11499414.0 698173.0 55352.0 57592936.0 2491104760.5 172626060416.0 341175341.0 47094502.0 5293411867.0 128.0 24669.0 473825220.0 12363722.0 21500890.0 0.0 1916.0 65606388.0 32402740.0 6136922.0 99.0 5696218.0 944.0 572310.0 120412.0
10963.0 319836.0 19952.0 5961128.0 16391774.0 154.0 2922367.0 265078.0 53616.0 47260728.0 301166381.5 1009601920.0 112520503.0 28790895.0 219408832.0 320.0 32968.0 39334772.0 3641546.0 13932612.0 0.0 3936.0 3149797.0 11417425.0 2034032.0 261.0 2211052.0 1518.0 412970.0 132834.0
10222.0 677354.0 12983.0 6372703.0 139360117.0 28.0 4170442.0 178909.0 21300.0 24559223.0 949446226.5 25597000526.0 149172367.0 20146421.0 1216325511.0 15.0 6166.0 86101228.0 4474214.0 7154917.0 0.0 218.0 4894008.0 9296241.0 1357465.0 12.0 1145047.0 129.0 138799.0 31563.0
15163.0 5319270.0 30988.0 21872858.0 3385069068.0 55.0 32105831.0 3468589.0 64166.0 48826817.0 8338246549.5 1.75973608118e+12 620292772.0 65299393.0 27279163149.0 38.0 21185.0 2735943691.0 29705213.0 24975330.0 0.0 652.0 1524490070.0 68315945.0 12800153.0 34.0 22536195.0 424.0 1251191.0 115183.0
10552.0 641436.0 15211.0 7673567.0 114373670.0 53.0 4580585.0 263004.0 32906.0 38232575.0 849328865.5 21449745797.0 174518371.0 24726926.0 1115917951.0 24.0 12107.0 110720371.0 4491669.0 11577846.0 0.0 710.0 7387090.0 13517356.0 2213673.0 55.0 1960474.0 457.0 268993.0 71006.0
9948.0 310213.0 12459.0 5222054.0 19261210.0 88.0 2156610.0 159116.0 22956.0 33195712.0 316061115.0 1207686220.0 96938617.0 18135353.0 192480008.0 45.0 18101.0 27196547.0 2221283.0 8175847.0 0.0 1432.0 3785137.0 6325129.0 963728.0 116.0 1042263.0 641.0 141271.0 41623.0
13334.0 1193523.0 32248.0 16012341.0 226347749.0 166.0 11980265.0 856322.0 110150.0 83217581.0 1990999515.0 41817791407.0 606981221.0 65190601.0 2996878403.0 223.0 40331.0 413845748.0 14288449.0 38542065.0 0.0 3586.0 36933796.0 51912715.0 8670735.0 231.0 9309628.0 1885.0 1353538.0 360794.0
16482.0 6215935.0 38929.0 26646361.0 4175931130.0 47.0 41995191.0 4071198.0 100832.0 69843544.0 9966336586.5 2.32454136768e+12 1079722583.0 85104995.0 36722222726.0 33.0 11442.0 4288034297.0 38213595.0 36166104.0 0.0 640.0 1593529691.0 108704864.0 21117800.0 30.0 31136296.0 472.0 2186149.0 252106.0
14432.0 3045340.0 33943.0 19206111.0 1347074392.0 89.0 23861027.0 2009076.0 98549.0 64941616.0 4774129664.0 512324370850.0 707994941.0 68550843.0 13740501010.0 28.0 22456.0 1625385781.0 24527249.0 31920509.0 0.0 1400.0 430086291.0 72920752.0 13989380.0 88.0 17814832.0 955.0 1539303.0 287874.0
12826.0 2438097.0 23349.0 15094356.0 1241672910.0 62.0 16124993.0 702438.0 54926.0 53755567.0 3791626600.0 565592940597.0 505395121.0 47262467.0 10881789122.0 50.0 15727.0 770318802.0 14949594.0 20214614.0 0.0 928.0 41900581.0 42390623.0 7857755.0 58.0 5944483.0 530.0 642258.0 124868.0
10841.0 661635.0 16953.0 8241609.0 108120414.0 46.0 5007300.0 301303.0 37218.0 41622088.0 894105864.5 18289372962.0 203271756.0 28780766.0 1132905612.0 55.0 11344.0 125384214.0 5219614.0 13261788.0 0.0 732.0 8227035.0 14902260.0 2672157.0 41.0 2306304.0 365.0 318471.0 76363.0
13860.0 2571500.0 31062.0 18055692.0 1277024330.0 80.0 19679685.0 1052100.0 89818.0 71519043.0 4098792225.5 586767478464.0 662925222.0 63778884.0 12681685447.0 47.0 19939.0 961740745.0 20072794.0 33612925.0 0.0 1094.0 60606624.0 63570746.0 11398389.0 75.0 10236562.0 714.0 1301903.0 248187.0
11248.0 615648.0 20407.0 9535409.0 68050280.0 75.0 5407425.0 410864.0 59656.0 51514003.0 823465590.5 7579936371.0 272630932.0 33826393.0 797720393.0 29.0 15773.0 125485298.0 5381997.0 19940984.0 0.0 1258.0 10478188.0 21814931.0 3458058.0 63.0 3774159.0 635.0 625646.0 172947.0
10642.0 608705.0 15131.0 7776876.0 87353652.0 71.0 4314577.0 261787.0 30647.0 37936779.0 826376659.0 12121485013.0 195411923.0 25615756.0 837843095.0 78.0 15240.0 102598000.0 4365600.0 11537052.0 0.0 1216.0 10174152.0 12314429.0 1913272.0 81.0 1958324.0 545.0 238571.0 58701.0
11240.0 587116.0 19739.0 8711657.0 68737361.0 113.0 5037320.0 363287.0 50654.0 49084175.0 765178675.0 8246826636.0 226288649.0 33349940.0 799423498.0 159.0 26756.0 117474083.0 5492837.0 17063426.0 0.0 2230.0 10457445.0 18118732.0 3130287.0 178.0 3118829.0 1092.0 457456.0 124959.0
10508.0 446597.0 15174.0 7132532.0 40561758.0 38.0 3396242.0 224094.0 32051.0 40815643.0 543957952.0 3851646501.0 163495719.0 24786137.0 429616390.0 41.0 8690.0 62248888.0 3396629.0 12069733.0 0.0 596.0 4125469.0 10805903.0 1837360.0 27.0 1660010.0 279.0 249271.0 65794.0
10668.0 706367.0 14806.0 7433474.0 153515735.0 45.0 4671828.0 219134.0 29465.0 34444120.0 1019884318.0 32871075554.0 157006992.0 24580917.0 1400428317.0 61.0 9379.0 102230049.0 5024576.0 9645266.0 0.0 720.0 7288219.0 12458819.0 1761438.0 34.0 1509158.0 272.0 195355.0 58267.0
10652.0 421710.0 16812.0 7410334.0 30392687.0 72.0 3439349.0 278632.0 41027.0 46264077.0 493906359.0 2127005472.0 171392633.0 26694188.0 335753896.0 59.0 15232.0 60783617.0 3330764.0 14719117.0 0.0 1156.0 6915800.0 12695743.0 2018632.0 60.0 2259718.0 556.0 348547.0 95817.0
11296.0 506997.0 20135.0 8858143.0 39685247.0 78.0 4532386.0 379504.0 53483.0 53270124.0 637126309.0 2906293413.0 232289570.0 34169114.0 482554348.0 80.0 17752.0 90171849.0 4869861.0 19190961.0 0.0 1248.0 10241923.0 17434824.0 2943031.0 86.0 3355497.0 739.0 526255.0 137801.0
9085.0 191391.0 8451.0 2669946.0 10706648.0 68.0 1045517.0 59738.0 10092.0 16500024.0 146230980.0 729758146.0 32385645.0 8977954.0 92529790.0 81.0 13881.0 9514233.0 1039378.0 2696555.0 0.0 1048.0 426983.0 1979191.0 368230.0 60.0 259320.0 315.0 37309.0 9987.0
10265.0 438961.0 13065.0 5610052.0 55488610.0 73.0 2993803.0 158930.0 20793.0 28968390.0 544671503.5 7199125991.0 106605405.0 20175314.0 555572451.0 37.0 14119.0 50941320.0 3506424.0 7341709.0 0.0 1040.0 3171829.0 6902725.0 1226726.0 65.0 990229.0 396.0 119812.0 28277.0
13526.0 1867136.0 29592.0 18093940.0 508776590.0 80.0 15574013.0 1391386.0 81258.0 70413953.0 3170708821.5 121274465096.0 774468024.0 61840296.0 5477497861.0 68.0 24069.0 850223716.0 15691347.0 35236790.0 0.0 1042.0 181485173.0 50469776.0 9743692.0 76.0 12524128.0 693.0 1279829.0 207798.0
14963.0 2989864.0 36640.0 21906805.0 1231482031.0 133.0 25341138.0 1925490.0 106295.0 78101653.0 5081635075.5 450783475001.0 1027950004.0 81169300.0 13434965398.0 131.0 36729.0 1838732338.0 26823861.0 38705358.0 0.0 2456.0 268782259.0 81408276.0 16388628.0 202.0 18678145.0 1455.0 1839082.0 285026.0
10366.0 497933.0 15059.0 7246954.0 48721163.0 63.0 3722289.0 312688.0 32600.0 36919833.0 603196504.0 4426793104.0 181821098.0 23128979.0 487569186.0 42.0 15349.0 87446612.0 3322912.0 13059706.0 0.0 998.0 10838427.0 11295910.0 2029001.0 62.0 2404226.0 524.0 339851.0 64961.0
12590.0 1364557.0 24730.0 14018981.0 384617505.0 82.0 11134677.0 597058.0 66561.0 63328188.0 2254862224.0 104976850670.0 491618200.0 49666483.0 4142820113.0 69.0 22334.0 399418045.0 12056069.0 24836843.0 0.0 1190.0 24321782.0 37329921.0 6446767.0 81.0 5570683.0 817.0 733149.0 174603.0
14757.0 2407369.0 38060.0 22433356.0 740410851.0 169.0 22412920.0 1799945.0 122450.0 88475462.0 4316515344.5 199215808123.0 1223359744.0 82851275.0 8855914896.0 213.0 45370.0 1350122178.0 24125813.0 47521176.0 0.0 3484.0 194735454.0 83693962.0 15871517.0 248.0 18959325.0 2151.0 2101700.0 366517.0
12266.0 1745078.0 22047.0 13344811.0 648217646.0 92.0 12425167.0 620633.0 50254.0 49353669.0 2714550842.0 222671851348.0 496587954.0 43114930.0 6121105366.0 39.0 24053.0 524101941.0 12482363.0 19483369.0 0.0 1480.0 35104223.0 33902788.0 6194816.0 84.0 5223687.0 757.0 577112.0 106448.0
10657.0 459735.0 17988.0 6578582.0 49433774.0 116.0 3931228.0 348502.0 44206.0 39702377.0 505477565.0 5999629157.0 131969494.0 26838568.0 587214237.0 161.0 24408.0 95144503.0 4213489.0 13129019.0 0.0 2352.0 9484494.0 12730229.0 2810061.0 145.0 2925353.0 973.0 443549.0 99146.0
9820.0 260513.0 12568.0 4485618.0 12328270.0 50.0 1833201.0 139748.0 23231.0 30150510.0 229513091.0 568973692.0 77120526.0 16613001.0 124472296.0 36.0 9099.0 21649342.0 1834657.0 7543256.0 0.0 754.0 1678376.0 5291867.0 948449.0 41.0 893361.0 332.0 143884.0 39130.0
14304.0 3296170.0 33279.0 18490386.0 2148560332.0 130.0 23797702.0 985879.0 108176.0 79453433.0 5044524362.5 1.22181323522e+12 487613753.0 68557664.0 20284545429.0 211.0 31884.0 1129476231.0 23924973.0 31721442.0 0.0 3020.0 46203988.0 79376414.0 12581014.0 174.0 10366745.0 1585.0 1402060.0 348342.0
10721.0 495928.0 15106.0 6400210.0 62100385.0 79.0 3654798.0 258097.0 26392.0 33756562.0 610485791.5 7856285417.0 126060150.0 24255416.0 654764981.0 51.0 15917.0 87154638.0 4181348.0 9331016.0 0.0 1070.0 9650736.0 8860390.0 1904960.0 90.0 1827848.0 498.0 205334.0 38966.0
14824.0 3525306.0 33494.0 21300941.0 1790726216.0 136.0 26924331.0 1688552.0 87503.0 69316582.0 5929456934.0 806221639374.0 1083553933.0 74081154.0 17632044335.0 197.0 37663.0 1953147706.0 28289928.0 31577254.0 0.0 2792.0 263867470.0 77954474.0 14377767.0 204.0 15596881.0 1464.0 1344655.0 209099.0
10893.0 540486.0 16833.0 7619070.0 63833034.0 87.0 4327341.0 271918.0 34700.0 41491253.0 714491993.5 7244253056.0 179409737.0 29422365.0 727517351.0 148.0 21569.0 93820649.0 5188197.0 12181979.0 0.0 1728.0 6938148.0 12647699.0 2408525.0 84.0 2108741.0 718.0 269237.0 64194.0
13888.0 1502556.0 33910.0 19511896.0 285202071.0 125.0 14929574.0 1314856.0 106757.0 87796884.0 2659115897.0 48438326828.0 898854053.0 73618788.0 3621785682.0 102.0 35951.0 658979404.0 16481060.0 45731726.0 0.0 2080.0 105885734.0 59275187.0 11156012.0 125.0 13884322.0 1452.0 1779202.0 300468.0
11618.0 1131318.0 18114.0 8825684.0 400374444.0 101.0 7775209.0 301095.0 35151.0 42096301.0 1684536499.5 128877223840.0 146165699.0 32009049.0 3904439358.0 127.0 20247.0 205783756.0 9153998.0 10837368.0 0.0 1876.0 8191021.0 18591987.0 3179294.0 90.0 2149719.0 773.0 270472.0 63160.0
13526.0 1111360.0 34864.0 16790960.0 190943299.0 171.0 11828982.0 897826.0 133055.0 92982751.0 1895239474.5 34844863602.0 628893355.0 71438833.0 2557576553.0 198.0 47518.0 377704424.0 14006517.0 43627240.0 0.0 3534.0 31784124.0 58466920.0 8821520.0 239.0 10505935.0 2297.0 1754076.0 486545.0
13830.0 3613750.0 27231.0 18385103.0 1907346085.0 54.0 23471688.0 1645842.0 62112.0 48872487.0 5698409083.0 845111475050.0 887924933.0 55253477.0 16217922141.0 52.0 12249.0 1865796033.0 21114476.0 23242935.0 0.0 690.0 352721140.0 57662023.0 10439080.0 54.0 12522780.0 496.0 979731.0 131966.0
10620.0 445708.0 14787.0 6623801.0 46796722.0 58.0 3258825.0 184868.0 27410.0 38121547.0 568352817.5 5122205205.0 138908159.0 24559343.0 492677406.0 54.0 13656.0 51681739.0 3763057.0 9958786.0 0.0 954.0 2729800.0 9108671.0 1535683.0 51.0 1268420.0 424.0 178960.0 46646.0
9548.0 406171.0 10670.0 4459562.0 63106218.0 58.0 2445842.0 117896.0 17666.0 21690550.0 475787645.0 10159472218.0 73909905.0 14248598.0 550423244.0 28.0 11068.0 33481430.0 2575262.0 5132971.0 0.0 726.0 2102623.0 5644724.0 747803.0 43.0 724101.0 363.0 105735.0 28074.0
10322.0 444039.0 14424.0 6253482.0 48980704.0 99.0 3300910.0 199757.0 28757.0 35795622.0 527995373.5 5534374054.0 129364003.0 22525141.0 520408044.0 90.0 20241.0 63245256.0 3631914.0 9298536.0 0.0 1974.0 5282929.0 9547040.0 1605842.0 157.0 1455588.0 761.0 190060.0 53277.0
10480.0 581324.0 13959.0 7570781.0 75487955.0 38.0 3922437.0 284476.0 25051.0 35648311.0 765215916.5 9447553410.0 186806384.0 23513313.0 699856290.0 17.0 8141.0 95821707.0 3694829.0 11423705.0 0.0 490.0 13374409.0 9916354.0 1862902.0 39.0 1920963.0 169.0 203337.0 42278.0
12897.0 1110715.0 29716.0 15088027.0 205406561.0 98.0 10607480.0 717770.0 104332.0 74385235.0 1875766111.5 36979717307.0 567842069.0 58057595.0 2533712903.0 88.0 27519.0 334607711.0 12087373.0 34270782.0 0.0 2708.0 29041358.0 47872386.0 6559482.0 121.0 7701874.0 1063.0 1187283.0 363623.0
12157.0 906629.0 24599.0 12452316.0 136800844.0 82.0 8029690.0 607111.0 69655.0 60606323.0 1426141937.0 19036748854.0 419299307.0 46935069.0 1596677955.0 65.0 20715.0 240964734.0 8922504.0 26382784.0 0.0 1388.0 29401182.0 30063891.0 5220214.0 78.0 5612445.0 891.0 785713.0 185221.0
13560.0 1375763.0 32363.0 16070955.0 342054131.0 121.0 13081949.0 987816.0 102108.0 86249678.0 2303365039.0 82535154265.0 493152182.0 67838284.0 4328969283.0 204.0 31058.0 464232343.0 16909253.0 36346118.0 0.0 2894.0 97153675.0 50539865.0 8813278.0 151.0 9835927.0 1380.0 1203934.0 300771.0
10167.0 476084.0 14141.0 6645173.0 48797554.0 44.0 3339471.0 254049.0 27920.0 32744494.0 583944046.0 4705738361.0 154248587.0 21978805.0 472517850.0 20.0 9906.0 64239071.0 3368089.0 10995971.0 0.0 394.0 9089758.0 9372228.0 1615442.0 37.0 1761318.0 281.0 222679.0 51344.0
14412.0 2327814.0 34341.0 20838830.0 730088032.0 70.0 19967758.0 2046360.0 92934.0 75324021.0 4015456281.5 211444780147.0 930340324.0 74998106.0 7972991139.0 38.0 23900.0 1317770754.0 20990654.0 42958020.0 0.0 932.0 283559741.0 61808346.0 13102997.0 45.0 18537926.0 624.0 2101609.0 216830.0
13216.0 1670690.0 29065.0 15517277.0 500478903.0 105.0 14215546.0 870944.0 88636.0 62470331.0 2767443059.5 140781396313.0 646723185.0 57814179.0 5612921653.0 148.0 26800.0 592762012.0 16252064.0 27993817.0 0.0 1724.0 60615233.0 51064190.0 8149245.0 132.0 8589602.0 1175.0 1005783.0 262136.0
10787.0 554010.0 17204.0 8745093.0 54267136.0 58.0 4531183.0 288264.0 44829.0 45699881.0 725549697.0 5119710801.0 253697405.0 28628727.0 594860040.0 77.0 11912.0 91365904.0 4315063.0 15860667.0 0.0 742.0 5277425.0 17314848.0 2384662.0 43.0 2488744.0 457.0 421826.0 114957.0
11605.0 477746.0 22238.0 8689054.0 36248104.0 155.0 4485596.0 377947.0 58830.0 58450493.0 594147920.0 2903914128.0 204240723.0 39091212.0 474321971.0 118.0 32059.0 82150705.0 5642151.0 20147055.0 0.0 2578.0 8071574.0 17095070.0 3144075.0 216.0 3357100.0 1238.0 522933.0 141685.0
13840.0 1007879.0 38623.0 17653791.0 132286542.0 150.0 11767507.0 965170.0 154907.0 105790769.0 1709202145.0 18292670397.0 667444452.0 80082326.0 1989559168.0 105.0 38914.0 334076103.0 14698414.0 53212090.0 0.0 3154.0 26982786.0 63323905.0 10060513.0 228.0 11657065.0 1742.0 2033884.0 588885.0
8927.0 336339.0 8005.0 3831937.0 38458980.0 31.0 1756420.0 113431.0 9030.0 17069900.0 348022047.0 4318334515.0 60621185.0 10630009.0 292959710.0 15.0 6125.0 31976750.0 1562485.0 3837282.0 0.0 306.0 4810331.0 2892413.0 547617.0 20.0 558777.0 140.0 48817.0 8373.0
10241.0 313269.0 14282.0 5249662.0 20196023.0 102.0 2328730.0 203242.0 29420.0 35449264.0 309974154.0 1529682486.0 89493922.0 20080354.0 215717561.0 108.0 20675.0 36145658.0 2409073.0 9349089.0 0.0 1756.0 4312147.0 7133649.0 1302641.0 137.0 1410287.0 708.0 217416.0 60122.0
10728.0 475993.0 17685.0 7343096.0 43028473.0 77.0 3966966.0 366741.0 42403.0 41761779.0 560384422.0 3810060398.0 172655619.0 27930608.0 483590814.0 53.0 15392.0 93434086.0 4075125.0 14924043.0 0.0 1228.0 11024944.0 13041088.0 2605090.0 62.0 3029296.0 657.0 451129.0 92078.0
10911.0 477271.0 17354.0 7774197.0 41468772.0 66.0 3863571.0 302976.0 39106.0 45120895.0 596776362.5 3560301128.0 183462832.0 29158303.0 460800899.0 71.0 16118.0 75004341.0 4135186.0 14814480.0 0.0 1178.0 7892580.0 12638435.0 2401606.0 75.0 2381817.0 419.0 345986.0 83514.0
9861.0 507621.0 11770.0 5616196.0 86369081.0 23.0 3084750.0 133428.0 20738.0 25894383.0 656159705.5 14742796498.0 114568539.0 17223343.0 731346260.0 28.0 5609.0 47325539.0 3085375.0 6776432.0 0.0 234.0 1824423.0 7751151.0 1007671.0 9.0 856169.0 127.0 129401.0 35311.0
11003.0 430787.0 18307.0 8075709.0 27474472.0 93.0 3702442.0 299802.0 46126.0 52646305.0 510434297.5 1633207417.0 193292750.0 30584810.0 323647390.0 46.0 21281.0 60104132.0 3932549.0 16921332.0 0.0 1472.0 6963982.0 14072724.0 2253370.0 94.0 2506639.0 826.0 420827.0 109189.0
11368.0 598205.0 19814.0 9627138.0 66247189.0 78.0 5194826.0 351661.0 51105.0 55244487.0 828508533.5 7665202406.0 261988815.0 35728735.0 786596617.0 99.0 17620.0 112000440.0 5645426.0 19069856.0 0.0 1426.0 7032999.0 19144410.0 3217471.0 88.0 3086036.0 704.0 478597.0 128647.0
11703.0 1450672.0 19686.0 11941309.0 425056964.0 57.0 10025479.0 802479.0 43228.0 44303253.0 2116302241.0 110899527816.0 345288530.0 36146264.0 3843951577.0 34.0 14795.0 529611725.0 8502516.0 17584112.0 0.0 762.0 89665838.0 25388053.0 5676697.0 59.0 6002127.0 469.0 569901.0 91507.0
10547.0 682263.0 14847.0 7609711.0 130360917.0 52.0 4685301.0 214332.0 31590.0 35227241.0 956054756.5 24565504552.0 191502324.0 24510179.0 1229457367.0 60.0 11204.0 96395746.0 4820204.0 10306289.0 0.0 1036.0 3986011.0 13501368.0 1936356.0 50.0 1607920.0 462.0 236222.0 68252.0
13787.0 1864851.0 33001.0 19974749.0 459031653.0 75.0 16724004.0 1557058.0 105266.0 77575630.0 3209365482.5 101975831234.0 956408138.0 66720570.0 5172310600.0 119.0 20036.0 898166403.0 15774074.0 43850305.0 0.0 1202.0 178518206.0 63493541.0 11607049.0 69.0 15283123.0 784.0 1761084.0 328605.0
